1098
0.000854518 0.011536
0.00225837 0.0471511
0.0120853 0.0745567
0.00234993 0.113437
0.0085757 0.139225
0.00412 0.167363
0.00885037 0.192816
0.00311289 0.222205
0.00155644 0.249184
9.15555e-05 0.277657
0.00860622 0.274545
0.00277718 0.317057
0.00161748 0.358348
0.0029603 0.388501
0.00332652 0.415113
0.0105594 0.445326
0.00909452 0.478652
0.00103763 0.510056
0.000457778 0.55388
0.00372326 0.588763
0.00180059 0.627552
0.00454726 0.665456
0.0122684 0.70925
0.00354015 0.733329
0.00564592 0.764489
0.0011597 0.804468
0.00415052 0.830927
0.00424207 0.868496
0.0111698 0.900601
0.0021363 0.964843
0.0237434 0.000274667
0.0226753 0.0292367
0.0332041 0.0550249
0.0329295 0.109073
0.0323191 0.21955
0.0273141 0.248421
0.0359813 0.274178
0.0298166 0.302103
0.0206915 0.338481
0.0269173 0.379772
0.0305185 0.405591
0.0240181 0.532304
0.0232856 0.569964
0.0226142 0.61272
0.0296945 0.689413
0.028016 0.750114
0.0314341 0.805658
0.0282907 0.879605
0.0236824 0.92288
0.0285043 0.950102
0.0233161 0.999084
0.0427564 0.0822169
0.0456252 0.141331
0.0400708 0.1948
0.0466018 0.331034
0.0421766 0.358409
0.0386364 0.432997
0.0435194 0.460799
0.0528275 0.550096
0.0489517 0.589099
0.0384533 0.718314
0.0523698 0.77926
0.0425733 0.831782
0.0452589 0.858333
0.0459914 0.902921
0.0501114 0.928922
0.0502029 0.982849
0.0628681 0.00244148
0.0641804 0.106265
0.071688 0.13303
0.0596026 0.165654
0.0628376 0.209906
0.0599383 0.249031
0.065157 0.278237
0.0625324 0.309244
0.068392 0.345042
0.055208 0.380596
0.0699789 0.440809
0.070925 0.470077
0.0561235 0.498459
0.0694906 0.611957
0.0578936 0.636158
0.0556352 0.669942
0.0547502 0.743431
0.0703452 0.819514
0.0652486 0.880825
0.0611591 0.957671
0.0803552 0.033784
0.0740989 0.0587176
0.0870998 0.090762
0.0857875 0.193182
0.0779443 0.230537
0.084933 0.261757
0.0872829 0.294717
0.0869472 0.322611
0.0850856 0.37669
0.0814234 0.404553
0.0848109 0.511643
0.0809351 0.538621
0.0894192 0.629353
0.0881069 0.661092
0.0784936 0.691214
0.0728172 0.724509
0.0778222 0.794671
0.0863674 0.839412
0.0874966 0.895505
0.0798669 0.925443
0.0860927 0.969634
0.0731834 0.995209
0.102939 0.00140385
0.106571 0.0686666
0.0973846 0.148747
0.099826 0.215674
0.10062 0.35313
0.101444 0.42204
0.0955535 0.452223
0.102878 0.478622
0.0918302 0.579333
0.106021 0.680135
0.104984 0.706412
0.093936 0.73983
0.0931425 0.770714
0.100467 0.81695
0.0949431 0.867092
0.100314 0.947172
0.100864 0.998077
0.123692 0.019715
0.108798 0.0408643
0.119816 0.0984832
0.108768 0.12241
0.112735 0.169225
0.120762 0.198828
0.108737 0.248604
0.116153 0.307474
0.12244 0.368084
0.114414 0.398633
0.124821 0.501389
0.113529 0.54677
0.121525 0.577197
0.112278 0.616413
0.11127 0.649373
0.119999 0.752556
0.115024 0.794427
0.119327 0.855129
0.117283 0.922361
0.118015 0.96765
0.143437 0.000274667
0.131657 0.0567034
0.141758 0.123692
0.128605 0.145848
0.140019 0.17835
0.127964 0.226386
0.138981 0.250313
0.128483 0.28367
0.131901 0.33842
0.139012 0.389355
0.130619 0.420118
0.131352 0.449354
0.141118 0.474532
0.135258 0.533311
0.139561 0.596393
0.138798 0.628834
0.132328 0.665059
0.138005 0.698935
0.136448 0.728599
0.141942 0.771905
0.141728 0.802881
0.13242 0.833155
0.131626 0.888333
0.143773 0.915708
0.134648 0.948271
0.130253 0.993957
0.155553 0.0380566
0.160405 0.0635395
0.151799 0.0881069
0.158025 0.15656
0.149785 0.203101
0.161443 0.23722
0.153966 0.312174
0.16071 0.359142
0.15949 0.417463
0.161901 0.446638
0.152745 0.512558
0.146397 0.560228
0.156468 0.681265
0.16071 0.713797
0.158605 0.837123
0.144993 0.859462
0.158391 0.893216
0.159825 0.997772
0.173131 0.0052797
0.169774 0.11475
0.162664 0.281991
0.170202 0.386578
0.169683 0.486404
0.162908 0.537767
0.180059 0.561052
0.17423 0.592456
0.168187 0.626179
0.165075 0.653493
0.168096 0.75515
0.170721 0.788781
0.174413 0.815638
0.175512 0.85696
0.172887 0.939207
0.166845 0.964965
0.192053 0.0853297
0.186682 0.17011
0.182257 0.198798
0.188116 0.237281
0.187658 0.265847
0.193304 0.302103
0.185125 0.334758
0.18598 0.409711
0.193396 0.438032
0.192938 0.535997
0.193213 0.668081
0.188116 0.713736
0.1901 0.740593
0.193487 0.770379
0.197516 0.826563
0.196173 0.877621
0.184057 0.9129
0.18659 0.991607
0.204718 3.05185e-05
0.204505 0.0310068
0.208472 0.0565203
0.199072 0.123203
0.20423 0.150822
0.209143 0.193182
0.214026 0.239875
0.199072 0.356151
0.206885 0.392407
0.198309 0.467788
0.19837 0.505173
0.213935 0.551622
0.203467 0.587939
0.199011 0.613056
0.216163 0.637654
0.213385 0.696432
0.214179 0.725974
0.214331 0.753685
0.20072 0.800195
0.204474 0.853084
0.201758 0.937132
0.202643 0.964049
0.213141 0.993133
0.230598 0.00784326
0.226966 0.0893887
0.232063 0.115146
0.23188 0.140873
0.216468 0.291269
0.226264 0.325419
0.227027 0.367626
0.224494 0.443983
0.222602 0.486618
0.21662 0.525712
0.226783 0.600848
0.224219 0.790063
0.230934 0.817438
0.227393 0.886807
0.21717 0.910367
0.227699 0.957213
0.239509 0.0650349
0.24012 0.188147
0.238624 0.213721
0.239845 0.245521
0.237556 0.2743
0.235328 0.399182
0.241401 0.464156
0.249886 0.497665
0.243171 0.533708
0.235694 0.567766
0.241249 0.624409
0.248543 0.649739
0.234565 0.675771
0.245186 0.699606
0.238533 0.744499
0.246437 0.858821
0.246071 0.91229
0.250374 0.971618
0.241249 0.997131
0.26603 0.0348521
0.259468 0.126469
0.252754 0.156835
0.267251 0.232093
0.263161 0.258461
0.265175 0.291696
0.254341 0.324595
0.252297 0.35432
0.259346 0.385998
0.252968 0.440474
0.269997 0.475997
0.267342 0.522507
0.259468 0.556505
0.261849 0.587481
0.258827 0.72869
0.254585 0.765099
0.258309 0.790368
0.256111 0.829981
0.254616 0.88638
0.255501 0.942808
0.272744 0.00695822
0.271218 0.0801721
0.284219 0.102176
0.283578 0.162114
0.272286 0.185675
0.281808 0.210578
0.28193 0.321848
0.282062 0.347668
0.277352 0.405072
0.277322 0.448378
0.284433 0.541673
0.278756 0.613178
0.274056 0.64626
0.271187 0.686392
0.279641 0.713919
0.28724 0.740745
0.286325 0.79049
0.288186 0.827998
0.277016 0.851802
0.281106 0.88113
0.280007 0.915586
0.287606 0.970214
0.282022 0.999786
0.296701 0.0167241
0.292886 0.056856
0.304514 0.0800195
0.297678 0.137761
0.291787 0.245033
0.29667 0.270669
0.290689 0.295572
0.293521 0.369516
0.295053 0.426374
0.299264 0.4626
0.288888 0.493423
0.300211 0.596332
0.305704 0.629749
0.299417 0.663076
0.299448 0.695273
0.300455 0.767663
0.293741 0.94351
0.320078 0.0299997
0.319864 0.0591754
0.309702 0.106082
0.316416 0.16834
0.311289 0.196509
0.31138 0.228065
0.31962 0.294076
0.308451 0.320109
0.319376 0.357494
0.312671 0.388765
0.31959 0.386883
0.323294 0.412315
0.321482 0.479171
0.309152 0.525803
0.313364 0.557268
0.314463 0.718711
0.320719 0.748039
0.317942 0.827876
0.30903 0.855861
0.307566 0.887478
0.309519 0.92349
0.308023 0.990203
0.325449 0.00396741
0.338054 0.0941191
0.325663 0.126072
0.34135 0.243599
0.327189 0.266488
0.336253 0.318125
0.327891 0.444227
0.327799 0.439375
0.326212 0.505234
0.333872 0.53325
0.32667 0.608112
0.339122 0.631855
0.326243 0.686178
0.341929 0.776269
0.325724 0.801935
0.33726 0.893429
0.338694 0.919553
0.327586 0.947874
0.338786 0.99295
0.350932 0.0119633
0.358165 0.0400403
0.350078 0.0675985
0.354198 0.126316
0.345439 0.150884
0.344859 0.183111
0.351817 0.21131
0.354137 0.267067
0.351329 0.295785
0.356639 0.340648
0.353557 0.394879
0.351817 0.425397
0.355174 0.462111
0.356395 0.504196
0.350475 0.555925
0.342906 0.58269
0.359722 0.610767
0.352397 0.668386
0.346995 0.722953
0.346416 0.748833
0.351604 0.833399
0.343516 0.858303
0.355663 0.940947
0.345836 0.967894
0.376629 0.00653096
0.367718 0.102237
0.371319 0.186193
0.36729 0.242988
0.373913 0.321055
0.36494 0.370464
0.374981 0.411847
0.374065 0.633808
0.364757 0.703116
0.373333 0.746391
0.367504 0.783441
0.371227 0.809168
0.374126 0.860439
0.365123 0.886898
0.377819 0.923338
0.370342 0.996826
0.391827 0.0270089
0.39082 0.0614948
0.394135 0.0950732
0.393231 0.135228
0.386059 0.162511
0.394787 0.198584
0.391308 0.231971
0.380718 0.273354
0.393872 0.299814
0.381573 0.350902
0.384655 0.441786
0.386303 0.469985
0.393933 0.4944
0.379681 0.51854
0.380474 0.547624
0.382977 0.573473
0.383465 0.600879
0.393475 0.653859
0.378643 0.676382
0.387005 0.715812
0.394665 0.763573
0.38197 0.834712
0.391705 0.895352
0.394238 0.944151
0.382611 0.967376
0.411603 0.00103763
0.414136 0.074984
0.410382 0.249336
0.410382 0.27842
0.403302 0.330576
0.403333 0.36494
0.396802 0.392956
0.401044 0.422193
0.41438 0.524247
0.408338 0.576708
0.412732 0.603839
0.402905 0.694296
0.408429 0.730888
0.405927 0.787469
0.407971 0.830836
0.408643 0.860378
0.407483 0.9223
0.413709 0.997223
0.419599 0.0315561
0.41614 0.102267
0.420667 0.128452
0.419629 0.161351
0.419874 0.189673
0.425275 0.217353
0.427259 0.308298
0.429914 0.35905
0.42378 0.385998
0.428694 0.411725
0.418836 0.441939
0.422193 0.486038
0.432264 0.542619
0.42552 0.626148
0.417066 0.665853
0.430677 0.705618
0.423383 0.753258
0.430219 0.809748
0.422926 0.897214
0.421155 0.945524
0.416028 0.970855
0.436384 0.00915555
0.448256 0.0344249
0.436964 0.0606098
0.444258 0.116672
0.44911 0.145116
0.445112 0.194678
0.441786 0.240974
0.440565 0.271828
0.441847 0.334788
0.448103 0.43788
0.441572 0.469466
0.442122 0.503922
0.44023 0.598559
0.444411 0.651143
0.442854 0.680258
0.440901 0.730399
0.435102 0.783441
0.433363 0.835231
0.435316 0.871059
0.446303 0.935758
0.442976 0.984222
0.464675 0.0013123
0.459883 0.0958586
0.462477 0.217719
0.456099 0.304392
0.467971 0.333934
0.461409 0.363323
0.456709 0.406018
0.467391 0.477554
0.456038 0.53328
0.458754 0.570086
0.458571 0.618915
0.465712 0.668447
0.465102 0.787225
0.461257 0.814325
0.45262 0.852077
0.462569 0.877743
0.45088 0.909238
0.481857 0.0271615
0.481002 0.065157
0.473159 0.127964
0.475082 0.154546
0.479598 0.198431
0.473464 0.242683
0.470168 0.274758
0.476882 0.388134
0.474929 0.425642
0.470077 0.506851
0.483261 0.554155
0.470107 0.594378
0.480667 0.632618
0.472945 0.708182
0.469802 0.740532
0.480667 0.765099
0.481399 0.842097
0.479965 0.901913
0.478835 0.902799
0.478652 0.935423
0.471175 0.972472
0.473769 0.999176
0.494064 0.00360118
0.488021 0.0673544
0.487014 0.0944243
0.499435 0.144047
0.503128 0.17243
0.496414 0.225227
0.499283 0.26957
0.488052 0.304392
0.486862 0.35136
0.503342 0.374981
0.490829 0.447096
0.495499 0.485885
0.50032 0.574755
0.492996 0.608783
0.489029 0.657277
0.487136 0.685354
0.495865 0.738182
0.494644 0.800256
0.492111 0.878628
0.493118 0.879116
0.503342 0.922941
0.504196 0.955321
0.510819 0.0230415
0.518296 0.0756554
0.506333 0.113681
0.507645 0.199988
0.515519 0.300851
0.507492 0.329112
0.505448 0.419385
0.522538 0.438795
0.519913 0.471328
0.509415 0.516648
0.519059 0.548326
0.520005 0.610858
0.511948 0.64037
0.512528 0.675436
0.508133 0.715751
0.509445 0.77749
0.511551 0.819666
0.510575 0.853816
0.518235 0.884793
0.504776 0.984466
0.533006 0.00851466
0.526505 0.0447707
0.532884 0.10062
0.526933 0.140599
0.536485 0.213202
0.534593 0.238868
0.5244 0.264016
0.540391 0.286416
0.535966 0.327799
0.524247 0.358867
0.536302 0.396771
0.532273 0.499619
0.539506 0.651662
0.537584 0.686453
0.534013 0.733879
0.535203 0.76635
0.53151 0.798303
0.534989 0.830989
0.532762 0.90817
0.534928 0.966002
0.547258 0.125156
0.541032 0.183996
0.555437 0.253822
0.555437 0.355358
0.54741 0.420515
0.555193 0.475967
0.54442 0.522935
0.54442 0.55266
0.541826 0.587146
0.554552 0.705832
0.540849 0.861843
0.544176 0.992004
0.571276 0.00320444
0.563585 0.0331431
0.56444 0.071749
0.560625 0.09888
0.574633 0.144566
0.562883 0.168432
0.561296 0.203284
0.568194 0.289315
0.563097 0.325205
0.560717 0.381146
0.573839 0.403363
0.559435 0.449782
0.562822 0.501083
0.570818 0.542619
0.57036 0.590136
0.567339 0.619404
0.568438 0.665365
0.561266 0.733116
0.565172 0.76754
0.56035 0.795953
0.560839 0.843074
0.569689 0.880398
0.564867 0.909513
0.559313 0.936705
0.563189 0.963897
0.589373 0.120548
0.593493 0.168676
0.593707 0.269112
0.593036 0.330424
0.585864 0.361125
0.594165 0.425245
0.582873 0.474227
0.584582 0.521104
0.592425 0.57036
0.590258 0.642018
0.578845 0.690603
0.591998 0.718467
0.586871 0.746544
0.592914 0.772362
0.592883 0.798883
0.583666 0.824213
0.593341 0.900601
0.589923 0.93112
0.578967 0.993957
0.596576 0.0252693
0.596149 0.0720237
0.612567 0.0928983
0.604236 0.144505
0.609729 0.194159
0.594897 0.216315
0.601428 0.243416
0.601794 0.29368
0.611866 0.384014
0.609882 0.462477
0.60448 0.543474
0.598285 0.668966
0.596149 0.868954
0.603107 0.980071
0.621418 0.000457778
0.621143 0.0438551
0.621601 0.121097
0.62569 0.172857
0.626575 0.21662
0.620594 0.273843
0.629048 0.302286
0.621632 0.329356
0.619678 0.357128
0.619251 0.411054
0.614826 0.488632
0.625446 0.51323
0.617267 0.579455
0.613422 0.611652
0.620502 0.650655
0.625233 0.675832
0.618274 0.717002
0.612903 0.748772
0.62981 0.776666
0.618091 0.811182
0.627033 0.841426
0.627766 0.875484
0.619129 0.957091
0.643086 0.0230415
0.636616 0.0750145
0.637959 0.10065
0.64095 0.149388
0.644185 0.19367
0.646687 0.221717
0.63213 0.251045
0.646321 0.344249
0.637837 0.381481
0.639424 0.455824
0.633351 0.549944
0.644612 0.573839
0.635517 0.597674
0.635365 0.626423
0.64745 0.651112
0.645192 0.694174
0.648091 0.817988
0.642262 0.912687
0.631733 0.995941
0.663961 0.00631733
0.664754 0.122623
0.659719 0.245766
0.650777 0.275643
0.661611 0.369213
0.654103 0.401715
0.651265 0.486099
0.654714 0.519761
0.663808 0.592883
0.663655 0.627186
0.650288 0.741172
0.662465 0.768365
0.656697 0.793786
0.65331 0.867397
0.652821 0.94116
0.649037 0.967833
0.668172 0.0315256
0.672353 0.0661946
0.677236 0.15128
0.667714 0.181005
0.67156 0.208045
0.672628 0.295846
0.669179 0.322886
0.683981 0.349467
0.683889 0.391736
0.670125 0.429853
0.677541 0.459731
0.675893 0.502701
0.676077 0.539659
0.680685 0.569933
0.668172 0.672842
0.678915 0.711417
0.683889 0.748131
0.678915 0.844996
0.676778 0.88113
0.679586 0.933958
0.693594 0.0396741
0.701041 0.0827967
0.701651 0.111759
0.701376 0.140812
0.702628 0.166387
0.685232 0.235115
0.687765 0.271187
0.701285 0.295694
0.700339 0.442763
0.698935 0.485427
0.700796 0.531022
0.692099 0.593707
0.693899 0.627796
0.691061 0.654592
0.698569 0.781487
0.68981 0.807916
0.697714 0.862636
0.701132 0.966002
0.690847 0.998627
0.704764 0.0149846
0.718619 0.207709
0.714255 0.235328
0.714286 0.267678
0.703085 0.32194
0.708731 0.368999
0.712485 0.396649
0.714652 0.505631
0.711081 0.671896
0.708548 0.725394
0.713157 0.759362
0.71926 0.814051
0.709616 0.83932
0.711539 0.887051
0.707816 0.91586
0.734306 0.0448012
0.726279 0.0699789
0.729301 0.119327
0.736656 0.150334
0.725272 0.178869
0.729545 0.313334
0.726188 0.348552
0.724631 0.419202
0.723106 0.457167
0.727195 0.534959
0.721091 0.562578
0.72219 0.591693
0.724113 0.618458
0.732658 0.643239
0.723258 0.695425
0.737022 0.72396
0.72515 0.782861
0.7369 0.833216
0.729331 0.867214
0.737083 0.9035
0.723045 0.93762
0.732139 0.962157
0.72573 0.995605
0.745811 0.0136723
0.75219 0.0895108
0.754936 0.116367
0.744072 0.199377
0.741203 0.235878
0.749504 0.262215
0.751762 0.293863
0.750969 0.334025
0.750175 0.362316
0.7416 0.389599
0.756188 0.420545
0.746055 0.444868
0.749962 0.475326
0.744743 0.510269
0.748619 0.556566
0.754448 0.620411
0.747124 0.667043
0.751579 0.701376
0.755608 0.750236
0.751213 0.930998
0.752159 0.995544
0.767296 0.0388195
0.766533 0.0673238
0.76812 0.143315
0.76751 0.189337
0.768365 0.215094
0.771661 0.242714
0.774682 0.273812
0.774346 0.450179
0.769616 0.53795
0.771355 0.580493
0.765587 0.647114
0.766961 0.723228
0.76046 0.776299
0.75988 0.809351
0.766808 0.858364
0.764458 0.956877
0.777612 0.00759911
0.792016 0.0870998
0.785089 0.118625
0.789117 0.157994
0.789666 0.298196
0.775353 0.323099
0.786706 0.347728
0.775567 0.372448
0.779168 0.400586
0.781426 0.481094
0.784844 0.50679
0.782159 0.608661
0.792505 0.647206
0.790124 0.689383
0.781945 0.744804
0.786767 0.78045
0.788781 0.809839
0.784692 0.836634
0.792444 0.869045
0.781091 0.897427
0.792535 0.927793
0.786767 0.974334
0.779168 0.998749
0.805841 0.0021363
0.795068 0.0314035
0.804926 0.17835
0.795465 0.213599
0.799463 0.264657
0.803278 0.327616
0.809168 0.368999
0.807184 0.397931
0.792962 0.424818
0.806726 0.465194
0.806665 0.49208
0.793634 0.556536
0.79928 0.588244
0.807367 0.617908
0.793695 0.715232
0.80694 0.998779
0.815241 0.0555742
0.812403 0.106937
0.814722 0.134526
0.823298 0.208625
0.827418 0.266488
0.822321 0.294748
0.817042 0.437269
0.814173 0.519944
0.820032 0.547288
0.818842 0.682638
0.81988 0.719352
0.82342 0.752373
0.825221 0.785516
0.819483 0.811731
0.813105 0.842677
0.815973 0.883938
0.813379 0.910367
0.815332 0.946165
0.813776 0.972442
0.832392 0.00457778
0.833613 0.0351268
0.83166 0.0823084
0.839503 0.119053
0.833949 0.160009
0.829707 0.323984
0.836482 0.368542
0.831355 0.406476
0.845973 0.4279
0.831416 0.477645
0.840846 0.514786
0.838099 0.576159
0.836665 0.613361
0.840022 0.702902
0.840632 0.833827
0.832759 0.861751
0.843898 0.904324
0.844111 0.950194
0.860683 0.00317392
0.863826 0.0664998
0.847865 0.188177
0.859249 0.21427
0.856258 0.273721
0.862819 0.299875
0.853023 0.340892
0.851833 0.389782
0.848933 0.455977
0.859951 0.480758
0.86108 0.531053
0.861141 0.602588
0.847682 0.637287
0.849452 0.677725
0.853267 0.726432
0.860317 0.752342
0.857204 0.779656
0.863796 0.870296
0.862911 0.967437
0.850246 0.992004
0.867305 0.0325938
0.869594 0.0950652
0.869686 0.12476
0.866359 0.155797
0.873318 0.181555
0.881832 0.22956
0.882107 0.320933
0.873745 0.421552
0.87402 0.449293
0.877346 0.502701
0.867031 0.576098
0.875301 0.630482
0.873104 0.665822
0.867763 0.699149
0.865749 0.816004
0.870327 0.842067
0.871517 0.897977
0.865749 0.924161
0.877682 0.996979
0.899716 0.0175787
0.890011 0.0710166
0.89996 0.0959502
0.900235 0.157689
0.889676 0.203711
0.896023 0.260475
0.8876 0.362682
0.884609 0.388256
0.887417 0.472762
0.884823 0.54741
0.889035 0.6086
0.89935 0.672018
0.884426 0.719108
0.887387 0.746544
0.888333 0.773827
0.896847 0.820124
0.900235 0.848933
0.895505 0.919004
0.88348 0.948119
0.913266 0.042848
0.91821 0.0703146
0.903134 0.122044
0.916196 0.198492
0.912229 0.233039
0.90582 0.290109
0.912107 0.319498
0.914975 0.376598
0.912717 0.416059
0.90582 0.494705
0.906034 0.52327
0.918119 0.548234
0.908078 0.574999
0.916776 0.605182
0.907712 0.638722
0.9082 0.69866
0.916623 0.726798
0.911466 0.791559
0.909329 0.88702
0.91876 0.930448
0.902188 0.973235
0.93054 0.0117801
0.930601 0.109104
0.934721 0.219031
0.919095 0.350352
0.921293 0.443617
0.931333 0.48088
0.936979 0.517106
0.933866 0.649373
0.933958 0.687674
0.926389 0.768883
0.924741 0.828822
0.923765 0.863186
0.936705 0.90463
0.921415 0.992279
0.944548 0.0663472
0.951048 0.134312
0.937986 0.159123
0.939756 0.188055
0.938597 0.246986
0.939421 0.272652
0.943693 0.298929
0.944151 0.329264
0.94586 0.363598
0.946532 0.425916
0.953215 0.452651
0.943999 0.544267
0.938536 0.585406
0.943815 0.619648
0.940275 0.713889
0.938383 0.745384
0.950072 0.78103
0.937346 0.950224
0.947478 0.99939
0.960509 0.000732444
0.957854 0.0314341
0.9588 0.0875271
0.969298 0.115452
0.965178 0.170812
0.960082 0.209632
0.96588 0.24601
0.966948 0.27308
0.972259 0.30961
0.965941 0.394116
0.962432 0.48085
0.963622 0.515427
0.969634 0.544542
0.965575 0.574755
0.962798 0.602588
0.964354 0.639668
0.958739 0.679769
0.968566 0.728629
0.968657 0.757897
0.968719 0.830805
0.959929 0.859096
0.972686 0.885281
0.964965 0.942381
0.962218 0.973388
0.98938 0.00299081
0.986785 0.0864284
0.979766 0.138798
0.975372 0.336985
0.976745 0.364849
0.978149 0.428663
0.987701 0.460128
0.987182 0.499069
0.990722 0.599353
0.987609 0.671285
0.98706 0.701285
0.975249 0.8034
0.973754 0.913083
0.984924 0.96173
0.991302 0.0326243
0.993286 0.0581072
0.999206 0.108768
0.997467 0.158757
0.998779 0.191717
0.996155 0.229011
0.995178 0.263466
0.99353 0.290323
0.999786 0.32197
0.999268 0.34901
0.996368 0.381268
0.99881 0.407208
0.997314 0.532975
0.995544 0.568743
0.995972 0.63393
0.997864 0.736106
0.995972 0.765923
0.998962 0.866604
0.997772 0.89874
0.995178 0.935179
0.99118 0.994751
