1100
0.00352107 0.00884655
0.011536 0.00665304
0.0179449 0.0334178
0.00559336 0.0626216
0.000762963 0.0884121
0.00848415 0.12534
0.0155644 0.162633
0.00317392 0.185339
0.0168767 0.22132
0.0021363 0.242714
0.00387585 0.268166
3.05185e-05 0.295999
0.00306977 0.327445
0.00570659 0.353497
0.0118862 0.352965
0.00692899 0.374827
0.00460829 0.424909
0.000915555 0.456893
0.00750755 0.483169
0.00540178 0.512497
0.000152593 0.538285
0.0179047 0.564893
0.00265511 0.595447
0.00106815 0.636128
0.00805689 0.663045
0.0116276 0.717399
0.00643941 0.756401
0.000549333 0.789026
0.00634785 0.831904
0.00431003 0.871483
0.00433363 0.899228
0.00979644 0.939741
0.00277718 0.984741
0.0318003 0.0679342
0.0346843 0.0944853
0.0340281 0.254921
0.0260323 0.286508
0.0347606 0.334178
0.0339243 0.362524
0.0209662 0.402936
0.0307098 0.451493
0.0347785 0.474591
0.0334788 0.531053
0.0327158 0.594775
0.023133 0.618458
0.0199286 0.686239
0.0270394 0.740928
0.0286569 0.814631
0.0328684 0.855892
0.0273446 0.975494
0.0393994 0.011475
0.0385449 0.0113224
0.0386364 0.125858
0.0405896 0.154118
0.0402234 0.189825
0.0447096 0.223518
0.0504914 0.278194
0.0489212 0.378964
0.0490274 0.401663
0.0447707 0.429762
0.0365001 0.505417
0.0537299 0.548414
0.0438246 0.633991
0.0385449 0.66277
0.0478835 0.687338
0.044557 0.713126
0.0499283 0.764916
0.0494095 0.832392
0.039613 0.890927
0.0389416 0.934141
0.0475478 0.999451
0.0707419 0.0125431
0.0557268 0.0350047
0.0606403 0.0613727
0.0715659 0.143559
0.0683004 0.171514
0.0691549 0.207007
0.0698874 0.241188
0.0569749 0.300657
0.0596332 0.326121
0.0664083 0.330149
0.0714508 0.383949
0.0704672 0.442976
0.0560243 0.468985
0.0640889 0.500107
0.0603961 0.604419
0.068453 0.651875
0.0571306 0.737419
0.0571917 0.807306
0.0645772 0.884854
0.056856 0.912046
0.067568 0.942747
0.0579852 0.975799
0.0844447 0.0448012
0.0773644 0.0902432
0.0731529 0.117588
0.0816675 0.276131
0.0791789 0.302518
0.0789819 0.35786
0.072674 0.412359
0.0826746 0.470901
0.0726035 0.528245
0.0747703 0.583117
0.0803552 0.6292
0.0740684 0.689657
0.0808435 0.757042
0.0757469 0.789087
0.0778527 0.826075
0.0724815 0.854701
0.0842006 0.911618
0.0898898 0.956378
0.0765709 0.995575
0.0951262 0.00408948
0.102481 0.0255745
0.0999481 0.070101
0.0960112 0.12891
0.0963164 0.176153
0.0968047 0.204688
0.0966216 0.232887
0.100406 0.321818
0.104953 0.348155
0.0973846 0.378918
0.100894 0.445082
0.096469 0.499283
0.099826 0.532487
0.102786 0.558611
0.102817 0.617054
0.100711 0.648946
0.0954314 0.674032
0.100986 0.699973
0.10361 0.729301
0.106998 0.760125
0.0972625 0.80462
0.105533 0.833827
0.0983611 0.859096
0.0987579 0.888821
0.105869 0.928373
0.117496 0.0498672
0.11597 0.099704
0.1142 0.154027
0.12598 0.189734
0.108829 0.265114
0.121677 0.295022
0.124699 0.329814
0.124027 0.368877
0.116459 0.396405
0.119266 0.42317
0.115146 0.469588
0.125034 0.517838
0.109226 0.584857
0.123203 0.712546
0.124393 0.815943
0.121403 0.902432
0.125401 0.951537
0.110599 0.973632
0.130222 0.00412
0.136876 0.0316782
0.141424 0.0621517
0.143329 0.0910999
0.127232 0.125584
0.142491 0.213752
0.130955 0.249428
0.143254 0.396954
0.131779 0.448256
0.138371 0.49205
0.14185 0.551439
0.140782 0.597461
0.13422 0.62627
0.134648 0.655782
0.126286 0.686392
0.127934 0.74218
0.130924 0.788781
0.13773 0.870601
0.137486 0.922605
0.140721 0.979827
0.160805 0.0740449
0.156377 0.143376
0.149083 0.169378
0.159032 0.19306
0.146886 0.273476
0.147801 0.301157
0.144719 0.350169
0.145573 0.426771
0.156896 0.526292
0.160588 0.618274
0.160222 0.645405
0.159276 0.674856
0.155492 0.743767
0.161351 0.7846
0.155034 0.811304
0.149419 0.838862
0.16126 0.959746
0.162633 0.00354015
0.178747 0.0249031
0.166509 0.0491348
0.166788 0.0991785
0.174535 0.165929
0.170995 0.216498
0.171087 0.24424
0.169317 0.363506
0.176708 0.388778
0.171331 0.422163
0.162664 0.468612
0.164953 0.498398
0.167425 0.55562
0.166021 0.592242
0.17832 0.693319
0.177007 0.729118
0.179571 0.761528
0.169408 0.875088
0.164434 0.920042
0.17539 0.983612
0.191089 0.0876802
0.191839 0.079989
0.186102 0.124027
0.19524 0.194971
0.189825 0.264748
0.182195 0.307474
0.190008 0.335582
0.196173 0.365612
0.197607 0.410565
0.189459 0.440931
0.195807 0.49678
0.187567 0.531663
0.193518 0.564989
0.197455 0.593127
0.187445 0.616596
0.185888 0.658101
0.193731 0.795099
0.186529 0.855922
0.186682 0.907498
0.185491 0.936979
0.207434 0.00790429
0.214026 0.0325938
0.202557 0.0558384
0.214179 0.131016
0.205695 0.155461
0.202612 0.235603
0.215522 0.264931
0.205451 0.290628
0.210608 0.319987
0.209479 0.468032
0.215094 0.661061
0.203467 0.70336
0.205084 0.73159
0.20893 0.759209
0.207129 0.817499
0.212195 0.848598
0.209967 0.881588
0.211913 0.994334
0.211866 0.996417
0.232551 0.0686666
0.21775 0.104526
0.229035 0.183063
0.229713 0.238777
0.218207 0.350017
0.224525 0.405621
0.233528 0.435102
0.222846 0.497726
0.227729 0.523331
0.230311 0.561555
0.233345 0.587268
0.230354 0.615284
0.225196 0.687429
0.231239 0.781457
0.22187 0.905576
0.219108 0.934915
0.220466 0.970275
0.243263 0.00943022
0.240388 0.0366238
0.243049 0.092288
0.243416 0.127506
0.243538 0.159001
0.237739 0.213385
0.250465 0.264748
0.242286 0.290841
0.250009 0.322177
0.250313 0.350963
0.238441 0.374157
0.239448 0.461562
0.24958 0.504044
0.235084 0.645039
0.236763 0.721854
0.239845 0.749687
0.234748 0.814173
0.236244 0.840022
0.239387 0.882473
0.245282 0.931165
0.248054 0.965636
0.23838 0.999786
0.265694 0.0252693
0.265755 0.0563066
0.263874 0.111716
0.264573 0.141973
0.25547 0.182409
0.266396 0.211646
0.260567 0.238472
0.267769 0.382397
0.255684 0.405805
0.265725 0.46144
0.264931 0.533616
0.260384 0.561876
0.268288 0.602039
0.259316 0.626148
0.263863 0.660543
0.256508 0.699759
0.269723 0.741722
0.259835 0.77401
0.269753 0.840358
0.268014 0.905423
0.267006 0.98703
0.282785 0.00134281
0.288308 0.0696738
0.270528 0.0891594
0.277596 0.164129
0.284097 0.251381
0.275552 0.277139
0.277474 0.343364
0.282388 0.404218
0.271401 0.489944
0.286996 0.547777
0.282632 0.576067
0.281167 0.682638
0.270974 0.801447
0.273293 0.880062
0.277505 0.959227
0.306284 0.0451979
0.292611 0.101932
0.303934 0.159551
0.290262 0.224281
0.296579 0.307901
0.306162 0.33311
0.291818 0.368938
0.300607 0.422346
0.289376 0.512742
0.295907 0.606586
0.28898 0.640828
0.30314 0.669637
0.304025 0.667409
0.30427 0.702414
0.291696 0.725181
0.298868 0.751305
0.297189 0.834681
0.295419 0.866298
0.297128 0.906186
0.290201 0.935179
0.304727 0.997742
0.312021 0.0202338
0.321482 0.0748924
0.307382 0.123997
0.317148 0.200903
0.314035 0.235572
0.312113 0.282052
0.323008 0.365947
0.308786 0.39491
0.320872 0.438673
0.317454 0.47145
0.314463 0.507309
0.310678 0.536607
0.315287 0.565722
0.313578 0.630299
0.320109 0.726432
0.310678 0.784295
0.311319 0.811762
0.308725 0.970794
0.315134 0.967009
0.334819 0.00338755
0.329478 0.110202
0.332636 0.178788
0.339335 0.22483
0.34135 0.262246
0.334574 0.396557
0.341288 0.485336
0.337748 0.523667
0.336854 0.550912
0.333201 0.605609
0.334483 0.680135
0.334178 0.749931
0.340922 0.775384
0.329783 0.866481
0.324961 0.911649
0.328593 0.940672
0.336344 0.994629
0.348949 0.00228889
0.345866 0.030427
0.349101 0.0584735
0.352184 0.0926237
0.345378 0.130711
0.343691 0.157999
0.353069 0.195502
0.355663 0.286599
0.343028 0.341594
0.355693 0.375286
0.354396 0.378001
0.359416 0.404065
0.345225 0.452071
0.344096 0.579363
0.344005 0.631214
0.349803 0.7275
0.343883 0.804376
0.342418 0.841273
0.349162 0.883755
0.352458 0.916562
0.356435 0.944286
0.348643 0.970336
0.374554 0.0383007
0.376965 0.117038
0.367962 0.174474
0.366527 0.220832
0.360668 0.317606
0.373333 0.340251
0.361827 0.429609
0.367443 0.468917
0.36079 0.502213
0.368633 0.526597
0.362957 0.552904
0.377026 0.587329
0.373547 0.617969
0.378216 0.661428
0.36906 0.700339
0.36198 0.757591
0.368175 0.78988
0.371319 0.823511
0.368297 0.862941
0.374065 0.893216
0.373424 0.996765
0.378643 3.05185e-05
0.378613 0.0877102
0.378826 0.150975
0.390637 0.18836
0.396069 0.225135
0.384228 0.261513
0.380749 0.299875
0.384808 0.367901
0.391766 0.393475
0.390545 0.421186
0.388562 0.449232
0.392743 0.552843
0.390667 0.686758
0.378643 0.724631
0.394482 0.745811
0.392804 0.870815
0.379589 0.931303
0.382855 0.959655
0.401532 0.0140996
0.404553 0.0464492
0.399335 0.0714744
0.408277 0.119114
0.413984 0.151677
0.411939 0.251808
0.40144 0.284188
0.403485 0.321299
0.410779 0.363933
0.397412 0.478256
0.397382 0.524186
0.400769 0.605121
0.397473 0.63329
0.412122 0.701163
0.398389 0.774682
0.396588 0.813013
0.398114 0.84582
0.405194 0.895199
0.406812 0.92407
0.404942 0.939492
0.414441 0.971282
0.401807 0.997223
0.425855 0.00338755
0.424909 0.0670186
0.416425 0.209784
0.426121 0.301936
0.424085 0.337443
0.431257 0.386792
0.42088 0.410528
0.414624 0.409772
0.42024 0.457595
0.416974 0.501846
0.423719 0.530961
0.431288 0.560564
0.419996 0.587817
0.414899 0.661275
0.415876 0.729759
0.422524 0.791345
0.428205 0.835963
0.426862 0.879727
0.429517 0.947905
0.448836 0.0336924
0.442091 0.0949736
0.444136 0.126652
0.437056 0.170843
0.448531 0.201819
0.449141 0.228828
0.438246 0.270913
0.44969 0.34257
0.444241 0.412586
0.440422 0.435527
0.446516 0.503647
0.440687 0.607746
0.440779 0.634449
0.442335 0.661153
0.439467 0.709525
0.449599 0.733573
0.441969 0.763817
0.444319 0.814081
0.434156 0.906857
0.446944 0.985107
0.452395 0.0047579
0.453719 0.151524
0.462477 0.259499
0.466343 0.29041
0.462304 0.310735
0.457595 0.316874
0.458724 0.367382
0.46263 0.393445
0.459731 0.468581
0.451796 0.53267
0.457564 0.558
0.465438 0.649617
0.462233 0.695608
0.456862 0.791131
0.451552 0.848384
0.462203 0.898343
0.458174 0.926847
0.472274 0.0227363
0.479629 0.0487686
0.485153 0.0759606
0.47615 0.127262
0.470901 0.175207
0.474899 0.200415
0.486567 0.317889
0.468673 0.421674
0.484481 0.46202
0.473006 0.57915
0.477432 0.622059
0.474624 0.72045
0.471358 0.749931
0.484085 0.787316
0.470016 0.82458
0.477645 0.865871
0.475478 0.997131
0.496414 0.00622578
0.502274 0.0322886
0.502518 0.103092
0.489822 0.156224
0.503555 0.20426
0.49031 0.234596
0.490127 0.263955
0.487259 0.345134
0.489975 0.375378
0.490646 0.402814
0.498154 0.438398
0.486831 0.492965
0.498093 0.528031
0.491287 0.557573
0.492599 0.598834
0.491928 0.664571
0.497116 0.706137
0.500198 0.734764
0.502884 0.762963
0.496506 0.835719
0.491317 0.895077
0.492904 0.920621
0.490036 0.95117
0.496017 0.976409
0.514389 0.0661946
0.50557 0.133732
0.509201 0.174017
0.513901 0.287667
0.507923 0.312718
0.515427 0.34022
0.519639 0.369671
0.518326 0.406323
0.508866 0.576983
0.505905 0.636006
0.511612 0.681295
0.511216 0.789666
0.514481 0.815699
0.515702 0.856777
0.521226 0.883541
0.518937 0.951781
0.52324 0.00439466
0.52916 0.00735496
0.536912 0.0472121
0.527146 0.0935087
0.530839 0.0992767
0.531099 0.125802
0.525407 0.149968
0.534745 0.188452
0.524644 0.233528
0.525101 0.260811
0.539232 0.284402
0.53328 0.316721
0.524674 0.441389
0.538072 0.468703
0.53383 0.502274
0.534227 0.528611
0.529221 0.557695
0.535264 0.583148
0.525498 0.610309
0.529862 0.645405
0.540056 0.707297
0.53264 0.758965
0.524155 0.923978
0.530808 0.995331
0.555467 0.00192267
0.550462 0.0780358
0.558017 0.104157
0.551408 0.152074
0.552477 0.21897
0.552843 0.252937
0.558183 0.324473
0.542039 0.348125
0.552507 0.373791
0.552446 0.418622
0.553728 0.548143
0.55269 0.622883
0.554369 0.655013
0.546068 0.679586
0.544176 0.73336
0.550462 0.792871
0.543687 0.835871
0.558489 0.876186
0.554888 0.91052
0.551866 0.942595
0.543657 0.972228
0.55739 0.999176
0.565264 0.0514542
0.563646 0.0525529
0.575786 0.146496
0.561235 0.186163
0.576434 0.2425
0.576434 0.276376
0.575823 0.305673
0.568316 0.455214
0.564196 0.482131
0.572578 0.528234
0.562151 0.579302
0.576312 0.602863
0.574053 0.67159
0.571413 0.669149
0.560015 0.760674
0.572832 0.821039
0.575243 0.851894
0.573107 0.965423
0.586993 0.00201422
0.579333 0.0299997
0.59093 0.0837428
0.58858 0.123081
0.588672 0.180792
0.578539 0.21424
0.59331 0.332865
0.580065 0.355266
0.578265 0.382397
0.579028 0.408216
0.593036 0.481429
0.580112 0.504343
0.579028 0.557329
0.577715 0.632923
0.577776 0.696829
0.578295 0.726249
0.586077 0.751274
0.578211 0.78953
0.579211 0.891568
0.580706 0.918149
0.585711 0.997406
0.588305 0.996643
0.598285 0.0542619
0.595477 0.155858
0.604114 0.20127
0.603931 0.238838
0.609918 0.266673
0.600024 0.295175
0.610218 0.354808
0.600513 0.426527
0.596942 0.455
0.603595 0.523911
0.598773 0.583422
0.611927 0.61858
0.606098 0.669393
0.603778 0.696432
0.604083 0.725333
0.608692 0.770409
0.595602 0.796752
0.599389 0.796552
0.597797 0.82992
0.603076 0.859096
0.611621 0.888485
0.598712 0.938169
0.600391 0.971313
0.619373 0.0268563
0.618213 0.0719626
0.620258 0.0990326
0.615406 0.13187
0.625355 0.169591
0.628426 0.226256
0.625507 0.304544
0.622486 0.331217
0.625477 0.411115
0.627522 0.512864
0.616108 0.557085
0.627949 0.743461
0.629048 0.838069
0.618543 0.921039
0.616286 0.996334
0.647755 0.00207526
0.636524 0.200537
0.632801 0.254158
0.641904 0.282353
0.642506 0.348766
0.63332 0.38551
0.633168 0.44673
0.634022 0.474837
0.642201 0.549791
0.632954 0.593493
0.638661 0.643696
0.631672 0.669851
0.633473 0.71688
0.6339 0.782373
0.641011 0.809809
0.633839 0.874386
0.634686 0.903973
0.642262 0.931639
0.632099 0.966185
0.641272 0.990433
0.658284 0.0295419
0.649281 0.0580767
0.650105 0.0852687
0.649495 0.110904
0.650899 0.147954
0.655812 0.178899
0.650295 0.229531
0.661519 0.263405
0.662893 0.304178
0.66393 0.330851
0.661428 0.369793
0.654615 0.417093
0.662374 0.455336
0.660878 0.481826
0.655446 0.508835
0.655812 0.576647
0.653188 0.615589
0.665517 0.665731
0.656667 0.690207
0.653554 0.747246
0.660634 0.780877
0.657033 0.858241
0.665853 0.903775
0.656187 0.956225
0.680013 0.00833155
0.675954 0.102084
0.67513 0.130314
0.669301 0.204627
0.677664 0.237098
0.68157 0.280862
0.676107 0.393078
0.675549 0.424719
0.684469 0.498764
0.675527 0.536607
0.68102 0.580798
0.678701 0.60683
0.678213 0.643513
0.684332 0.695181
0.681967 0.723868
0.678396 0.757103
0.674154 0.804041
0.675649 0.838282
0.675497 0.875912
0.667196 0.993316
0.690573 0.0715659
0.701346 0.129734
0.693197 0.154515
0.69274 0.187017
0.694601 0.214759
0.695395 0.303323
0.700217 0.343699
0.693442 0.372051
0.700949 0.399915
0.694998 0.45439
0.70101 0.518784
0.694709 0.55376
0.701926 0.824305
0.701132 0.883602
0.694815 0.91583
0.685163 0.944028
0.694998 0.998566
0.707205 0.00418104
0.713034 0.0299387
0.719535 0.0844447
0.720511 0.158879
0.707083 0.252632
0.718802 0.284646
0.709006 0.425703
0.717215 0.471236
0.716483 0.591418
0.703116 0.618854
0.704947 0.657521
0.711447 0.684774
0.712058 0.722678
0.707236 0.751305
0.715934 0.780786
0.704215 0.850459
0.714286 0.934477
0.722648 0.227729
0.722465 0.311014
0.722434 0.362072
0.728019 0.400311
0.72837 0.446866
0.726554 0.501846
0.733177 0.554277
0.736259 0.614734
0.726646 0.639332
0.735017 0.665019
0.732353 0.746544
0.724294 0.807299
0.737724 0.829463
0.724693 0.871334
0.728202 0.904874
0.723106 0.960723
0.722678 0.993286
0.747917 0.00622578
0.741783 0.0484939
0.751061 0.0727561
0.740959 0.11185
0.743889 0.14832
0.740593 0.194403
0.738975 0.265389
0.744285 0.292611
0.754875 0.317423
0.745903 0.345164
0.744011 0.376507
0.748527 0.422987
0.753319 0.456313
0.751427 0.509201
0.752342 0.535783
0.739402 0.580157
0.749443 0.700888
0.744072 0.776635
0.745903 0.8858
0.744159 0.977039
0.748115 0.998917
0.763817 0.100101
0.765252 0.162969
0.766411 0.195318
0.766808 0.237922
0.768914 0.280526
0.767785 0.405957
0.771111 0.482711
0.768151 0.559465
0.764397 0.610981
0.758354 0.649434
0.763207 0.678152
0.767693 0.746422
0.76989 0.778191
0.760735 0.803949
0.767693 0.83169
0.76397 0.85696
0.766259 0.908139
0.766655 0.950652
0.771844 0.985076
0.780236 0.00195318
0.77752 0.0399487
0.7893 0.139592
0.790063 0.224067
0.789392 0.264534
0.779212 0.305187
0.788328 0.325164
0.777551 0.372295
0.789819 0.424635
0.778283 0.525162
0.783837 0.636769
0.791864 0.683432
0.778375 0.708243
0.792474 0.732292
0.786157 0.810205
0.79284 0.86813
0.789453 0.896054
0.786889 0.935118
0.808557 0.00418104
0.796319 0.0604266
0.803369 0.0870998
0.800012 0.167882
0.80282 0.197394
0.795221 0.351207
0.795495 0.39201
0.800378 0.479659
0.809015 0.520341
0.796136 0.546434
0.801874 0.609333
0.803827 0.654836
0.809748 0.764
0.796319 0.837642
0.794806 0.962081
0.798791 0.993927
0.812647 0.0382702
0.826014 0.0690329
0.828425 0.111545
0.815455 0.144475
0.820856 0.222694
0.821375 0.251381
0.81402 0.280282
0.819025 0.305704
0.818689 0.331919
0.820276 0.370067
0.820978 0.413221
0.820032 0.453688
0.812342 0.578661
0.827479 0.705832
0.820795 0.738823
0.814081 0.791009
0.827509 0.818445
0.819178 0.8905
0.818537 0.922636
0.822993 0.967467
0.828578 0.999268
0.840907 0.00271615
0.841487 0.0350352
0.844142 0.0901212
0.839503 0.202368
0.845149 0.230628
0.846217 0.362377
0.840358 0.396466
0.843623 0.438276
0.834071 0.497726
0.832972 0.531144
0.829005 0.558519
0.830348 0.602527
0.83694 0.627155
0.843074 0.655904
0.834162 0.843165
0.844539 0.876064
0.84405 0.901944
0.842718 0.944199
0.852565 0.0656148
0.854091 0.120853
0.855068 0.14835
0.849635 0.270547
0.848689 0.296976
0.858241 0.320963
0.856502 0.517228
0.853389 0.550584
0.857936 0.590869
0.857524 0.684454
0.856899 0.726432
0.864132 0.7575
0.847774 0.779168
0.863155 0.813685
0.85873 0.9241
0.847072 0.979003
0.866909 0.0171514
0.880551 0.0545061
0.877773 0.0856654
0.867977 0.21543
0.865017 0.24778
0.871822 0.358959
0.868923 0.387188
0.866817 0.419507
0.867031 0.450819
0.871578 0.484054
0.878994 0.53853
0.874477 0.565142
0.865139 0.635426
0.878888 0.664816
0.880062 0.701926
0.88113 0.778283
0.871059 0.843959
0.867183 0.888058
0.867946 0.997253
0.893735 0.00320444
0.900601 0.0992462
0.884884 0.13477
0.887905 0.176885
0.890561 0.202734
0.896542 0.23072
0.899411 0.260323
0.88583 0.289315
0.888119 0.33253
0.900815 0.440809
0.89227 0.466231
0.88873 0.504196
0.886776 0.602741
0.890988 0.736412
0.900204 0.80108
0.897397 0.838801
0.887966 0.863033
0.885963 0.917194
0.886105 0.952147
0.890683 0.9794
0.907102 0.0299081
0.905515 0.0631123
0.907071 0.150548
0.911863 0.187414
0.916257 0.285134
0.91525 0.323191
0.91348 0.350169
0.904355 0.384655
0.90585 0.411023
0.91522 0.50734
0.917478 0.545183
0.910886 0.578021
0.905484 0.629261
0.904355 0.656972
0.905606 0.687887
0.9176 0.763695
0.913419 0.858913
0.918485 0.923185
0.916013 0.956694
0.909024 0.999268
0.926054 0.002472
0.926389 0.103702
0.926908 0.129643
0.92175 0.213538
0.933988 0.26249
0.930509 0.386578
0.92996 0.455123
0.934233 0.488876
0.931852 0.600696
0.931639 0.642964
0.925443 0.704428
0.919736 0.735435
0.92761 0.788202
0.927793 0.815455
0.920194 0.890316
0.943846 0.0342723
0.940367 0.0595721
0.939425 0.165164
0.940825 0.16773
0.937529 0.234474
0.945219 0.330241
0.946318 0.361782
0.941923 0.4138
0.939238 0.517441
0.946989 0.541826
0.938322 0.566118
0.948698 0.621143
0.950377 0.672262
0.952116 0.735374
0.94406 0.762932
0.95172 0.796991
0.944517 0.845882
0.948302 0.899503
0.940611 0.9447
0.944914 0.972808
0.971679 0.0196844
0.967803 0.0457472
0.959136 0.0853603
0.957793 0.123356
0.962676 0.149724
0.962493 0.183905
0.962249 0.216651
0.961455 0.244026
0.967681 0.271706
0.958312 0.301828
0.971435 0.330821
0.95955 0.389446
0.967528 0.414319
0.959655 0.460707
0.96292 0.492172
0.972655 0.527116
0.966185 0.56212
0.958342 0.644826
0.971618 0.700766
0.970305 0.77871
0.970645 0.854517
0.970305 0.883847
0.968078 0.933988
0.960265 0.999878
0.987732 0.0699789
0.989776 0.225166
0.989746 0.254677
0.988189 0.291116
0.978942 0.361766
0.986908 0.45558
0.982269 0.584521
0.98114 0.610157
0.979186 0.668935
0.990783 0.71807
0.980041 0.741905
0.973144 0.81933
0.981597 0.910642
0.988098 0.968322
0.997894 0.0158696
0.995819 0.0447096
0.992615 0.100955
0.993286 0.133793
0.998749 0.159307
0.993438 0.316324
0.998108 0.344432
0.999756 0.377514
0.993347 0.404279
0.994995 0.43141
0.992645 0.480972
0.995422 0.509049
0.996735 0.542741
0.99472 0.644917
0.997864 0.677206
0.997232 0.769416
0.997977 0.77239
0.993799 0.793741
0.998474 0.827967
0.997894 0.867061
0.996338 0.936216
