1088
0.000335704 0.00305185
0.00540178 0.0608539
0.00689718 0.100772
0.00686666 0.127293
0.0118717 0.155675
0.00347911 0.195837
0.00286874 0.229804
0.0154424 0.275521
0.00552385 0.305826
0.00347911 0.338572
0.00387585 0.368114
0.0160833 0.401776
0.00061037 0.422132
0.000488296 0.448256
0.000244148 0.474105
0.00567644 0.502243
0.000976592 0.548143
0.00888089 0.573565
0.0142827 0.598804
0.00451674 0.669027
0.0127262 0.705435
0.00302133 0.74575
0.002472 0.789178
0.000335704 0.815607
0.00195318 0.843013
0.000671407 0.875149
0.00451674 0.912229
0.00128178 0.971343
0.00286874 0.998321
0.0360118 0.00842311
0.0236824 0.0313425
0.0225227 0.0806299
0.0357982 0.105716
0.028779 0.203589
0.0312204 0.247322
0.034608 0.294107
0.0309763 0.320566
0.0309763 0.3661
0.024659 0.431074
0.0232856 0.460463
0.0299997 0.487197
0.021424 0.526383
0.0304575 0.555162
0.0327158 0.639515
0.0355235 0.670888
0.02472 0.731162
0.0354625 0.766472
0.0292978 0.791284
0.0316172 0.823878
0.0299081 0.850856
0.0289315 0.877041
0.0189215 0.947722
0.0273446 0.981841
0.037965 0.0524613
0.0512101 0.0750755
0.0370495 0.142186
0.0373241 0.169408
0.0530717 0.194952
0.0479141 0.224555
0.0492569 0.396527
0.0534684 0.430097
0.0505692 0.458754
0.0504166 0.530595
0.0525224 0.58742
0.050264 0.694052
0.0513932 0.740989
0.0415967 0.906705
0.0455031 0.933348
0.0484939 0.95883
0.0485244 0.996948
0.0637837 0.00305185
0.056093 0.03296
0.0699484 0.0571917
0.0552995 0.122776
0.0627461 0.26194
0.0647603 0.299051
0.0556352 0.332743
0.071688 0.353465
0.068453 0.512558
0.0582293 0.555284
0.0644856 0.621082
0.0604572 0.650838
0.0669881 0.7181
0.0629597 0.764916
0.063448 0.792352
0.0577715 0.819147
0.0622578 0.846736
0.0574969 0.878536
0.0693991 0.975585
0.0831019 0.0286874
0.0743431 0.0888699
0.0780358 0.153081
0.0769066 0.178777
0.0899686 0.20542
0.0751976 0.229438
0.0895108 0.279824
0.0813318 0.319437
0.0888089 0.381603
0.0733665 0.405683
0.0825526 0.447493
0.0800195 0.483749
0.0848109 0.548601
0.084872 0.58211
0.0875271 0.643879
0.0746483 0.678732
0.089114 0.762932
0.0851466 0.813898
0.0899686 0.852138
0.0887173 0.999115
0.104953 0.0153203
0.100101 0.0570391
0.107395 0.103763
0.0908536 0.123356
0.104404 0.160314
0.102878 0.227454
0.106174 0.256264
0.106723 0.298929
0.103732 0.338206
0.0956145 0.420881
0.105411 0.46202
0.0936918 0.507401
0.10654 0.533128
0.0944853 0.60976
0.10007 0.667287
0.0913419 0.702292
0.0951872 0.73751
0.102603 0.786248
0.095706 0.906339
0.0945463 0.932981
0.103458 0.969207
0.123997 0.0367138
0.121372 0.0771508
0.114628 0.136845
0.119114 0.365307
0.111759 0.398999
0.114597 0.486068
0.108524 0.55858
0.121158 0.646687
0.116245 0.688681
0.114322 0.717307
0.11597 0.755577
0.111911 0.810694
0.115146 0.841548
0.114017 0.867214
0.119266 0.893429
0.12363 0.933836
0.119266 0.997742
0.12711 0.000335704
0.128025 0.183355
0.143803 0.231483
0.140019 0.272469
0.132084 0.328898
0.135136 0.411573
0.127842 0.446577
0.140873 0.481948
0.142857 0.574114
0.126621 0.596698
0.132145 0.623157
0.137455 0.668722
0.138462 0.7257
0.140904 0.763939
0.128483 0.788568
0.138737 0.876003
0.139103 0.911527
0.129215 0.96939
0.146153 0.0573748
0.157964 0.0804773
0.146489 0.11182
0.144627 0.139317
0.152745 0.174932
0.150639 0.200598
0.162145 0.256783
0.15894 0.303964
0.15128 0.347118
0.150395 0.372662
0.160619 0.442305
0.146092 0.52208
0.145634 0.547807
0.149876 0.645375
0.159673 0.698874
0.156011 0.784936
0.146306 0.8193
0.150304 0.844569
0.154973 0.966948
0.144292 0.990967
0.173345 0.00805689
0.168859 0.0417493
0.173467 0.150304
0.178899 0.190252
0.173162 0.220862
0.177923 0.285806
0.178228 0.347179
0.169164 0.402295
0.165441 0.468581
0.165654 0.505448
0.179571 0.535569
0.168249 0.562883
0.173528 0.58977
0.178167 0.616321
0.167089 0.67333
0.172521 0.729575
0.164525 0.753777
0.175237 0.823328
0.169439 0.866726
0.165105 0.89877
0.16364 0.93701
0.178808 0.957732
0.188787 0.0668355
0.181188 0.116245
0.193518 0.16895
0.187262 0.242714
0.180731 0.320322
0.18244 0.426374
0.196265 0.461409
0.18421 0.487503
0.197485 0.564287
0.197821 0.598285
0.184423 0.649495
0.191443 0.749596
0.18482 0.783624
0.188879 0.884457
0.185888 0.923032
0.181127 0.985473
0.200903 0.000457778
0.204169 0.0353099
0.21366 0.0604877
0.201422 0.0968352
0.201239 0.140141
0.21543 0.19776
0.206244 0.221534
0.214454 0.24955
0.202368 0.27604
0.200293 0.302133
0.204382 0.334361
0.202582 0.361797
0.205267 0.402203
0.214789 0.481277
0.20426 0.522416
0.212165 0.625202
0.213935 0.652028
0.200354 0.689108
0.198645 0.714988
0.210913 0.793512
0.209601 0.825892
0.198309 0.857112
0.211249 0.9635
0.205725 0.996521
0.226508 0.00543229
0.229163 0.0974761
0.229255 0.163549
0.23191 0.21839
0.226905 0.28724
0.229774 0.313028
0.230811 0.353435
0.224006 0.3802
0.231025 0.405713
0.219855 0.434156
0.233802 0.46382
0.229041 0.511307
0.2313 0.558214
0.222358 0.582965
0.2266 0.674337
0.226508 0.705954
0.21894 0.732231
0.217109 0.762505
0.223243 0.873531
0.22599 0.905728
0.230354 0.937986
0.247688 0.0248726
0.24659 0.0545366
0.251473 0.0813318
0.251625 0.112217
0.240089 0.138157
0.249306 0.192206
0.23661 0.263314
0.248451 0.331187
0.250282 0.380016
0.247871 0.440718
0.241188 0.488723
0.240059 0.610462
0.242347 0.649068
0.24955 0.744865
0.25193 0.772301
0.239998 0.798883
0.234809 0.830225
0.2472 0.857082
0.245277 0.964873
0.240944 0.994659
0.264779 0.161107
0.261971 0.217811
0.264718 0.256264
0.258126 0.293619
0.263985 0.419172
0.259865 0.468612
0.258278 0.514725
0.261361 0.579546
0.258187 0.628986
0.265542 0.661336
0.26249 0.698508
0.269997 0.723014
0.269051 0.818903
0.256844 0.882962
0.259438 0.909146
0.256691 0.939299
0.267922 0.998566
0.273843 0.0224006
0.281655 0.0475478
0.28721 0.0726951
0.2772 0.0981475
0.28251 0.133335
0.279611 0.192907
0.286081 0.283547
0.280313 0.341624
0.285806 0.367107
0.276467 0.391766
0.275826 0.444685
0.287881 0.469008
0.28019 0.498367
0.276559 0.540208
0.286843 0.577441
0.28666 0.641682
0.282296 0.768761
0.284921 0.797113
0.279397 0.865291
0.284158 0.916257
0.271981 0.961241
0.298135 0.00885037
0.303659 0.105747
0.294565 0.157781
0.288461 0.24131
0.289438 0.316935
0.30607 0.408063
0.300394 0.434339
0.293313 0.610706
0.302927 0.669576
0.293466 0.700644
0.303568 0.743309
0.302652 0.818934
0.302225 0.84698
0.293008 0.89114
0.294443 0.947264
0.289376 0.97998
0.314707 0.0383007
0.320811 0.0736412
0.310556 0.133335
0.307627 0.180547
0.315378 0.240822
0.316538 0.272164
0.315775 0.32194
0.312204 0.355022
0.322214 0.459304
0.307199 0.489303
0.32075 0.513627
0.31019 0.540208
0.320048 0.59621
0.315043 0.629139
0.317515 0.690512
0.321879 0.720878
0.311319 0.772118
0.323283 0.803522
0.311869 0.90878
0.309458 0.997497
0.335795 0.013947
0.329203 0.0994293
0.336253 0.129124
0.331645 0.158666
0.328806 0.200446
0.332133 0.294778
0.341716 0.345347
0.324412 0.38847
0.33726 0.437605
0.338786 0.479293
0.3343 0.553667
0.3296 0.66509
0.339305 0.773888
0.326853 0.879696
0.327189 0.961425
0.341868 0.993805
0.344584 0.0641194
0.359752 0.100925
0.342967 0.228553
0.356365 0.285012
0.350475 0.314951
0.35725 0.385968
0.349742 0.520249
0.343852 0.580432
0.344493 0.607715
0.346629 0.633778
0.350261 0.681417
0.347636 0.717215
0.346477 0.743339
0.350414 0.804926
0.350414 0.849055
0.359081 0.894803
0.343272 0.937529
0.355174 0.963439
0.363475 0.000671407
0.363903 0.0426344
0.374493 0.0736106
0.363506 0.13358
0.367199 0.167241
0.36375 0.252998
0.369213 0.336528
0.372997 0.362682
0.37373 0.412397
0.37138 0.437941
0.364971 0.464187
0.362712 0.497574
0.363628 0.560442
0.373943 0.622517
0.377819 0.727531
0.366588 0.828547
0.368175 0.868862
0.369152 0.939177
0.367443 0.998169
0.385083 0.109653
0.390637 0.145695
0.379131 0.190619
0.383068 0.232582
0.381146 0.274941
0.385601 0.314432
0.38728 0.485183
0.385083 0.519578
0.391919 0.553758
0.380871 0.579363
0.395703 0.639668
0.378643 0.665853
0.390515 0.695669
0.38084 0.75515
0.390759 0.780602
0.395123 0.828028
0.392102 0.88467
0.378826 0.914151
0.38316 0.977111
0.399579 0.0132145
0.399213 0.0446486
0.402783 0.084933
0.397076 0.172491
0.40727 0.213416
0.4073 0.246162
0.406873 0.275765
0.41438 0.3202
0.396893 0.339335
0.403729 0.366497
0.403912 0.393261
0.397382 0.436354
0.407178 0.460738
0.408002 0.501144
0.409284 0.572863
0.401715 0.606403
0.412641 0.670309
0.401776 0.73629
0.40669 0.802759
0.402936 0.861415
0.407788 0.92175
0.400586 0.954772
0.404553 0.992401
0.42378 0.00100711
0.42317 0.0330515
0.430158 0.0594501
0.419202 0.115207
0.4167 0.148442
0.429884 0.176794
0.430067 0.230354
0.415723 0.418317
0.431989 0.453475
0.423475 0.533677
0.431349 0.586016
0.415418 0.704306
0.420179 0.780084
0.421644 0.824213
0.429456 0.87109
0.416059 0.894375
0.424665 0.941923
0.432417 0.988708
0.449171 0.00704978
0.448378 0.0371105
0.436171 0.0847499
0.439344 0.135502
0.439161 0.206336
0.441572 0.257454
0.438124 0.340739
0.434767 0.38966
0.448531 0.421003
0.444838 0.508621
0.4344 0.558702
0.434339 0.616321
0.439497 0.652425
0.440931 0.678243
0.442061 0.711905
0.44731 0.75396
0.447615 0.841914
0.439863 0.904965
0.444533 0.963073
0.462233 0.0647298
0.466872 0.123203
0.455336 0.185064
0.46379 0.236244
0.46202 0.280129
0.453078 0.314676
0.459365 0.361431
0.46382 0.39375
0.453352 0.476546
0.451369 0.533738
0.467269 0.569201
0.455489 0.601489
0.467299 0.626209
0.465255 0.654439
0.464766 0.696188
0.468337 0.730552
0.455 0.781243
0.455672 0.814997
0.454634 0.87994
0.458937 0.929441
0.456343 0.998474
0.473952 0.0239265
0.468978 0.0920438
0.471847 0.158879
0.473678 0.205298
0.475936 0.301767
0.485214 0.364483
0.48558 0.426649
0.472579 0.448714
0.474136 0.495376
0.479171 0.520524
0.484725 0.592425
0.484909 0.675924
0.477676 0.757134
0.48088 0.79342
0.479904 0.855953
0.473525 0.903348
0.481857 0.944945
0.468825 0.975311
0.501633 0.00643941
0.49852 0.0322275
0.488998 0.0671712
0.499924 0.0910977
0.490158 0.137883
0.493393 0.182897
0.491562 0.224036
0.502304 0.296091
0.488021 0.332469
0.489517 0.395672
0.495834 0.471725
0.504562 0.4991
0.48732 0.549425
0.50145 0.613239
0.491043 0.714133
0.497726 0.773827
0.49736 0.816187
0.491256 0.881283
0.501328 0.906766
0.520768 0.0483413
0.518265 0.139531
0.51149 0.164647
0.522477 0.19303
0.509018 0.265938
0.521653 0.347942
0.520859 0.385235
0.509293 0.416272
0.50676 0.442305
0.510636 0.528398
0.507492 0.578265
0.507645 0.638997
0.509537 0.691641
0.507279 0.73571
0.517563 0.791162
0.505112 0.84109
0.521592 0.869778
0.52147 0.926786
0.510117 0.950621
0.507523 0.995727
0.528794 0.00350963
0.537431 0.0883511
0.52681 0.114536
0.538011 0.171209
0.535234 0.219459
0.531083 0.251106
0.531388 0.307535
0.5356 0.439009
0.524338 0.47792
0.5356 0.502365
0.532823 0.546647
0.530808 0.605609
0.536607 0.631886
0.529496 0.665883
0.528092 0.720603
0.522752 0.76101
0.538285 0.806604
0.53264 0.833247
0.525407 0.895932
0.537065 0.947233
0.528275 0.977294
0.554643 0.000854518
0.555101 0.0294504
0.544298 0.0614643
0.545488 0.144169
0.549944 0.194983
0.557787 0.235359
0.543992 0.274575
0.554796 0.324808
0.54796 0.354411
0.549699 0.385235
0.544298 0.410993
0.548601 0.461074
0.554033 0.583453
0.554186 0.659383
0.545671 0.688437
0.541581 0.742515
0.543962 0.776421
0.551073 0.862056
0.5562 0.889584
0.547288 0.998444
0.57326 0.0625935
0.569384 0.115238
0.568224 0.169439
0.570177 0.291635
0.571734 0.473678
0.567217 0.52147
0.562456 0.555071
0.567003 0.623981
0.569658 0.730216
0.565233 0.757042
0.56328 0.79342
0.57387 0.828639
0.563646 0.919401
0.564165 0.945891
0.589038 0.00473037
0.582751 0.029664
0.58916 0.0950957
0.580584 0.144108
0.594409 0.175207
0.576678 0.198157
0.580737 0.223609
0.585375 0.257759
0.581988 0.319651
0.579272 0.350993
0.586596 0.398083
0.578112 0.432722
0.583453 0.49855
0.578326 0.595538
0.580554 0.646382
0.580493 0.676443
0.592944 0.710562
0.590808 0.769646
0.591113 0.80105
0.589557 0.930937
0.584826 0.989257
0.601428 0.0641499
0.598804 0.125156
0.606952 0.151646
0.610523 0.219184
0.601642 0.277688
0.606281 0.307901
0.603229 0.337779
0.606616 0.363109
0.609394 0.437025
0.596423 0.462508
0.610126 0.514817
0.597491 0.541337
0.60036 0.572741
0.599383 0.614002
0.609851 0.641804
0.598712 0.738456
0.601733 0.826075
0.597583 0.872555
0.601856 0.90289
0.605304 0.954314
0.620777 0.00485244
0.613971 0.0384228
0.628407 0.0670797
0.624744 0.105136
0.62682 0.131077
0.614765 0.191992
0.614002 0.250252
0.626392 0.324168
0.618732 0.395367
0.615406 0.482528
0.6227 0.555986
0.628285 0.60622
0.630665 0.668355
0.614368 0.688894
0.618274 0.714927
0.625477 0.7481
0.616565 0.773766
0.617939 0.800104
0.616474 0.849361
0.629414 0.896115
0.628346 0.922483
0.616474 0.997925
0.642109 0.0269784
0.634205 0.157933
0.641835 0.199866
0.638752 0.226112
0.640156 0.254036
0.633564 0.372173
0.636494 0.45024
0.635121 0.521683
0.635273 0.578265
0.639363 0.632527
0.644948 0.692923
0.646382 0.722465
0.642476 0.78808
0.658071 0.00357067
0.653035 0.0509659
0.656667 0.0825831
0.664663 0.112003
0.660756 0.142857
0.658071 0.169927
0.658956 0.276528
0.650685 0.334971
0.664296 0.381268
0.650075 0.40907
0.656667 0.434278
0.654927 0.469405
0.665395 0.50557
0.665548 0.568804
0.660329 0.604266
0.657735 0.652882
0.666311 0.677114
0.649831 0.760613
0.6498 0.813593
0.650258 0.842463
0.65566 0.881436
0.653218 0.906949
0.656484 0.946074
0.657247 0.972533
0.6798 0.0561541
0.68395 0.0912198
0.667562 0.208563
0.667928 0.250984
0.668538 0.300302
0.675527 0.351665
0.682058 0.415723
0.678457 0.450697
0.673818 0.543107
0.672048 0.70629
0.682791 0.730186
0.672231 0.798364
0.673727 0.827723
0.681997 0.868191
0.679922 0.901547
0.682119 0.956847
0.673452 0.998291
0.695547 0.0234382
0.685781 0.130314
0.69219 0.155553
0.697134 0.184637
0.702567 0.272256
0.688589 0.320048
0.690695 0.391491
0.695486 0.524644
0.692343 0.569048
0.685049 0.596393
0.684957 0.636586
0.701682 0.665822
0.697623 0.706442
0.701285 0.75866
0.698202 0.785211
0.69393 0.811975
0.685751 0.9288
0.697684 0.987976
0.710624 0.000274667
0.707358 0.0623798
0.707785 0.10596
0.703085 0.210486
0.703909 0.238594
0.715506 0.296854
0.718039 0.333598
0.710044 0.360027
0.707968 0.415082
0.705252 0.46321
0.710715 0.490493
0.714103 0.545671
0.717368 0.596088
0.705069 0.618732
0.71334 0.736106
0.719443 0.824183
0.717551 0.872463
0.705222 0.908414
0.711814 0.938169
0.733848 0.0609455
0.728813 0.0892056
0.723411 0.135899
0.73278 0.16831
0.736137 0.198004
0.728019 0.229896
0.729453 0.27018
0.72222 0.391583
0.722007 0.438398
0.730491 0.47206
0.731651 0.506516
0.726463 0.570452
0.730735 0.61861
0.721549 0.644734
0.729057 0.692099
0.735008 0.757775
0.725303 0.787927
0.734672 0.907804
0.724479 0.962523
0.729453 0.997101
0.742058 0.00500504
0.740165 0.0320444
0.75515 0.0891751
0.755211 0.129124
0.756859 0.258248
0.750725 0.284768
0.750694 0.315989
0.747063 0.342814
0.744041 0.374523
0.742271 0.419263
0.752678 0.450697
0.753105 0.548997
0.751366 0.643055
0.751061 0.674734
0.743004 0.727165
0.752556 0.791589
0.747826 0.826991
0.743889 0.85226
0.746086 0.934538
0.770257 0.000732444
0.771569 0.0303354
0.762505 0.0612201
0.771722 0.168218
0.762749 0.204596
0.771264 0.356731
0.767174 0.394421
0.774407 0.466567
0.762505 0.495621
0.757836 0.582141
0.757134 0.615619
0.766381 0.697623
0.768273 0.759239
0.761925 0.904385
0.768609 0.961577
0.759972 0.989685
0.777001 0.10596
0.787957 0.187994
0.786706 0.21717
0.785272 0.248054
0.779443 0.275552
0.779046 0.328684
0.791528 0.37318
0.777734 0.426801
0.79046 0.500015
0.777825 0.52327
0.77813 0.564043
0.792566 0.593188
0.781152 0.632435
0.776818 0.663869
0.778558 0.726615
0.79223 0.768365
0.778436 0.800836
0.784387 0.847041
0.785272 0.875851
0.779199 0.935575
0.791223 0.991272
0.795862 0.000396741
0.807886 0.0294504
0.805445 0.0617695
0.805933 0.0982391
0.807306 0.131687
0.801965 0.158849
0.809595 0.278695
0.799768 0.309183
0.799341 0.347514
0.801141 0.39964
0.803552 0.477798
0.80813 0.518418
0.795434 0.542436
0.807367 0.568651
0.809046 0.614734
0.805811 0.640248
0.800195 0.678823
0.802881 0.704794
0.803705 0.926542
0.82812 0.0736106
0.819178 0.179693
0.812494 0.226386
0.820429 0.251473
0.826258 0.313639
0.828883 0.340251
0.817774 0.365184
0.814875 0.425672
0.825282 0.458235
0.827845 0.66332
0.824213 0.720847
0.81225 0.743461
0.819941 0.772851
0.811396 0.803217
0.828822 0.823878
0.814997 0.85049
0.828455 0.872311
0.814295 0.952483
0.815638 0.998932
0.831019 0.00582904
0.838679 0.0350963
0.846797 0.0923795
0.829157 0.116031
0.838252 0.143345
0.845424 0.184454
0.829432 0.20542
0.842128 0.232337
0.837855 0.2725
0.829493 0.397168
0.833125 0.487777
0.833583 0.535539
0.835536 0.576464
0.83874 0.609394
0.836757 0.639363
0.830256 0.695669
0.846889 0.742485
0.835719 0.899289
0.834376 0.932432
0.834376 0.979034
0.863857 0.0019837
0.858791 0.0587786
0.863002 0.161382
0.850246 0.30137
0.86227 0.32902
0.850154 0.357982
0.851802 0.420759
0.852382 0.453749
0.860286 0.484695
0.85342 0.55446
0.860927 0.591876
0.860591 0.627216
0.853786 0.680105
0.855464 0.7116
0.857295 0.795709
0.863979 0.836604
0.850062 0.858791
0.859584 0.912473
0.85229 0.999664
0.871426 0.0339671
0.872982 0.109073
0.867641 0.220252
0.870601 0.254646
0.869655 0.281838
0.878475 0.308054
0.88226 0.351329
0.871853 0.378948
0.875179 0.406781
0.869167 0.511216
0.882015 0.57326
0.872005 0.660176
0.875484 0.73513
0.870083 0.770714
0.877804 0.811396
0.869716 0.888668
0.866024 0.939482
0.866756 0.968047
0.892392 0.000427259
0.892972 0.0542009
0.891812 0.131138
0.891903 0.157292
0.890744 0.19245
0.890591 0.232673
0.892697 0.268502
0.899442 0.327464
0.885006 0.434034
0.889706 0.46205
0.898343 0.491989
0.884487 0.532243
0.888638 0.637928
0.894986 0.707755
0.890957 0.787469
0.889462 0.843837
0.896237 0.881344
0.88638 0.921171
0.88995 0.949309
0.885983 0.994995
0.904141 0.0781579
0.90228 0.105899
0.915128 0.16892
0.915952 0.202795
0.910642 0.248695
0.903165 0.300699
0.908414 0.369182
0.90228 0.400769
0.912473 0.427168
0.907407 0.517655
0.90405 0.550676
0.908658 0.583911
0.912503 0.611499
0.918882 0.651753
0.907529 0.678732
0.902615 0.732231
0.90112 0.758751
0.916349 0.79281
0.908475 0.8258
0.915464 0.856044
0.914426 0.913449
0.909818 0.968902
0.923124 0.00915555
0.925352 0.0523392
0.927732 0.0957671
0.919919 0.124882
0.935087 0.152104
0.932127 0.222785
0.923124 0.280953
0.926084 0.315867
0.931761 0.358196
0.926969 0.391766
0.923307 0.455245
0.927518 0.539842
0.93527 0.627094
0.934568 0.673452
0.921079 0.7051
0.929533 0.751732
0.936521 0.830073
0.927091 0.935636
0.922239 0.998047
0.950774 0.0277413
0.944822 0.0760216
0.953642 0.108798
0.944182 0.195959
0.937742 0.248421
0.947752 0.293558
0.947142 0.331645
0.954924 0.384289
0.937346 0.419111
0.949126 0.442091
0.941435 0.482223
0.941099 0.511246
0.953093 0.53383
0.937895 0.565447
0.940397 0.59505
0.954527 0.647572
0.949217 0.703299
0.95233 0.733055
0.945891 0.771416
0.941374 0.799585
0.949004 0.883084
0.947508 0.909543
0.945433 0.957091
0.953703 0.996216
0.965636 0.0589923
0.960692 0.174291
0.969848 0.198096
0.965423 0.230811
0.972198 0.261544
0.965239 0.31254
0.970397 0.350017
0.963378 0.415815
0.972808 0.451704
0.966857 0.500015
0.966155 0.587878
0.963195 0.622517
0.968963 0.685965
0.971129 0.754021
0.970122 0.795679
0.96173 0.835658
0.97116 0.862331
0.968413 0.945524
0.969207 0.971648
0.987945 0.00384533
0.986572 0.0757164
0.981475 0.111759
0.979705 0.138371
0.974181 0.287393
0.983062 0.376934
0.982879 0.520096
0.975249 0.557665
0.989715 0.640736
0.986297 0.711386
0.989288 0.892178
1 0.0286569
0.996979 0.16068
0.999145 0.196081
0.991821 0.231819
0.997833 0.273141
0.991302 0.332286
0.999359 0.407239
0.995422 0.436689
0.999573 0.496872
0.999298 0.548051
0.991791 0.577441
0.994476 0.61565
0.994018 0.670644
0.997131 0.74514
0.995819 0.77868
0.996887 0.8052
0.993194 0.83282
0.998413 0.863033
0.99588 0.930357
0.995758 0.95996
0.992218 0.995331
