872
0.100162 0.61745
0.40788 0.753532
0.834681 0.929777
0.0502945 0.707053
0.474166 0.0834681
0.655995 0.840205
0.773369 0.44377
0.74102 0.268929
0.89053 0.5168
0.344127 0.705924
0.702017 0.130924
0.107639 0.341746
0.782983 0.619983
0.352916 0.744133
0.335063 0.164586
0.68099 0.180731
0.129948 0.272134
0.420179 0.381146
0.86639 0.366466
0.318766 0.644581
0.997589 0.812036
0.654164 0.0539872
0.227668 0.631367
0.0126957 0.49147
0.487136 0.803339
0.647908 0.126713
0.976318 0.0982696
0.633869 0.0817286
0.796564 0.310282
0.794092 0.769219
0.55977 0.553423
0.436964 0.811304
0.257485 0.77926
0.429243 0.944365
0.171392 0.170782
0.638325 0.816492
0.105564 0.569903
0.275369 0.0838954
0.722861 0.594195
0.169652 0.712241
0.26548 0.599536
0.50618 0.88934
0.441908 0.144414
0.0570696 0.455428
0.761132 0.112766
0.438612 0.257454
0.0949431 0.151067
0.424909 0.33311
0.750816 0.576067
0.849208 0.331431
0.834803 0.409711
0.124699 0.075869
0.915494 0.67629
0.673177 0.76397
0.782342 0.579913
0.578539 0.812342
0.710685 0.850826
0.521928 0.942503
0.753563 0.478744
0.198675 0.74041
0.345927 0.331034
0.989715 0.614734
0.108066 0.508499
0.20835 0.277871
0.444166 0.673971
0.739616 0.954711
0.54149 0.180059
0.801355 0.901761
0.474715 0.544847
0.232459 0.180242
0.691092 0.437178
0.839076 0.784722
0.778527 0.951018
0.534013 0.297525
0.527451 0.601978
0.608509 0.829707
0.150121 0.617176
0.290048 0.472823
0.550188 0.251076
0.664541 0.884884
0.658834 0.56502
0.0929289 0.919797
0.257668 0.137761
0.268899 0.703238
0.643941 0.297494
0.777337 0.385022
0.814447 0.08652
0.0245674 0.0863979
0.0285043 0.54738
0.271126 0.81109
0.900754 0.473434
0.506699 0.471664
0.737968 0.74221
0.960326 0.19303
0.594989 0.30491
0.279031 0.991791
0.607959 0.0170904
0.95349 0.341899
0.0171819 0.670064
0.573351 0.0841701
0.971129 0.307291
0.0415357 0.908841
0.702048 0.822199
0.407208 0.981414
0.8493 0.117038
0.686666 0.528672
0.607227 0.533219
0.860591 0.954863
0.464034 0.452773
0.0224616 0.843867
0.873745 0.545549
0.0149541 0.345103
0.0607318 0.531388
0.559435 0.778008
0.846492 0.0714744
0.795862 0.851924
0.214423 0.380016
0.0880764 0.956389
0.0533464 0.119297
0.963408 0.467055
0.863552 0.406232
0.718039 0.0542314
0.456984 0.83636
0.970183 0.149052
0.183325 0.9317
0.941221 0.224464
0.711966 0.91879
0.746971 0.0468764
0.902493 0.242958
0.793909 0.72515
0.362926 0.519761
0.758629 0.649098
0.253151 0.514389
0.310587 0.28132
0.49382 0.374218
0.0938139 0.809351
0.187719 0.799341
0.961211 0.498642
0.277749 0.884823
0.374462 0.0408338
0.252419 0.0342723
0.909513 0.290078
0.843928 0.815882
0.339061 0.934202
0.559221 0.494766
0.615986 0.798334
0.953062 0.578204
0.085818 0.684683
0.209906 0.107791
0.176397 0.634388
0.51091 0.736351
0.171758 0.578784
0.572863 0.380169
0.784326 0.00921659
0.376598 0.420362
0.844691 0.679739
0.0259407 0.407483
0.579821 0.878994
0.731834 0.826228
0.372723 0.378491
0.522507 0.814936
0.638813 0.940306
0.131901 0.975158
0.176122 0.324076
0.298959 0.60387
0.0429701 0.0368969
0.503616 0.110874
0.650502 0.196966
0.324564 0.997497
0.240852 0.936796
0.433668 0.100742
0.391491 0.847835
0.379376 0.924253
0.675649 0.461867
0.519547 0.411298
0.099765 0.768914
0.580981 0.117496
0.648152 0.519761
0.0835597 0.718467
0.947966 0.758721
0.542619 0.836695
0.911527 0.437117
0.713309 0.967894
0.528489 0.652333
0.900937 0.808405
0.553606 0.666616
0.0788293 0.888791
0.203162 0.845271
0.209723 0.604999
0.370556 0.467513
0.995514 0.439344
0.296548 0.390362
0.916868 0.00112918
0.994903 0.0603656
0.719748 0.292795
0.960326 0.818567
0.588214 0.997192
0.596484 0.626148
0.630512 0.169408
0.96292 0.536821
0.978912 0.931516
0.138554 0.482742
0.625477 0.395581
0.887692 0.199866
0.0220344 0.237739
0.168432 0.269356
0.261086 0.198004
0.213385 0.554063
0.174596 0.507767
0.0561541 0.870296
0.151128 0.649037
0.206915 0.333171
0.433332 0.0645466
0.0187078 0.18833
0.35612 0.00399792
0.563189 0.00753807
0.917631 0.13126
0.138737 0.231239
0.777795 0.277047
0.32606 0.808283
0.317911 0.312265
0.0829493 0.0382397
0.856594 0.190954
0.357402 0.0845668
0.56624 0.702933
0.358715 0.304575
0.89462 0.839289
0.368419 0.669423
0.246071 0.672018
0.707846 0.641499
0.271187 0.927427
0.0945463 0.22602
0.219733 0.213752
0.997101 0.121891
0.510117 0.996368
0.611469 0.500229
0.808405 0.508835
0.955931 0.961455
0.671468 0.700583
0.136723 0.524827
0.0460829 0.497116
0.875271 0.255837
0.00149541 0.568499
0.401929 0.79226
0.469985 0.643727
0.144749 0.427808
0.160863 0.892361
0.37434 0.994324
0.984741 0.683889
0.700522 0.690359
0.667867 0.235633
0.815302 0.21955
0.970305 0.00183111
0.302744 0.827906
0.624622 0.650655
0.81988 0.597919
0.698325 0.235572
0.0765709 0.746269
0.34019 0.602679
0.340281 0.280282
0.486343 0.841945
0.912564 0.398877
0.129673 0.742119
0.0936613 0.419172
0.335124 0.775262
0.232093 0.730674
0.525529 0.0754723
0.889798 0.608142
0.420789 0.569292
0.395245 0.510727
0.661183 0.388623
0.161565 0.00170904
0.429487 0.525651
0.0344249 0.300912
0.847774 0.572314
0.882565 0.125217
0.694998 0.335948
0.13123 0.783624
0.444685 0.897855
0.443403 0.630909
0.390301 0.301798
0.262856 0.74752
0.531266 0.120273
0.200354 0.464827
0.590625 0.671071
0.848567 0.448164
0.379101 0.207617
0.156255 0.552049
0.658559 0.00915555
0.245125 0.565905
0.329112 0.193609
0.0149236 0.614856
0.957854 0.390515
0.833674 0.891659
0.606861 0.277261
0.981597 0.993713
0.0668966 0.797388
0.322062 0.565844
0.619892 0.049501
0.495437 0.00759911
0.884121 0.746666
0.404401 0.129978
0.235084 0.809564
0.165227 0.0738548
0.705161 0.890255
0.566942 0.428053
0.919919 0.952208
0.614399 0.723289
0.492569 0.249763
0.886288 0.877132
0.157872 0.767998
0.284585 0.332804
0.6816 0.996399
0.944578 0.994049
0.948302 0.92346
0.54619 0.34727
0.524796 0.571429
0.828211 0.748344
0.175909 0.216132
0.348979 0.131321
0.398907 0.272317
0.940855 0.435316
0.990356 0.861873
0.498306 0.306131
0.82049 0.695853
0.737205 0.079989
0.485458 0.0571612
0.563189 0.301279
0.0357677 0.59212
0.481887 0.76104
0.213111 0.912839
0.31727 0.0567339
0.494675 0.573199
0.898343 0.721641
0.448927 0.0206915
0.508744 0.541429
0.805841 0.0503861
0.123234 0.0209967
0.903043 0.338084
0.634053 0.678762
0.516587 0.705741
0.0512406 0.256661
0.20304 0.65804
0.079226 0.0924406
0.953581 0.692953
0.747826 0.159368
0.393323 0.555681
0.137242 0.34312
0.311869 0.0229194
0.408338 0.0845668
0.871944 0.792718
0.599963 0.455184
0.601215 0.900662
0.0220649 0.0101627
0.655324 0.789788
0.743828 0.218451
0.268685 0.400159
0.746178 0.987518
0.794458 0.194464
0.443403 0.763634
0.994507 0.260079
0.490524 0.511826
0.33668 0.867733
0.0202033 0.766808
0.847865 0.163671
0.650441 0.63509
0.929228 0.364696
0.156377 0.457015
0.117527 0.180792
0.16068 0.299234
0.690237 0.601672
0.601276 0.196203
0.458419 0.280282
0.894833 0.0888394
0.609149 0.758263
0.243171 0.884335
0.674001 0.292154
0.596637 0.344554
0.421857 0.199133
0.77456 0.0622883
0.638813 0.441389
0.542375 0.753685
0.289407 0.632679
0.918424 0.596149
0.912564 0.0587786
0.579516 0.217261
0.855983 0.75634
0.569201 0.145024
0.852809 0.645527
0.543046 0.458449
0.296518 0.239479
0.232673 0.479141
0.777825 0.517472
0.322062 0.44026
0.322031 0.498978
0.940977 0.861324
0.100314 0.370617
0.259316 0.318857
0.0648213 0.000152593
0.603076 0.42555
0.837794 0.487136
0.148137 0.94351
0.525651 0.912656
0.666097 0.335093
0.819514 0.145909
0.410199 0.915738
0.806574 0.449354
0.729881 0.321604
0.436476 0.997803
0.327738 0.399091
0.38966 0.335887
0.50029 0.432569
0.995788 0.556566
0.698019 0.204321
0.0069277 0.374218
0.267159 0.963958
0.822016 0.290292
0.0259713 0.995636
0.936979 0.309671
0.324046 0.224647
0.454726 0.398633
0.85641 0.717307
0.313578 0.35847
0.395581 0.24247
0.178167 0.684255
0.995392 0.783471
0.468184 0.197028
0.360881 0.845119
0.88049 0.915159
0.964263 0.640126
0.718009 0.535966
0.825953 0.842463
0.136174 0.68981
0.394024 0.0196234
0.48912 0.958922
0.45558 0.958739
0.596026 0.249336
0.0778222 0.275307
0.98883 0.36549
0.786309 0.246284
0.12299 0.869045
0.296548 0.862667
0.0762352 0.587207
0.591632 0.561815
0.643788 0.974853
0.962889 0.0567339
0.782891 0.148045
0.113102 0.6657
0.257363 0.279458
0.264382 0.370952
0.461043 0.233924
0.66802 0.943052
0.731956 0.503098
0.964263 0.895199
0.634724 0.883053
0.198035 0.0173345
0.310251 0.896084
0.12949 0.911832
0.03708 0.645955
0.223975 0.426832
0.809961 0.987457
0.733116 0.0182806
0.367229 0.575701
0.253883 0.643025
0.877987 0.162877
0.511032 0.161229
0.254799 0.248177
0.749931 0.426893
0.67452 0.492233
0.123325 0.825831
0.754692 0.927732
0.586779 0.597186
0.763787 0.767052
0.387097 0.613056
0.010712 0.910459
0.476852 0.688864
0.443037 0.591082
0.414808 0.632496
0.974639 0.714103
0.636708 0.474563
0.902554 0.64095
0.921689 0.785943
0.701559 0.38023
0.348003 0.249428
0.559221 0.636097
0.705283 0.759758
0.930723 0.633381
0.804834 0.344066
0.778558 0.995178
0.275552 0.430341
0.051088 0.339213
0.420087 0.711783
0.0495315 0.226386
0.362438 0.786035
0.794336 0.418043
0.473678 0.990234
0.376385 0.708426
0.0874355 0.192877
0.930265 0.176427
0.729148 0.451155
0.617267 0.584277
0.471236 0.482589
0.903256 0.998291
0.338725 0.535051
0.280496 0.670797
0.0487075 0.676229
0.149205 0.203345
0.381603 0.963927
0.453932 0.350261
0.817194 0.639943
0.474288 0.118442
0.855983 0.28016
0.296945 0.727836
0.526292 0.496323
0.18305 0.412915
0.485549 0.337992
0.756523 0.875332
0.0824915 0.998138
0.203497 0.710288
0.357372 0.638417
0.013184 0.699271
0.427595 0.439467
0.555895 0.901212
0.145787 0.146245
0.715079 0.479202
0.732566 0.359233
0.736686 0.680074
0.317057 0.136052
0.840388 0.00265511
0.0996429 0.851955
0.686911 0.406964
0.406201 0.167455
0.222358 0.976653
0.409925 0.870052
0.0251167 0.939146
0.627094 0.361736
0.693625 0.0386364
0.402661 0.658925
0.0246284 0.134037
0.836207 0.533525
0.0424512 0.379925
0.832484 0.244148
0.186834 0.0497452
0.176336 0.994018
0.511032 0.19953
0.719352 0.796991
0.364544 0.169652
0.291025 0.550493
0.290902 0.203223
0.145116 0.105625
0.180731 0.37431
0.341044 0.962737
0.754143 0.61388
0.221961 0.070101
0.158757 0.862484
0.27665 0.0539872
0.494003 0.614216
0.0776391 0.388409
0.551408 0.935331
0.718497 0.417371
0.475021 0.92761
0.0139164 0.275094
0.875729 0.487991
0.852504 0.857234
0.297983 0.517655
0.286111 0.00341807
0.236824 0.851192
0.0484329 0.191443
0.753563 0.540757
0.546739 0.985351
0.192114 0.965575
0.00405896 0.641621
0.710593 0.264748
0.220191 0.52562
0.250832 0.447737
0.65157 0.599841
0.791803 0.119236
0.352367 0.906857
0.207282 0.150731
0.731712 0.113987
0.51381 0.787316
0.0581072 0.612445
0.948271 0.258827
0.683706 0.662069
0.343486 0.37315
0.276711 0.167272
0.0495315 0.971526
0.998505 0.656178
0.784204 0.662008
0.996399 0.894559
0.368816 0.879788
0.107883 0.10007
0.445479 0.733146
0.336955 0.465316
0.571215 0.963652
0.109043 0.53856
0.833003 0.36317
0.879666 0.574175
0.61034 0.950804
0.279366 0.114933
0.808802 0.552049
0.938322 0.03296
0.98648 0.205451
0.861141 0.0236213
0.674154 0.813074
0.203711 0.87466
0.473617 0.421155
0.882717 0.974059
0.64272 0.262947
0.765801 0.820276
0.451064 0.172552
0.951476 0.119022
0.854915 0.606647
0.0766625 0.648366
0.537736 0.38319
0.68041 0.631184
0.398297 0.459243
0.0252998 0.446944
0.753441 0.296915
0.516556 0.344401
0.570238 0.178381
0.234199 0.302683
0.991028 0.476852
0.0434278 0.158544
0.0501419 0.763054
0.657643 0.733665
0.712516 0.17188
0.254158 9.15555e-05
0.959685 0.78695
0.16599 0.8258
0.658162 0.0983306
0.874783 0.303903
0.382733 0.106632
0.938139 0.722861
0.919767 0.921506
0.69686 0.0848109
0.484176 0.717948
0.116031 0.443373
0.139164 0.376385
0.121586 0.401898
0.427198 0.474227
0.93057 0.0986969
0.704031 0.568712
0.059389 0.827235
0.584887 0.725547
0.207221 0.248512
0.936369 0.481918
0.553667 0.0419019
0.0120853 0.738029
0.547441 0.216163
0.18128 0.10126
0.215949 0.777032
0.0961028 0.302988
0.991638 0.170873
0.313181 0.107517
0.716086 0.717673
0.0584124 0.418226
0.305551 0.969359
0.877651 0.696982
0.799097 0.803156
0.480972 0.148778
0.0367443 0.805841
0.571032 0.468368
0.00360118 0.797662
0.430799 0.303384
0.879147 0.452864
0.145909 0.0472732
0.368206 0.274087
0.770745 0.693075
0.965758 0.419233
0.315683 0.688772
0.559069 0.584063
0.112064 0.705222
0.616871 0.226569
0.985565 0.960814
0.297494 0.792047
0.288797 0.301523
0.623157 0.855892
0.422559 0.837947
0.999664 0.0126957
0.67159 0.144047
0.595813 0.160924
0.662831 0.424451
0.176031 0.136876
0.0136723 0.047029
0.976684 0.76165
0.62743 0.328471
0.657979 0.913449
0.575793 0.753319
0.784997 0.488845
0.0752281 0.506241
0.77401 0.21836
0.0233467 0.873104
0.000335704 0.210578
0.518754 0.0445265
0.735801 0.394604
0.921079 0.748711
0.345286 0.03708
0.589557 0.0542009
0.310678 0.92581
0.0591754 0.932066
0.41319 0.599963
0.266121 0.844172
0.989654 0.39552
0.924924 0.537461
0.294107 0.762597
0.11597 0.127903
0.513688 0.85287
0.521104 0.232459
0.880306 0.667013
0.879696 0.0475173
0.932798 0.830409
0.85989 0.996551
0.475723 0.879452
0.0625629 0.310678
0.21073 0.498154
0.433149 0.225684
0.198553 0.184545
0.534562 0.00451674
0.0648213 0.0649434
0.812647 0.949461
0.00323496 0.426069
0.921689 0.883206
0.990844 0.519089
0.350414 0.435896
0.589923 0.930601
0.609546 0.132115
0.697501 0.0101321
0.535264 0.880337
0.897488 0.37019
0.407331 0.414228
0.576159 0.84814
0.770104 0.35667
0.577013 0.519608
0.243721 0.348552
0.906491 0.564013
0.837123 0.0394909
0.499435 0.660024
0.985595 0.584033
0.545061 0.522599
0.0897244 0.454817
0.382855 0.0693075
0.135899 0.590564
0.439131 0.865047
0.538285 0.150487
0.00680563 0.973022
0.602771 0.0970183
0.262734 0.486496
0.745567 0.712973
0.9064 0.0294504
0.111759 0.248878
0.465651 0.31016
0.0744652 0.357372
0.00506607 0.315683
0.864528 0.218513
0.892025 0.94409
0.676778 0.361766
0.519242 0.261635
0.131443 0.30076
0.76101 0.189642
0.770837 0.323222
0.949614 0.60741
0.181463 0.536759
0.633198 0.546007
0.32316 0.745109
0.820338 0.117344
0.241829 0.0989715
0.713553 0.999939
0.37843 0.811762
0.242439 0.998657
0.569292 0.272896
0.61568 0.980346
0.421216 0.00146489
0.00521867 0.519517
0.998779 0.292734
0.119083 0.943022
0.226814 0.00970489
0.0423597 0.734764
0.968261 0.23487
0.489792 0.220893
0.821863 0.177496
0.8876 0.00473037
0.625599 0.613788
0.460433 0.786584
0.805658 0.373119
0.988128 0.333293
6.1037e-05 0.164617
0.00448622 0.107974
0.107761 0.479385
0.212134 0.943052
0.0979034 0.00531022
0.240089 0.397351
0.976226 0.0307932
0.784905 0.0903653
0.541002 0.720847
0.918119 0.20249
0.404218 0.046968
0.602161 0.377819
0.220679 0.686483
0.0976592 0.0629597
0.636524 0.766778
0.859951 0.515732
0.812982 0.0174871
0.997162 0.741447
0.906949 0.159764
0.156102 0.399762
0.0541398 0.568468
0.459334 0.513077
0.838008 0.973998
0.401318 0.689901
0.237159 0.594104
0.733299 0.896176
0.18775 0.770257
0.448531 0.70333
0.378338 0.144292
0.918241 0.509018
0.942259 0.661122
0.113773 0.999847
0.641591 0.706473
0.382641 0.737968
0.691763 0.788659
0.458266 0.0478225
0.464248 0.611286
0.12598 0.633991
0.449568 0.560076
0.223029 0.0411084
0.182195 0.442244
0.684683 0.967345
0.0809351 0.552873
0.678732 0.859828
0.608966 0.693167
0.588031 0.784905
0.686056 0.725333
0.748405 0.793909
0.7322 0.770226
0.301737 0.418714
0.338084 0.669057
0.228492 0.13007
0.680654 0.263192
0.352611 0.220496
0.569536 0.329936
0.772454 0.899899
0.998413 0.231452
0.306284 0.163427
0.0710166 0.166753
0.353648 0.490799
0.0011597 0.464736
0.550249 0.80694
0.866756 0.0942412
0.894162 0.774468
0.263375 0.543168
0.283883 0.267403
0.0841395 0.124271
0.147801 0.998993
0.971374 0.278176
0.628803 0.912687
0.157994 0.796777
0.766533 0.737968
0.160649 0.969298
0.333201 0.837062
0.250557 0.0679952
0.199805 0.305155
0.204566 0.999115
0.754326 0.846553
0.941404 0.148869
0.755943 0.000762963
0.119266 0.209479
0.810694 0.263527
0.170019 0.741264
0.285348 0.578631
0.546281 0.0953703
0.487442 0.278787
