961
0 0
0 0.0328571
0 0.0657143
0 0.0985714
0 0.131429
0 0.164286
0 0.197143
0 0.23
0 0.262857
0 0.295714
0 0.328571
0 0.361429
0 0.394286
0 0.427143
0 0.46
0 0.492857
0 0.525714
0 0.558571
0 0.591429
0 0.624286
0 0.657143
0 0.69
0 0.722857
0 0.755714
0 0.788571
0 0.821429
0 0.854286
0 0.887143
0 0.92
0 0.952857
0 0.985714
0.0328571 0
0.0328571 0.0328571
0.0328571 0.0657143
0.0328571 0.0985714
0.0328571 0.131429
0.0328571 0.164286
0.0328571 0.197143
0.0328571 0.23
0.0328571 0.262857
0.0328571 0.295714
0.0328571 0.328571
0.0328571 0.361429
0.0328571 0.394286
0.0328571 0.427143
0.0328571 0.46
0.0328571 0.492857
0.0328571 0.525714
0.0328571 0.558571
0.0328571 0.591429
0.0328571 0.624286
0.0328571 0.657143
0.0328571 0.69
0.0328571 0.722857
0.0328571 0.755714
0.0328571 0.788571
0.0328571 0.821429
0.0328571 0.854286
0.0328571 0.887143
0.0328571 0.92
0.0328571 0.952857
0.0328571 0.985714
0.0657143 0
0.0657143 0.0328571
0.0657143 0.0657143
0.0657143 0.0985714
0.0657143 0.131429
0.0657143 0.164286
0.0657143 0.197143
0.0657143 0.23
0.0657143 0.262857
0.0657143 0.295714
0.0657143 0.328571
0.0657143 0.361429
0.0657143 0.394286
0.0657143 0.427143
0.0657143 0.46
0.0657143 0.492857
0.0657143 0.525714
0.0657143 0.558571
0.0657143 0.591429
0.0657143 0.624286
0.0657143 0.657143
0.0657143 0.69
0.0657143 0.722857
0.0657143 0.755714
0.0657143 0.788571
0.0657143 0.821429
0.0657143 0.854286
0.0657143 0.887143
0.0657143 0.92
0.0657143 0.952857
0.0657143 0.985714
0.0985714 0
0.0985714 0.0328571
0.0985714 0.0657143
0.0985714 0.0985714
0.0985714 0.131429
0.0985714 0.164286
0.0985714 0.197143
0.0985714 0.23
0.0985714 0.262857
0.0985714 0.295714
0.0985714 0.328571
0.0985714 0.361429
0.0985714 0.394286
0.0985714 0.427143
0.0985714 0.46
0.0985714 0.492857
0.0985714 0.525714
0.0985714 0.558571
0.0985714 0.591429
0.0985714 0.624286
0.0985714 0.657143
0.0985714 0.69
0.0985714 0.722857
0.0985714 0.755714
0.0985714 0.788571
0.0985714 0.821429
0.0985714 0.854286
0.0985714 0.887143
0.0985714 0.92
0.0985714 0.952857
0.0985714 0.985714
0.131429 0
0.131429 0.0328571
0.131429 0.0657143
0.131429 0.0985714
0.131429 0.131429
0.131429 0.164286
0.131429 0.197143
0.131429 0.23
0.131429 0.262857
0.131429 0.295714
0.131429 0.328571
0.131429 0.361429
0.131429 0.394286
0.131429 0.427143
0.131429 0.46
0.131429 0.492857
0.131429 0.525714
0.131429 0.558571
0.131429 0.591429
0.131429 0.624286
0.131429 0.657143
0.131429 0.69
0.131429 0.722857
0.131429 0.755714
0.131429 0.788571
0.131429 0.821429
0.131429 0.854286
0.131429 0.887143
0.131429 0.92
0.131429 0.952857
0.131429 0.985714
0.164286 0
0.164286 0.0328571
0.164286 0.0657143
0.164286 0.0985714
0.164286 0.131429
0.164286 0.164286
0.164286 0.197143
0.164286 0.23
0.164286 0.262857
0.164286 0.295714
0.164286 0.328571
0.164286 0.361429
0.164286 0.394286
0.164286 0.427143
0.164286 0.46
0.164286 0.492857
0.164286 0.525714
0.164286 0.558571
0.164286 0.591429
0.164286 0.624286
0.164286 0.657143
0.164286 0.69
0.164286 0.722857
0.164286 0.755714
0.164286 0.788571
0.164286 0.821429
0.164286 0.854286
0.164286 0.887143
0.164286 0.92
0.164286 0.952857
0.164286 0.985714
0.197143 0
0.197143 0.0328571
0.197143 0.0657143
0.197143 0.0985714
0.197143 0.131429
0.197143 0.164286
0.197143 0.197143
0.197143 0.23
0.197143 0.262857
0.197143 0.295714
0.197143 0.328571
0.197143 0.361429
0.197143 0.394286
0.197143 0.427143
0.197143 0.46
0.197143 0.492857
0.197143 0.525714
0.197143 0.558571
0.197143 0.591429
0.197143 0.624286
0.197143 0.657143
0.197143 0.69
0.197143 0.722857
0.197143 0.755714
0.197143 0.788571
0.197143 0.821429
0.197143 0.854286
0.197143 0.887143
0.197143 0.92
0.197143 0.952857
0.197143 0.985714
0.23 0
0.23 0.0328571
0.23 0.0657143
0.23 0.0985714
0.23 0.131429
0.23 0.164286
0.23 0.197143
0.23 0.23
0.23 0.262857
0.23 0.295714
0.23 0.328571
0.23 0.361429
0.23 0.394286
0.23 0.427143
0.23 0.46
0.23 0.492857
0.23 0.525714
0.23 0.558571
0.23 0.591429
0.23 0.624286
0.23 0.657143
0.23 0.69
0.23 0.722857
0.23 0.755714
0.23 0.788571
0.23 0.821429
0.23 0.854286
0.23 0.887143
0.23 0.92
0.23 0.952857
0.23 0.985714
0.262857 0
0.262857 0.0328571
0.262857 0.0657143
0.262857 0.0985714
0.262857 0.131429
0.262857 0.164286
0.262857 0.197143
0.262857 0.23
0.262857 0.262857
0.262857 0.295714
0.262857 0.328571
0.262857 0.361429
0.262857 0.394286
0.262857 0.427143
0.262857 0.46
0.262857 0.492857
0.262857 0.525714
0.262857 0.558571
0.262857 0.591429
0.262857 0.624286
0.262857 0.657143
0.262857 0.69
0.262857 0.722857
0.262857 0.755714
0.262857 0.788571
0.262857 0.821429
0.262857 0.854286
0.262857 0.887143
0.262857 0.92
0.262857 0.952857
0.262857 0.985714
0.295714 0
0.295714 0.0328571
0.295714 0.0657143
0.295714 0.0985714
0.295714 0.131429
0.295714 0.164286
0.295714 0.197143
0.295714 0.23
0.295714 0.262857
0.295714 0.295714
0.295714 0.328571
0.295714 0.361429
0.295714 0.394286
0.295714 0.427143
0.295714 0.46
0.295714 0.492857
0.295714 0.525714
0.295714 0.558571
0.295714 0.591429
0.295714 0.624286
0.295714 0.657143
0.295714 0.69
0.295714 0.722857
0.295714 0.755714
0.295714 0.788571
0.295714 0.821429
0.295714 0.854286
0.295714 0.887143
0.295714 0.92
0.295714 0.952857
0.295714 0.985714
0.328571 0
0.328571 0.0328571
0.328571 0.0657143
0.328571 0.0985714
0.328571 0.131429
0.328571 0.164286
0.328571 0.197143
0.328571 0.23
0.328571 0.262857
0.328571 0.295714
0.328571 0.328571
0.328571 0.361429
0.328571 0.394286
0.328571 0.427143
0.328571 0.46
0.328571 0.492857
0.328571 0.525714
0.328571 0.558571
0.328571 0.591429
0.328571 0.624286
0.328571 0.657143
0.328571 0.69
0.328571 0.722857
0.328571 0.755714
0.328571 0.788571
0.328571 0.821429
0.328571 0.854286
0.328571 0.887143
0.328571 0.92
0.328571 0.952857
0.328571 0.985714
0.361429 0
0.361429 0.0328571
0.361429 0.0657143
0.361429 0.0985714
0.361429 0.131429
0.361429 0.164286
0.361429 0.197143
0.361429 0.23
0.361429 0.262857
0.361429 0.295714
0.361429 0.328571
0.361429 0.361429
0.361429 0.394286
0.361429 0.427143
0.361429 0.46
0.361429 0.492857
0.361429 0.525714
0.361429 0.558571
0.361429 0.591429
0.361429 0.624286
0.361429 0.657143
0.361429 0.69
0.361429 0.722857
0.361429 0.755714
0.361429 0.788571
0.361429 0.821429
0.361429 0.854286
0.361429 0.887143
0.361429 0.92
0.361429 0.952857
0.361429 0.985714
0.394286 0
0.394286 0.0328571
0.394286 0.0657143
0.394286 0.0985714
0.394286 0.131429
0.394286 0.164286
0.394286 0.197143
0.394286 0.23
0.394286 0.262857
0.394286 0.295714
0.394286 0.328571
0.394286 0.361429
0.394286 0.394286
0.394286 0.427143
0.394286 0.46
0.394286 0.492857
0.394286 0.525714
0.394286 0.558571
0.394286 0.591429
0.394286 0.624286
0.394286 0.657143
0.394286 0.69
0.394286 0.722857
0.394286 0.755714
0.394286 0.788571
0.394286 0.821429
0.394286 0.854286
0.394286 0.887143
0.394286 0.92
0.394286 0.952857
0.394286 0.985714
0.427143 0
0.427143 0.0328571
0.427143 0.0657143
0.427143 0.0985714
0.427143 0.131429
0.427143 0.164286
0.427143 0.197143
0.427143 0.23
0.427143 0.262857
0.427143 0.295714
0.427143 0.328571
0.427143 0.361429
0.427143 0.394286
0.427143 0.427143
0.427143 0.46
0.427143 0.492857
0.427143 0.525714
0.427143 0.558571
0.427143 0.591429
0.427143 0.624286
0.427143 0.657143
0.427143 0.69
0.427143 0.722857
0.427143 0.755714
0.427143 0.788571
0.427143 0.821429
0.427143 0.854286
0.427143 0.887143
0.427143 0.92
0.427143 0.952857
0.427143 0.985714
0.46 0
0.46 0.0328571
0.46 0.0657143
0.46 0.0985714
0.46 0.131429
0.46 0.164286
0.46 0.197143
0.46 0.23
0.46 0.262857
0.46 0.295714
0.46 0.328571
0.46 0.361429
0.46 0.394286
0.46 0.427143
0.46 0.46
0.46 0.492857
0.46 0.525714
0.46 0.558571
0.46 0.591429
0.46 0.624286
0.46 0.657143
0.46 0.69
0.46 0.722857
0.46 0.755714
0.46 0.788571
0.46 0.821429
0.46 0.854286
0.46 0.887143
0.46 0.92
0.46 0.952857
0.46 0.985714
0.492857 0
0.492857 0.0328571
0.492857 0.0657143
0.492857 0.0985714
0.492857 0.131429
0.492857 0.164286
0.492857 0.197143
0.492857 0.23
0.492857 0.262857
0.492857 0.295714
0.492857 0.328571
0.492857 0.361429
0.492857 0.394286
0.492857 0.427143
0.492857 0.46
0.492857 0.492857
0.492857 0.525714
0.492857 0.558571
0.492857 0.591429
0.492857 0.624286
0.492857 0.657143
0.492857 0.69
0.492857 0.722857
0.492857 0.755714
0.492857 0.788571
0.492857 0.821429
0.492857 0.854286
0.492857 0.887143
0.492857 0.92
0.492857 0.952857
0.492857 0.985714
0.525714 0
0.525714 0.0328571
0.525714 0.0657143
0.525714 0.0985714
0.525714 0.131429
0.525714 0.164286
0.525714 0.197143
0.525714 0.23
0.525714 0.262857
0.525714 0.295714
0.525714 0.328571
0.525714 0.361429
0.525714 0.394286
0.525714 0.427143
0.525714 0.46
0.525714 0.492857
0.525714 0.525714
0.525714 0.558571
0.525714 0.591429
0.525714 0.624286
0.525714 0.657143
0.525714 0.69
0.525714 0.722857
0.525714 0.755714
0.525714 0.788571
0.525714 0.821429
0.525714 0.854286
0.525714 0.887143
0.525714 0.92
0.525714 0.952857
0.525714 0.985714
0.558571 0
0.558571 0.0328571
0.558571 0.0657143
0.558571 0.0985714
0.558571 0.131429
0.558571 0.164286
0.558571 0.197143
0.558571 0.23
0.558571 0.262857
0.558571 0.295714
0.558571 0.328571
0.558571 0.361429
0.558571 0.394286
0.558571 0.427143
0.558571 0.46
0.558571 0.492857
0.558571 0.525714
0.558571 0.558571
0.558571 0.591429
0.558571 0.624286
0.558571 0.657143
0.558571 0.69
0.558571 0.722857
0.558571 0.755714
0.558571 0.788571
0.558571 0.821429
0.558571 0.854286
0.558571 0.887143
0.558571 0.92
0.558571 0.952857
0.558571 0.985714
0.591429 0
0.591429 0.0328571
0.591429 0.0657143
0.591429 0.0985714
0.591429 0.131429
0.591429 0.164286
0.591429 0.197143
0.591429 0.23
0.591429 0.262857
0.591429 0.295714
0.591429 0.328571
0.591429 0.361429
0.591429 0.394286
0.591429 0.427143
0.591429 0.46
0.591429 0.492857
0.591429 0.525714
0.591429 0.558571
0.591429 0.591429
0.591429 0.624286
0.591429 0.657143
0.591429 0.69
0.591429 0.722857
0.591429 0.755714
0.591429 0.788571
0.591429 0.821429
0.591429 0.854286
0.591429 0.887143
0.591429 0.92
0.591429 0.952857
0.591429 0.985714
0.624286 0
0.624286 0.0328571
0.624286 0.0657143
0.624286 0.0985714
0.624286 0.131429
0.624286 0.164286
0.624286 0.197143
0.624286 0.23
0.624286 0.262857
0.624286 0.295714
0.624286 0.328571
0.624286 0.361429
0.624286 0.394286
0.624286 0.427143
0.624286 0.46
0.624286 0.492857
0.624286 0.525714
0.624286 0.558571
0.624286 0.591429
0.624286 0.624286
0.624286 0.657143
0.624286 0.69
0.624286 0.722857
0.624286 0.755714
0.624286 0.788571
0.624286 0.821429
0.624286 0.854286
0.624286 0.887143
0.624286 0.92
0.624286 0.952857
0.624286 0.985714
0.657143 0
0.657143 0.0328571
0.657143 0.0657143
0.657143 0.0985714
0.657143 0.131429
0.657143 0.164286
0.657143 0.197143
0.657143 0.23
0.657143 0.262857
0.657143 0.295714
0.657143 0.328571
0.657143 0.361429
0.657143 0.394286
0.657143 0.427143
0.657143 0.46
0.657143 0.492857
0.657143 0.525714
0.657143 0.558571
0.657143 0.591429
0.657143 0.624286
0.657143 0.657143
0.657143 0.69
0.657143 0.722857
0.657143 0.755714
0.657143 0.788571
0.657143 0.821429
0.657143 0.854286
0.657143 0.887143
0.657143 0.92
0.657143 0.952857
0.657143 0.985714
0.69 0
0.69 0.0328571
0.69 0.0657143
0.69 0.0985714
0.69 0.131429
0.69 0.164286
0.69 0.197143
0.69 0.23
0.69 0.262857
0.69 0.295714
0.69 0.328571
0.69 0.361429
0.69 0.394286
0.69 0.427143
0.69 0.46
0.69 0.492857
0.69 0.525714
0.69 0.558571
0.69 0.591429
0.69 0.624286
0.69 0.657143
0.69 0.69
0.69 0.722857
0.69 0.755714
0.69 0.788571
0.69 0.821429
0.69 0.854286
0.69 0.887143
0.69 0.92
0.69 0.952857
0.69 0.985714
0.722857 0
0.722857 0.0328571
0.722857 0.0657143
0.722857 0.0985714
0.722857 0.131429
0.722857 0.164286
0.722857 0.197143
0.722857 0.23
0.722857 0.262857
0.722857 0.295714
0.722857 0.328571
0.722857 0.361429
0.722857 0.394286
0.722857 0.427143
0.722857 0.46
0.722857 0.492857
0.722857 0.525714
0.722857 0.558571
0.722857 0.591429
0.722857 0.624286
0.722857 0.657143
0.722857 0.69
0.722857 0.722857
0.722857 0.755714
0.722857 0.788571
0.722857 0.821429
0.722857 0.854286
0.722857 0.887143
0.722857 0.92
0.722857 0.952857
0.722857 0.985714
0.755714 0
0.755714 0.0328571
0.755714 0.0657143
0.755714 0.0985714
0.755714 0.131429
0.755714 0.164286
0.755714 0.197143
0.755714 0.23
0.755714 0.262857
0.755714 0.295714
0.755714 0.328571
0.755714 0.361429
0.755714 0.394286
0.755714 0.427143
0.755714 0.46
0.755714 0.492857
0.755714 0.525714
0.755714 0.558571
0.755714 0.591429
0.755714 0.624286
0.755714 0.657143
0.755714 0.69
0.755714 0.722857
0.755714 0.755714
0.755714 0.788571
0.755714 0.821429
0.755714 0.854286
0.755714 0.887143
0.755714 0.92
0.755714 0.952857
0.755714 0.985714
0.788571 0
0.788571 0.0328571
0.788571 0.0657143
0.788571 0.0985714
0.788571 0.131429
0.788571 0.164286
0.788571 0.197143
0.788571 0.23
0.788571 0.262857
0.788571 0.295714
0.788571 0.328571
0.788571 0.361429
0.788571 0.394286
0.788571 0.427143
0.788571 0.46
0.788571 0.492857
0.788571 0.525714
0.788571 0.558571
0.788571 0.591429
0.788571 0.624286
0.788571 0.657143
0.788571 0.69
0.788571 0.722857
0.788571 0.755714
0.788571 0.788571
0.788571 0.821429
0.788571 0.854286
0.788571 0.887143
0.788571 0.92
0.788571 0.952857
0.788571 0.985714
0.821429 0
0.821429 0.0328571
0.821429 0.0657143
0.821429 0.0985714
0.821429 0.131429
0.821429 0.164286
0.821429 0.197143
0.821429 0.23
0.821429 0.262857
0.821429 0.295714
0.821429 0.328571
0.821429 0.361429
0.821429 0.394286
0.821429 0.427143
0.821429 0.46
0.821429 0.492857
0.821429 0.525714
0.821429 0.558571
0.821429 0.591429
0.821429 0.624286
0.821429 0.657143
0.821429 0.69
0.821429 0.722857
0.821429 0.755714
0.821429 0.788571
0.821429 0.821429
0.821429 0.854286
0.821429 0.887143
0.821429 0.92
0.821429 0.952857
0.821429 0.985714
0.854286 0
0.854286 0.0328571
0.854286 0.0657143
0.854286 0.0985714
0.854286 0.131429
0.854286 0.164286
0.854286 0.197143
0.854286 0.23
0.854286 0.262857
0.854286 0.295714
0.854286 0.328571
0.854286 0.361429
0.854286 0.394286
0.854286 0.427143
0.854286 0.46
0.854286 0.492857
0.854286 0.525714
0.854286 0.558571
0.854286 0.591429
0.854286 0.624286
0.854286 0.657143
0.854286 0.69
0.854286 0.722857
0.854286 0.755714
0.854286 0.788571
0.854286 0.821429
0.854286 0.854286
0.854286 0.887143
0.854286 0.92
0.854286 0.952857
0.854286 0.985714
0.887143 0
0.887143 0.0328571
0.887143 0.0657143
0.887143 0.0985714
0.887143 0.131429
0.887143 0.164286
0.887143 0.197143
0.887143 0.23
0.887143 0.262857
0.887143 0.295714
0.887143 0.328571
0.887143 0.361429
0.887143 0.394286
0.887143 0.427143
0.887143 0.46
0.887143 0.492857
0.887143 0.525714
0.887143 0.558571
0.887143 0.591429
0.887143 0.624286
0.887143 0.657143
0.887143 0.69
0.887143 0.722857
0.887143 0.755714
0.887143 0.788571
0.887143 0.821429
0.887143 0.854286
0.887143 0.887143
0.887143 0.92
0.887143 0.952857
0.887143 0.985714
0.92 0
0.92 0.0328571
0.92 0.0657143
0.92 0.0985714
0.92 0.131429
0.92 0.164286
0.92 0.197143
0.92 0.23
0.92 0.262857
0.92 0.295714
0.92 0.328571
0.92 0.361429
0.92 0.394286
0.92 0.427143
0.92 0.46
0.92 0.492857
0.92 0.525714
0.92 0.558571
0.92 0.591429
0.92 0.624286
0.92 0.657143
0.92 0.69
0.92 0.722857
0.92 0.755714
0.92 0.788571
0.92 0.821429
0.92 0.854286
0.92 0.887143
0.92 0.92
0.92 0.952857
0.92 0.985714
0.952857 0
0.952857 0.0328571
0.952857 0.0657143
0.952857 0.0985714
0.952857 0.131429
0.952857 0.164286
0.952857 0.197143
0.952857 0.23
0.952857 0.262857
0.952857 0.295714
0.952857 0.328571
0.952857 0.361429
0.952857 0.394286
0.952857 0.427143
0.952857 0.46
0.952857 0.492857
0.952857 0.525714
0.952857 0.558571
0.952857 0.591429
0.952857 0.624286
0.952857 0.657143
0.952857 0.69
0.952857 0.722857
0.952857 0.755714
0.952857 0.788571
0.952857 0.821429
0.952857 0.854286
0.952857 0.887143
0.952857 0.92
0.952857 0.952857
0.952857 0.985714
0.985714 0
0.985714 0.0328571
0.985714 0.0657143
0.985714 0.0985714
0.985714 0.131429
0.985714 0.164286
0.985714 0.197143
0.985714 0.23
0.985714 0.262857
0.985714 0.295714
0.985714 0.328571
0.985714 0.361429
0.985714 0.394286
0.985714 0.427143
0.985714 0.46
0.985714 0.492857
0.985714 0.525714
0.985714 0.558571
0.985714 0.591429
0.985714 0.624286
0.985714 0.657143
0.985714 0.69
0.985714 0.722857
0.985714 0.755714
0.985714 0.788571
0.985714 0.821429
0.985714 0.854286
0.985714 0.887143
0.985714 0.92
0.985714 0.952857
0.985714 0.985714
