974
0.226173 0.0492569
0.54561 0.952147
0.168615 0.343364
0.449354 0.431623
0.511399 0.910703
0.142277 0.623524
0.75869 0.79574
0.319346 0.456893
0.580645 0.115482
0.496597 0.634663
0.664083 0.779809
0.716575 0.86639
0.600665 0.15479
0.797021 0.729606
0.535234 0.264718
0.267464 0.29432
0.781671 0.0959502
0.884213 0.645985
0.521775 0.289315
0.666707 0.400159
0.385754 0.0228889
0.374157 0.899075
0.988189 0.0297861
0.577197 0.620777
0.824824 0.531907
0.981719 0.832789
0.437666 0.370861
0.161016 0.0206305
0.253059 0.117496
0.352336 0.123722
0.000549333 0.441115
0.473983 0.108249
0.11774 0.519822
0.0194708 0.910092
0.0476089 0.773034
0.985076 0.277413
0.835047 0.69747
0.486343 0.545457
0.928098 0.0881069
0.220985 0.873775
0.590777 0.42497
0.433027 0.977844
0.535722 0.886105
0.266152 0.515702
0.78457 0.585498
0.00509659 0.262764
0.488662 0.669271
0.746879 0.972808
0.446211 0.853267
0.807764 0.944334
0.453902 0.909055
0.86697 0.698508
0.56209 0.974334
0.995697 0.856227
0.904599 0.157994
0.836512 0.0819727
0.211066 0.601581
0.884915 0.870937
0.380535 0.467635
0.801508 0.185888
0.8605 0.896054
0.870815 0.38496
0.811182 0.0946989
0.65276 0.966887
0.916685 0.320078
0.0637532 0.333842
0.431776 0.678549
0.0212104 0.130558
0.731559 0.617634
0.964202 0.194678
0.338664 0.96231
0.7387 0.525681
0.141881 0.88467
0.813257 0.263497
0.230506 0.458266
0.483383 0.352611
0.201788 0.912137
0.62212 0.62505
0.750206 0.874722
0.308817 0.873348
0.44264 0.398755
0.68038 0.459243
0.530351 0.757378
0.264443 0.151036
0.851375 0.41966
0.958434 0.356731
0.381329 0.359325
0.638539 0.555437
0.859157 0.331004
0.627338 0.520218
0.0536515 0.863155
0.202551 0.723868
0.293771 0.387158
0.923643 0.602344
0.0172735 0.959655
0.198737 0.134098
0.463271 0.0813318
0.059328 0.0617084
0.446211 0.0158696
0.943571 0.331919
0.907987 0.690207
0.110721 0.15247
0.802423 0.971862
0.271279 0.953093
0.657277 0.326884
0.379101 0.315989
0.894162 0.485061
0.760979 0.2125
0.244179 0.817957
0.107456 0.655446
0.915677 0.460982
0.669759 0.711264
0.460768 0.731498
0.771813 0.331828
0.479843 0.183782
0.230964 0.303262
0.872188 0.0261849
0.827113 0.599933
0.361827 0.514267
0.204932 0.801782
0.0574969 0.476608
0.650319 0.232765
0.747429 0.729545
0.769097 0.500748
0.997803 0.323984
0.374004 0.246834
0.732841 0.941343
0.876583 0.208533
0.514573 0.0700705
0.742943 0.586291
0.170751 0.874264
0.388165 0.704001
0.242378 0.630024
0.577532 0.547838
0.147404 0.770287
0.0328684 0.363048
0.515763 0.967467
0.104953 0.340342
0.120365 0.745903
0.365856 0.61745
0.908963 0.719718
0.298135 0.272835
0.883633 0.93057
0.200354 0.514267
0.637501 0.267678
0.293039 0.222571
0.860439 0.239051
0.985382 0.516739
0.211982 0.83578
0.602832 0.585192
0.691427 0.0011597
0.320719 0.712943
0.692404 0.160161
0.414716 0.548051
0.345286 0.197455
0.903104 0.518815
0.416639 0.15949
0.1077 0.775079
0.609607 0.978393
0.397595 0.595782
0.0472121 0.518876
0.320963 0.126286
0.684439 0.332041
0.179052 0.244453
0.800623 0.659688
0.645924 0.0586871
0.0199591 0.0955535
0.816187 0.835169
0.116794 0.0607623
0.516861 0.854427
0.0471816 0.625843
0.544847 0.224769
0.152104 0.298166
0.928983 0.782128
0.628132 0.447645
0.695181 0.997955
0.962828 0.920804
0.572466 0.29017
0.870449 0.174963
0.888638 0.0763573
0.50618 0.785668
0.577288 0.852443
0.179174 0.0856654
0.176092 0.564379
0.652882 0.431562
0.0502335 0.567766
0.728141 0.299417
0.387493 0.068453
0.436079 0.212287
0.143132 0.505295
0.65566 0.892087
0.135197 0.374401
0.446242 0.173772
0.890286 0.546922
0.148289 0.161077
0.579791 0.729209
0.309885 0.161077
0.182867 0.840175
0.0462966 0.711722
0.491531 0.409406
0.627644 0.326365
0.862667 0.777795
0.696341 0.741447
0.326334 0.543382
0.0800501 0.0973846
0.0905179 0.694082
0.479812 0.797632
0.990051 0.573016
0.0977203 0.217689
0.730064 0.212531
0.493149 0.241066
0.737358 0.840388
0.819483 0.325816
0.0517594 0.911832
0.210486 0.332224
0.923124 0.182958
0.631306 0.754295
0.0259102 0.655965
0.956145 0.168706
0.376598 0.539964
0.990661 0.441664
0.00946074 0.542924
0.73336 0.785272
0.273141 0.839076
0.171392 0.189978
0.344523 0.782342
0.820612 0.490036
0.110782 0.915555
0.0125736 0.215064
0.668691 0.135807
0.716788 0.127812
0.629688 0.828913
0.0899686 0.434095
0.373699 0.787072
0.906613 0.800653
0.141087 0.691733
0.834529 0.302896
0.737693 0.558245
0.349498 0.355724
0.852657 0.507981
0.365795 0.746513
0.0831019 0.519425
0.61446 0.393536
0.951353 0.522019
0.790246 0.407605
0.70098 0.649525
0.950926 0.0232551
0.495712 0.207068
0.771783 0.531693
0.842067 0.271279
0.351207 0.0784936
0.286019 0.123569
0.845424 0.63213
0.948027 0.874294
0.268014 0.685781
0.785546 0.477523
0.63744 0.0310984
0.0521256 0.174718
0.743156 0.48677
0.637165 0.357952
0.777398 0.760125
0.691794 0.561571
0.545183 0.553362
0.806848 0.436079
0.586779 0.934721
0.771477 0.174108
0.316691 0.91879
0.278542 0.435163
0.555834 0.0273141
0.797235 0.379223
0.12363 0.422651
0.418714 0.782006
0.421857 0.826777
0.860652 0.840907
0.138035 0.451308
0.175603 0.448805
0.271706 0.996094
0.894009 0.833552
0.0472732 0.230323
0.621662 0.939024
0.791406 0.0393078
0.725455 0.341655
0.0762658 0.801782
3.05185e-05 0.0250862
0.389996 0.111179
0.311411 0.323923
0.0855739 0.97116
0.839656 0.393628
0.451521 0.937986
0.59389 0.764214
0.563311 0.499008
0.407941 0.94647
0.552049 0.136509
0.177496 0.735832
0.895627 0.579699
0.534623 0.655568
0.374615 0.390179
0.661489 0.813898
0.604053 0.489059
0.447584 0.758141
0.186987 0.656331
0.521805 0.147984
0.592059 0.064394
0.205573 0.0675069
0.140904 0.657613
0.0964995 0.302835
0.672109 0.0790735
0.790063 0.235054
0.719169 0.43849
0.611042 0.79574
0.982208 0.981872
0.0638447 0.258614
0.887234 0.608234
0.387921 0.431257
0.986267 0.622669
0.940367 0.395886
0.0333567 0.684072
0.0817591 0.361888
0.5403 0.373516
0.239296 0.191626
0.596393 0.705222
0.400464 0.672689
0.296915 0.187536
0.921354 0.291971
0.300943 0.993927
0.770867 0.634327
0.125126 0.320048
0.480789 0.953124
0.599811 0.186956
0.437605 0.620746
0.662404 0.297586
0.248482 0.423505
0.245277 0.250587
0.284127 0.3549
0.16895 0.525956
0.922178 0.23777
0.834407 0.44264
0.813318 0.777917
0.782403 0.296121
0.256966 0.865474
0.546403 0.791925
0.849666 0.107578
0.321299 0.622547
0.977386 0.796838
0.566637 0.894009
0.954344 0.279977
0.242836 0.788141
0.00506607 0.779656
0.819056 0.218787
0.937346 0.549486
0.508377 0.581042
0.00848415 0.808863
0.414594 0.466628
0.573443 0.346507
0.103458 0.720634
0.697378 0.708945
0.339671 0.934446
0.30958 0.0164495
0.70278 0.837489
0.0798975 0.571642
0.0410779 0.0306101
0.0841395 0.606555
0.289926 0.596759
0.139866 0.084933
0.837306 0.970946
0.92172 0.653798
0.998779 0.773278
0.797876 0.884121
0.595294 0.237068
0.240761 0.222114
0.910153 0.399701
0.327464 0.987152
0.140751 0.26194
0.992615 0.695151
0.217109 0.77749
0.711844 0.909055
0.483932 0.903073
0.762719 0.42967
0.469771 0.878445
0.927702 0.422224
0.279427 0.247505
0.802301 0.143712
0.170446 0.910611
0.315439 0.412854
0.746544 0.665395
0.613575 0.125614
0.417035 0.00839259
0.552507 0.840114
0.0941801 0.851955
0.455275 0.465285
0.409955 0.912168
0.336467 0.390057
0.462477 0.521592
0.84109 0.796075
0.33964 0.0413526
0.764428 0.133457
0.84283 0.471725
0.301828 0.80108
0.598346 0.320322
0.699667 0.809687
0.37907 0.136174
0.436598 0.099765
0.647877 0.000976592
0.347514 0.166478
0.133213 0.223304
0.698416 0.388195
0.34312 0.266823
0.270943 0.630116
0.56679 0.441298
0.56505 0.673391
0.65154 0.998779
0.889492 0.758354
0.116337 0.0229194
0.768883 0.381085
0.12064 0.822962
0.650441 0.474899
0.788903 0.81637
0.999939 0.89111
0.30546 0.493393
0.289468 0.534074
0.193915 0.387432
0.00680563 0.0563372
0.287606 0.921842
0.0186773 0.751671
0.843196 0.569384
0.689291 0.957152
0.202033 0.0284738
0.633076 0.693747
0.45201 0.0537736
0.145878 0.966735
0.720969 0.240089
0.412671 0.127293
0.681204 0.58977
0.290811 0.0648824
0.73928 0.0423597
0.707724 0.197089
0.290109 0.7387
0.492355 0.017243
0.213141 0.280313
0.0379345 0.278634
0.633259 0.197729
0.948698 0.484878
0.371105 0.844661
0.462294 0.314371
0.385174 0.281136
0.56914 0.402844
0.105197 0.109745
0.485549 0.987793
0.720054 0.0227668
0.784539 0.702933
0.0455641 0.82693
0.0456862 0.428602
0.886471 0.415448
0.950285 0.977477
0.519639 0.327433
0.666219 0.264016
0.928281 0.819422
0.411542 0.408368
0.219062 0.966277
0.191809 0.161748
0.855434 0.00405896
0.515946 0.450087
0.237403 0.147404
0.821131 0.0477004
0.744774 0.15891
0.534013 0.0945769
0.956267 0.620319
0.882962 0.273141
0.646107 0.603351
0.408917 0.301096
0.493484 0.31489
0.516373 0.396496
0.132694 0.133702
0.823359 0.16187
0.605121 0.844386
0.0843226 0.404706
0.216224 0.662557
0.231788 0.701956
0.478469 0.438307
0.54912 0.616962
0.563311 0.0566118
0.404035 0.847346
0.408704 0.502609
0.224708 0.548387
0.389386 0.21305
0.433699 0.250282
0.617878 0.874722
0.912656 0.00631733
0.77694 0.99469
0.425794 0.595996
0.398144 0.880978
0.187139 0.416791
0.739555 0.0970794
0.285104 0.468001
0.225288 0.110324
0.898129 0.961333
0.0744346 0.648183
0.531999 0.707053
0.111179 0.882717
0.0281686 0.333384
0.473495 0.275979
0.931944 0.898434
0.253426 0.600238
0.298379 0.565844
0.635426 0.0933256
0.312845 0.827052
0.439772 0.564898
0.709952 0.0986969
0.844234 0.359447
0.238563 0.740532
0.635548 0.657338
0.953429 0.243843
0.303049 0.659871
0.545854 0.346629
0.999206 0.127567
0.985351 0.0984527
0.586291 0.810816
0.0153508 0.471541
0.26194 0.331217
0.186621 0.960265
0.889981 0.998138
0.350261 0.466475
0.525376 0.520127
0.179113 0.276833
0.103244 0.384289
0.108219 0.575335
0.901944 0.12302
0.168096 0.135166
0.0859401 0.937132
0.955016 0.758843
0.232948 0.364299
0.568804 0.373577
0.373394 0.652577
0.0186773 0.164617
0.0515152 0.398846
0.22071 0.432691
0.469405 0.823908
0.567156 0.583087
0.571276 0.188879
0.953429 0.661
0.970366 0.0678732
0.250099 0.0169378
0.904965 0.214148
0.375683 0.187323
0.491165 0.7622
0.953124 0.45262
0.79809 0.54741
0.744346 0.393506
0.689138 0.681204
0.838466 0.754967
0.702078 0.282937
0.696402 0.519059
0.597736 0.370739
0.374248 0.814966
0.989746 0.408277
0.651295 0.921842
0.615284 0.288736
0.840632 0.724509
0.189886 0.997955
0.303049 0.091586
0.211432 0.574053
0.204993 0.694296
0.106204 0.189581
0.0838649 0.14008
0.990997 0.744255
0.106876 0.486953
0.436567 0.337443
0.437849 0.293954
0.638295 0.796625
0.0116581 0.723289
0.774255 0.943571
0.0870693 0.752037
0.358287 0.717856
0.272896 0.787957
0.667074 0.620838
0.345622 0.416303
0.937864 0.120029
0.0654012 0.00360118
0.963256 0.695761
0.822718 0.0182806
0.0117801 0.627613
0.936186 0.931761
0.204657 0.192267
0.279763 0.0218207
0.993683 0.214087
0.455031 0.595233
0.0652181 0.292062
0.0921354 0.823939
0.867733 0.0567034
0.593341 0.000366222
0.409864 0.642598
0.200293 0.476302
0.232917 0.935514
0.848811 0.146458
0.567827 0.317331
0.163335 0.481338
0.599383 0.896084
0.317728 0.249245
0.604602 0.0397656
0.260201 0.0907315
0.158208 0.0544145
0.679311 0.22486
0.972625 0.594592
0.521714 0.615528
0.087405 0.0523698
0.535264 0.186987
0.102878 0.246895
0.867916 0.443892
0.00558489 0.505173
0.88873 0.902402
0.0149541 0.298624
0.466659 0.639607
0.492386 0.50325
0.675191 0.837733
0.363872 0.572344
0.382702 0.961425
0.7069 0.474654
0.725913 0.696036
0.517319 0.549455
0.895932 0.0419935
0.689413 0.861812
0.369274 0.988464
0.140507 0.548601
0.746452 0.459578
0.334574 0.673269
0.140599 0.589801
0.0635701 0.689138
0.347179 0.638417
0.587909 0.648915
0.536851 0.584735
0.346477 0.899167
0.96469 0.383679
0.48619 0.0586871
0.530991 0.0085757
0.864193 0.534318
0.824091 0.123936
0.762017 0.269478
0.0672628 0.991882
0.288919 0.707999
0.607349 0.739982
0.242897 0.892239
0.722098 0.984344
0.901974 0.343059
0.850429 0.995331
0.790338 0.352519
0.41551 0.703818
0.537645 0.433424
0.326609 0.580309
0.66332 0.192084
0.440992 0.880276
0.137425 0.722282
0.484634 0.705435
0.0316477 0.884976
0.563311 0.252022
0.0198981 0.839167
0.832759 0.192175
0.306619 0.960204
0.482345 0.471786
0.695273 0.056032
0.756371 0.00863674
0.0339976 0.98645
0.746788 0.91348
0.171514 0.800653
0.0623798 0.735099
0.335582 0.748161
0.475448 0.14243
0.00756859 0.389508
0.669607 0.022187
0.349132 0.313578
0.941221 0.0573138
0.440535 0.143498
0.98587 0.480636
0.764 0.0587176
0.553331 0.735649
0.200568 0.752007
0.491775 0.607746
0.510483 0.737846
0.560045 0.701407
0.684988 0.429731
0.0730918 0.544755
0.0888394 0.0182806
0.648305 0.730308
0.691794 0.782525
0.102481 0.459639
0.936033 0.698935
0.158147 0.397595
0.983825 0.150761
0.362377 0.679769
0.842463 0.944151
0.0241096 0.41203
0.0308237 0.59212
0.860805 0.598834
0.410047 0.360149
0.34489 0.000305185
0.413923 0.0436109
0.0838954 0.909085
0.206214 0.633137
0.466414 0.378491
0.125553 0.948698
0.831568 0.664052
0.440535 0.503647
0.671438 0.504776
0.483688 0.847346
0.405133 0.260109
0.537278 0.919309
0.506974 0.939665
0.328898 0.5103
0.683737 0.897305
0.810449 0.621815
0.233497 0.50914
0.2219 0.396557
0.252968 0.560503
0.755455 0.69512
0.998291 0.178106
0.703269 0.613849
0.345134 0.858394
0.642323 0.125675
0.136906 0.798761
0.392834 0.753929
0.422346 0.73339
0.52327 0.487808
0.0021363 0.683432
0.572558 0.156957
0.471114 0.572497
0.407788 0.998779
0.513138 0.365337
0.864193 0.667501
0.984191 0.241951
0.942137 0.579241
0.985687 0.351665
0.523637 0.0422376
0.919156 0.980316
0.960387 0.422956
0.972899 0.54329
0.187902 0.000335704
0.787622 0.844752
0.926878 0.740562
0.526139 0.811335
0.151677 0.835658
0.000640889 0.591968
0.111667 0.985778
0.969146 0.307657
0.194037 0.301126
0.126835 0.852535
0.691824 0.929624
0.0381481 0.937986
0.245888 0.666921
0.168493 0.591052
0.505234 0.117466
0.0338145 0.00338755
0.847102 0.871822
0.209937 0.222541
0.348277 0.82403
0.643147 0.860256
0.444716 0.70629
0.566454 0.0905179
0.937651 0.848598
0.114231 0.272408
0.91174 0.918393
0.869045 0.297098
0.751885 0.241585
0.508103 0.182745
0.998505 0.660787
0.138981 0.912625
0.872982 0.12363
0.182714 0.774804
0.469466 0.222205
0.252358 0.972808
0.893155 0.24781
0.217963 0.00506607
0.737907 0.185247
0.0318918 0.194586
0.595325 0.675924
0.255104 0.476333
0.762963 0.608295
0.315409 0.357097
0.169774 0.371807
0.00759911 0.351115
0.0505081 0.10715
0.175665 0.685049
0.873348 0.730827
0.643208 0.385907
0.272744 0.406354
0.173894 0.630207
0.279275 0.893918
0.133213 0.00021363
0.763726 0.827021
0.828669 0.913358
0.546586 0.464766
0.927152 0.503922
0.667928 0.662252
0.4485 0.797754
0.604938 0.0964995
0.972472 0.893216
0.427229 0.0715354
0.0603656 0.956694
0.798151 0.0674154
0.996979 0.956755
0.607257 0.546647
0.6639 0.540483
0.912961 0.37022
0.764244 0.563951
0.728019 0.751701
0.947386 0.21717
0.000457778 0.884152
0.501999 0.269906
0.99762 0.929472
0.0560625 0.145512
0.46205 0.682089
0.869289 0.813379
0.255776 0.0500809
0.724754 0.0694601
0.711509 0.581774
0.722892 0.411359
0.412976 0.227485
0.504746 0.828303
0.262276 0.758019
0.285714 0.314646
0.317667 0.775475
0.627522 0.162328
0.801508 0.515183
0.391522 0.566271
0.437452 0.53267
0.584368 0.992004
0.547563 0.999237
0.970031 0.127049
0.982238 0.00189215
0.115146 0.616291
0.581866 0.472274
0.671957 0.371227
0.513382 0.683279
0.657094 0.577105
0.330149 0.293802
0.965239 0.728599
0.694571 0.24839
0.405042 0.189123
0.874142 0.355266
0.594745 0.270516
0.0786767 0.1807
0.373028 0.931822
0.798547 0.00454726
0.783013 0.913144
0.680807 0.106052
0.160009 0.21601
0.260659 0.723655
0.145787 0.996643
0.0697958 0.20716
0.238075 0.99823
0.622333 0.230628
0.318888 0.0661031
0.327616 0.218818
0.266823 0.21189
0.704062 0.361644
0.139958 0.189703
0.814295 0.999939
0.258003 0.921628
0.197089 0.542863
0.584307 0.520707
0.870571 0.976745
0.255287 0.380291
0.574847 0.784783
0.354503 0.225013
0.237373 0.0752281
0.165471 0.940947
0.565508 0.000122074
0.740684 0.365612
0.508072 0.882199
0.263894 0.179632
0.0345164 0.494644
0.309732 0.686514
0.00521867 0.99176
0.541246 0.310495
0.0388806 0.45616
0.134312 0.478378
0.0326243 0.0706809
0.134251 0.346812
0.727531 0.268288
0.993927 0.380047
0.469222 0.000946074
0.439253 0.651082
0.714011 0.540391
0.956847 0.815485
0.629841 0.416211
0.884854 0.000305185
0.0697348 0.885159
0.929197 0.145878
0.967589 0.954009
0.369121 0.872372
0.156987 0.428358
0.49266 0.08829
0.997436 0.0702231
0.814661 0.57271
0.728477 0.813349
0.923887 0.0310984
0.65569 0.163701
0.554216 0.526139
0.755638 0.304025
0.461898 0.973296
0.0342418 0.798486
0.870724 0.568438
0.402753 0.329997
0.913205 0.871853
0.333384 0.100589
0.202307 0.358531
0.820154 0.863704
0.626514 0.905026
0.578051 0.215857
0.907315 0.630482
0.782281 0.449629
0.101413 0.547288
0.291604 0.7669
0.513657 0.997681
0.213599 0.252693
0.664815 0.751946
0.516892 0.227363
0.149419 0.111789
0.600116 0.451064
0.957701 0.0947295
0.618335 0.0716269
0.398053 0.801813
0.451674 0.999084
0.00021363 0.323008
0.816431 0.807672
0.775262 0.670125
0.381939 0.495102
0.888913 0.316233
0.807245 0.686453
0.162267 0.710227
0.621143 0.00869778
0.00192267 0.934599
0.00320444 0.187872
0.916501 0.264351
0.367473 0.0434584
0.0664388 0.448866
0.42201 0.439283
0.809961 0.464248
0.342021 0.60271
0.786248 0.789148
0.196112 0.884945
0.275399 0.659047
0.897946 0.440107
0.719901 0.503189
0.360454 0.439955
0.58681 0.962065
0.913327 0.0636921
0.463301 0.249397
0.870266 0.471755
0.81753 0.409467
0.244545 0.278176
0.468642 0.0315867
0.237983 0.844966
0.848079 0.21482
0.466384 0.494186
0.0573748 0.598468
0.700919 0.310251
0.832575 0.243049
0.845698 0.035493
0.197699 0.10651
0.0224311 0.24131
0.999878 0.598682
0.219031 0.168157
0.816889 0.358959
0.896206 0.186621
0.115513 0.681692
0.560991 0.643178
0.0456557 0.312113
0.0861538 0.274575
0.205023 0.939329
0.388287 0.163121
0.558824 0.762749
0.71984 0.725028
0.0697653 0.839412
0.541887 0.405896
0.0520035 0.663655
