928
0.119694 0.0347301
0.551042 0.170598
0.448714 0.777581
0.0800806 0.468917
0.422742 0.672658
0.672109 0.675588
0.411237 0.211493
0.552293 0.515824
0.536149 0.636372
0.669942 0.612873
0.014008 0.538255
0.0300913 0.118137
0.391186 0.776696
0.0584429 0.241493
0.0774865 0.503525
0.655538 0.713462
0.0852077 0.571062
0.0968047 0.709891
0.379254 0.10651
0.434736 0.271218
0.745048 0.533616
0.558885 0.746971
0.579913 0.822657
0.570513 0.29667
0.515122 0.250435
0.627918 0.978973
0.273659 0.451186
0.918912 0.4597
0.670949 0.0396435
0.915982 0.870479
0.164251 0.587878
0.857265 0.236579
0.608448 0.291025
0.365764 0.722648
0.562548 0.849849
0.451308 0.103916
0.733634 0.706503
0.828272 0.96231
0.700552 0.650288
0.0512101 0.366894
0.557268 0.995483
0.888699 0.378002
0.525742 0.367718
0.0892056 0.373394
0.102054 0.890652
0.946593 0.978179
0.569872 0.879238
0.79223 0.0451979
0.264901 0.305918
0.673666 0.824152
0.222877 0.724357
0.89584 0.661916
0.0441298 0.536759
0.731437 0.951811
0.201514 0.0397046
0.303446 0.0555742
0.0339671 0.300272
0.679586 0.159032
0.888333 0.753136
0.135685 0.759728
0.96466 0.442549
0.25959 0.969787
0.114475 0.076693
0.83459 0.626942
0.199377 0.365764
0.924802 0.717338
0.498917 0.472915
0.705435 0.711844
0.502396 0.769982
0.649617 0.521348
0.211921 0.77691
0.384136 0.624897
0.0929899 0.218604
0.448805 0.846858
0.15775 0.896939
0.602802 0.398297
0.723014 0.763329
0.655293 0.272103
0.0488296 0.821039
0.745537 0.103671
0.569353 0.246925
0.406018 0.606708
0.710471 0.562456
0.660176 0.242622
0.158177 0.500473
0.473861 0.251686
0.227882 0.658803
0.922025 0.0617084
0.562853 0.673208
0.877499 0.0292978
0.645314 0.594012
0.817804 0.479171
0.369335 0.958403
0.265511 0.0620746
0.195776 0.692831
0.602588 0.885006
0.859554 0.39967
0.718558 0.382672
0.215491 0.627888
0.999451 0.534684
0.0509354 0.420789
0.201422 0.750969
0.241859 0.408765
0.31489 0.898953
0.170782 0.989685
0.0101932 0.876034
0.919523 0.0963164
0.314524 0.199316
0.76925 0.50322
0.12009 0.863277
0.201331 0.937132
0.0240791 0.246925
0.00634785 0.581622
0.591693 0.0994293
0.536363 0.910733
0.646779 0.407575
0.0792566 0.119449
0.580554 0.709616
0.513321 0.845454
0.171636 0.0685446
0.721519 0.321055
0.578936 0.939879
0.0408032 0.924558
0.000274667 0.232429
0.999573 0.400494
0.691763 0.272835
0.85403 0.570299
0.356853 0.619129
0.787225 0.863155
0.0603046 0.197333
0.0904569 0.529252
0.266182 0.172338
0.290475 0.9935
0.63741 0.895657
0.752983 0.588519
0.98703 0.19657
0.490921 0.924253
0.918943 0.820124
0.653767 0.462447
0.393597 0.538224
0.880581 0.215735
0.422437 0.58153
0.114261 0.165105
0.527696 0.0072634
0.0282296 0.601367
0.428541 0.443617
0 0.751976
0.466628 0.948882
0.980285 0.259804
0.375622 0.437727
0.70397 0.00421155
0.936796 0.747978
0.661122 0.861598
0.000518815 0.182348
0.881588 0.428266
0.951109 0.0934172
0.248756 0.859371
0.808405 0.297311
0.854488 0.947722
0.949004 0.482223
0.31663 0.807459
0.490097 0.399274
0.545946 0.0758995
0.758293 0.0541398
0.267281 0.885311
0.207465 0.313303
0.661641 0.354259
0.866176 0.867641
0.935758 0.513169
0.025605 0.949034
0.759056 0.661489
0.899136 0.556383
0.600848 0.594073
0.208472 0.160741
0.446364 0.207038
0.00704978 0.34312
0.785821 0.991455
0.793542 0.172643
0.0516678 0.747856
0.429884 0.973418
0.7322 0.268777
0.128574 0.116581
0.0220954 0.481491
0.72158 0.208686
0.233283 0.117008
0.221778 0.846095
0.784326 0.763268
0.294137 0.868282
0.671316 0.755455
0.150182 0.426344
0.511124 0.13361
0.588092 0.619282
0.673238 0.642445
0.120518 0.692587
0.966826 0.645192
0.711631 0.0632038
0.677175 0.328684
0.557176 0.126865
0.739738 0.173193
0.843349 0.0612812
0.801813 0.658528
0.954436 0.291421
0.377453 0.265114
0.353801 0.765831
0.0930814 0.972777
0.342021 0.443373
0.310312 0.30137
0.737693 0.145146
0.43907 0.511887
0.419385 0.849757
0.115238 0.392865
0.905789 0.227638
0.345531 0.588458
0.699637 0.894406
0.147069 0.316904
0.244514 0.571612
0.796747 0.227882
0.739464 0.98059
0.85699 0.146672
0.610096 0.245064
0.954588 0.619007
0.838221 0.269234
0.946654 0.336833
0.302377 0.780908
0.117283 0.316935
0.605335 0.489059
0.966185 0.0557268
0.00714133 0.644337
0.375683 0.200446
0.723441 0.829493
0.358745 0.142308
0.365673 0.5309
0.489914 0.821955
0.0348521 0.565477
0.843471 0.769524
0.445448 0.731498
0.563219 0.547258
0.169073 0.214637
0.935484 0.66277
0.258675 0.820612
0.536424 0.332072
0.17188 0.303629
0.460311 0.318278
0.308695 0.499405
0.313944 0.973815
0.971221 0.790033
0.17542 0.168767
0.213965 0.0804163
0.750938 0.867214
0.341624 0.495743
0.780175 0.958556
0.0818201 0.618976
0.214454 0.282479
0.146306 0.5656
0.923856 0.009888
0.830897 0.594073
0.151799 0.459731
0.488113 0.0382397
0.467147 0.69158
0.979705 0.708975
0.241371 0.53386
0.336253 0.342112
0.994446 0.930814
0.297128 0.644063
0.774499 0.121433
0.96115 0.402844
0.116367 0.281655
0.215217 0.399426
0.806909 0.441969
0.234565 0.3314
0.704337 0.534227
0.680624 0.125858
0.759026 0.622883
0.527696 0.95703
0.0143437 0.083346
0.707724 0.614124
0.408582 0.932951
0.184606 0.548723
0.591052 0.18067
0.472854 0.175176
0.360118 0.561724
0.162786 0.101291
0.419996 0.0179754
0.4644 0.99176
0.724937 0.442824
0.239937 0.367412
0.46086 0.587146
0.853725 0.320322
0.625294 0.82638
0.172582 0.861537
0.168828 0.715049
0.0621967 0.594928
0.932005 0.169378
0.315683 0.239875
0.708945 0.506546
0.446516 0.913053
0.38197 0.657247
0.799677 0.384533
0.121982 0.962676
0.79754 0.914212
0.61211 0.525468
0.402631 0.961852
0.271493 0.755943
0.463759 0.456587
0.554308 0.461776
0.984924 0.861354
0.701743 0.679647
0.702048 0.799097
0.799982 0.354259
0.90994 0.970702
0.605396 0.457411
0.847285 0.899136
0.0234382 0.414136
0.627491 0.945463
0.465072 0.645436
0.907468 0.148991
0.720664 0.414136
0.327952 0.708701
0.385113 0.844752
0.040437 0.976043
0.9223 0.595843
0.983886 0.900845
0.853572 0.731681
0.159673 0.777703
0.547472 0.199347
0.550127 0.572222
0.056917 0.484542
0.834498 0.543413
0.814997 0.761833
0.641011 0.0831935
0.27369 0.91586
0.190954 0.463485
0.518326 0.68157
0.0805689 0.177801
0.621967 0.725913
0.343516 0.987396
0.56737 0.784417
0.78634 0.571917
0.262368 0.201544
0.897336 0.932981
0.829157 0.419965
0.146092 0.944914
0.999695 0.0911283
0.190527 0.133671
0.991821 0.620075
0.679495 0.956603
0.0232856 0.722526
0.417005 0.40968
0.345347 0.87109
0.829493 0.381481
0.684286 0.445967
0.0114139 0.680868
0.387371 0.33784
0.259987 0.635517
0.564653 0.00955229
0.270882 0.358531
0.00173955 0.290597
0.457472 0.289651
0.9953 0.169897
0.64214 0.683798
0.582629 0.0317698
0.904813 0.410596
0.247475 0.485183
0.232398 0.00241096
0.895779 0.897885
0.170873 0.923551
0.282601 0.573687
0.387555 0.692679
0.180975 0.639088
0.409772 0.499039
0.463057 0.540117
0.999695 0.281808
0.0962554 0.649403
0.959838 0.528764
0.529038 0.531877
0.104801 0.419843
0.204474 0.902829
0.245186 0.939787
0.0577715 0.328593
0.0505081 0.851741
0.517838 0.278512
0.798303 0.0845973
0.138585 0.214026
0.768304 0.391339
0.422864 0.18421
0.186712 0.238868
0.496536 0.340068
0.995544 0.354686
0.999573 0.0044557
0.351176 0.795465
0.62096 0.34022
0.137242 0.252907
0.326518 0.673147
0.34785 0.83874
0.872402 0.680074
0.510117 0.0920743
0.262032 0.678182
0.309946 0.543504
0.809412 0.733116
0.0785241 0.757866
0.70687 0.0936003
0.762322 0.434278
0.115635 0.550401
0.356609 0.0684835
0.342112 0.191565
0.375103 0.0415662
0.00570696 0.0202033
0.600055 0.129582
0.335246 0.52617
0.180181 0.420087
0.947539 0.564623
0.0984832 0.832514
0.461074 0.0127873
0.139409 0.805841
0.396466 0.149968
0.672201 0.504624
0.443556 0.139866
0.764763 0.309793
0.59035 0.973876
0.731284 0.484756
0.398663 0.879452
0.203009 0.599231
0.145482 0.845424
0.108432 0.481826
0.973907 0.598071
0.00616474 0.801813
0.112156 0.740165
0.581774 0.151433
0.581805 0.0727561
0.94525 0.872158
0.882992 0.283853
0.983337 0.571825
0.475417 0.735496
0.947966 0.243202
0.82046 0.518052
0.108127 0.00189215
0.29957 0.752342
0.778985 0.832392
0.998199 0.465438
0.425977 0.798456
0.287545 0.608783
0.359142 0.373363
0.880917 0.59386
0.5815 0.910794
0.960631 0.168462
0.531632 0.764885
0.955779 0.365734
0.577593 0.42085
0.0925016 0.344371
0.471603 0.874752
0.721519 0.0314951
0.710868 0.994232
0.310251 0.941771
0.854427 0.00177007
0.637074 0.0518204
0.0943327 0.786798
0.301645 0.150822
0.837184 0.827601
0.825068 0.926023
0.235664 0.799646
0.764702 0.464522
0.0370495 0.654592
0.63271 0.12949
0.0340281 0.780114
0.798242 0.257851
0.506943 0.562548
0.600085 0.665609
0.460768 0.819056
0.0515152 0.00491348
0.117557 0.631062
0.927763 0.914457
0.129063 0.506455
0.760033 0.00650044
0.512162 0.993866
0.61333 0.752983
0.496292 0.159001
0.755974 0.790277
0.141636 0.663991
0.0737022 0.881924
0.28486 0.402936
0.906217 0.791559
0.978301 0.306467
0.964965 0.927122
0.179724 0.272774
0.628285 0.161901
0.513688 0.219855
0.67452 0.917112
0.66509 0.202429
0.950529 0.826044
0.453322 0.0406507
0.886288 0.464675
0.454909 0.427686
0.51793 0.803858
0.347392 0.0258187
0.709098 0.350078
0.398907 0.30311
0.541795 0.231941
0.412549 0.718009
0.266579 0.273446
0.338328 0.162816
0.156835 0.35783
0.819971 0.114994
0.879238 0.125553
0.374737 0.228645
0.199225 0.874203
0.138127 0.98645
0.217933 0.975982
0.0321665 0.0479751
0.6451 0.77633
0.704337 0.175939
0.937986 0.203589
0.166631 0.00796533
0.965361 0.000305185
0.230018 0.187536
0.322031 0.127232
0.888974 0.329814
0.332926 0.396924
0.97879 0.675924
0.283883 0.0878933
0.552446 0.810144
0.565325 0.361919
0.341563 0.299264
0.417188 0.471877
0.631977 0.000854518
0.327433 0.266152
0.540117 0.412305
0.533982 0.602008
0.237281 0.442457
0.797449 0.62627
0.0390637 0.50856
0.838069 0.0932646
0.422315 0.353832
0.664327 0.384136
0.276894 0.517563
0.383801 0.919492
0.486526 0.970794
0.700888 0.472701
0.0766015 0.924161
0.0813318 0.0887783
0.423963 0.761711
0.260872 0.784783
0.867519 0.787377
0.409406 0.0537736
0.767174 0.912717
0.765984 0.201453
0.00387585 0.454115
0.235969 0.149785
0.286386 0.695517
0.850032 0.487259
0.188665 0.49733
0.473678 0.492477
0.695975 0.221229
0 0.114841
0.98413 0.498611
0.741722 0.898404
0.0163884 0.839503
0.119297 0.6021
0.621235 0.419477
0.500504 0.711753
0.0822474 0.685598
0.6798 0.0833155
0.193152 0.824732
0.794061 0.700949
0.347209 0.100497
0.228828 0.0542314
0.604572 0.797266
0.386181 0.474288
0.885983 0.498703
0.460402 0.365154
0.0667745 0.296396
0.0364391 0.165868
0.149449 0.391308
0.338298 0.959014
0.134739 0.185125
0.508438 0.445845
0.822535 0.0114139
0.490829 0.533525
0.679495 0.582354
0.744529 0.366832
0.91229 0.305612
0.884335 0.839686
0.583544 0.516739
0.337992 0.925474
0.478683 0.131535
0.525285 0.730186
0.119083 0.920774
0.46086 0.39613
0.712729 0.856777
0.860927 0.643422
0.569353 0.644063
0.828211 0.142003
0.486465 0.614765
0.286294 0.959319
0.285287 0.837642
0.644002 0.641163
0.252388 0.602832
0.299142 0.263833
0.517991 0.0559404
0.00262459 0.0505997
0.817957 0.867702
0.877895 0.527787
0.763298 0.729759
0.637837 0.195257
0.409711 0.250618
0.807886 0.200354
0.238258 0.246986
0.883328 0.0666829
0.826258 0.998505
0.937498 0.431349
0.915128 0.638173
0.422346 0.0952788
0.661397 0.555223
0.353313 0.660512
0.0658589 0.391552
0.648823 0.317576
0.869015 0.996368
0.826502 0.226295
0.852107 0.448134
0.517777 0.501053
0.26783 0.00231941
0.30604 0.427229
0.951628 0.122532
0.368267 0.817835
0.499069 0.646352
0.0241401 0.378002
0.0248115 0.198584
0.235817 0.998138
0.9653 0.733177
0.540544 0.704184
0.9953 0.978912
0.358104 0.413923
0.444929 0.613483
0.991577 0.131016
0.704917 0.147099
0.393902 0.369243
0.864284 0.17716
0.916288 0.353465
0.98468 0.827235
0.8464 0.66805
0.839991 0.697867
0.53914 0.0333873
0.216651 0.520341
0.755547 0.253029
0.370586 0.999268
0.00723289 0.152715
0.251656 0.724662
0.274056 0.138218
0.31959 0.0944243
0.622455 0.85638
0.671682 0.999878
0.210395 0.566454
0.375805 0.168981
0.235115 0.756004
0.266274 0.24189
0.999542 0.77987
0.321207 0.366131
0.686575 0.366832
0.232917 0.883633
0.0444044 0.681845
0.119968 0.359233
0.565538 0.32548
0.554857 0.271218
0.175054 0.66863
0.914579 0.276742
0.477706 0.786187
0.95172 0.691855
0.727439 0.923246
0.0121464 0.904782
0.930692 0.383068
0.0537431 0.103305
0.231971 0.690634
0.492508 0.197424
0.0758385 0.0474563
0.208136 0.429334
0.771722 0.276772
0.432203 0.313852
0.155766 0.622242
0.940977 0.941923
0.204535 0.1077
0.729484 0.649312
0.304483 0.332621
0.536363 0.870052
0.322123 6.1037e-05
0.973205 0.999634
0.577746 0.477798
0.308878 0.458174
0.591357 0.561571
0.295389 0.11655
0.628925 0.564409
0.144688 0.0525529
0.316477 0.610034
0.80462 0.795404
0.549821 0.939268
0.881985 0.249611
0.794275 0.324442
0.505051 0.878048
0.922208 0.996429
0.883206 0.716758
0.671834 0.420118
0.491409 0.309
0.443129 0.883236
0.216987 0.488876
0.282144 0.0295114
0.522599 0.181158
0.290231 0.225806
0.319559 0.0306711
0.892056 0.00482192
0.764183 0.695578
0.317972 0.578265
0.698233 0.742393
0.19013 0.794733
0.149449 0.147649
0.417524 0.642079
0.991729 0.432722
0.0201117 0.995422
0.427625 0.548173
0.788659 0.0138249
0.107669 0.242958
0.183142 0.39021
0.89993 0.191504
0.237403 0.216895
0.337504 0.736351
0.483535 0.430128
0.0793786 0.000579852
0.0495926 0.896695
0.0570696 0.711142
0.994049 0.037904
0.615131 0.637867
0.446333 0.242073
0.872219 0.0945769
0.869137 0.916898
0.610034 0.36668
0.999298 0.743095
0.69216 0.303751
0.00405896 0.970763
0.367351 0.894681
0.479446 0.0758995
0.0554521 0.632099
0.0996734 0.447859
0.172277 0.0376904
0.335002 0.218726
0.393506 0.0809656
0.0748009 0.997375
0.250649 0.0248726
0.490524 0.00979644
0.61504 0.211341
0.315104 0.841121
0.137669 0.00723289
0.75338 0.821009
0.615619 0.693106
0.970092 0.224525
0.801416 0.547044
0.396283 0.805414
0.162664 0.743217
0.592181 0.00408948
0.148106 0.280679
0.101169 0.137516
0.0627766 0.148442
0.11298 0.999481
0.0464187 0.455733
0.612629 0.0298776
0.830317 0.347575
0.590381 0.267006
0.52147 0.306528
0.787866 0.480148
0.383068 0.588305
0.0510575 0.0752281
0.272195 0.545549
0.591968 0.85168
0.0687582 0.956297
0.398755 0.749718
0.592456 0.313883
0.563829 0.597125
0.770257 0.355358
0.198981 0.212531
0.385693 0.409253
0.791162 0.144475
0.848567 0.0334788
0.052797 0.268838
0.178564 0.957396
0.369579 0.294595
0.392071 0.00570696
0.538987 0.105014
0.72866 0.236366
0.442763 0.4832
0.72222 0.589587
0.18012 0.336528
0.14832 0.534623
0.588641 0.343242
0.91702 0.689932
0.262856 0.106967
0.285684 0.808527
0.721488 0.119602
0.674276 0.784143
0.731742 0.678701
0.0881069 0.265938
0.644642 0.805445
0.636891 0.377972
0.230873 0.913572
0.843959 0.196936
0.535752 0.440077
0.436659 0.700339
0.97354 0.955443
0.326273 0.641804
0.291543 0.723045
0.997253 0.654714
0.73751 0.0765099
0.412946 0.999786
0.35902 0.690878
0.632679 0.483413
0.855281 0.368694
0.859767 0.614154
0.581896 0.207099
0.00128178 0.932463
0.10007 0.942717
0.449507 0.0738853
0.419904 0.901364
0.939787 0.783807
0.670888 0.00607318
0.20304 0.0103763
0.794122 0.412183
0.477706 0.847316
0.361919 0.323405
0.376202 0.504257
0.56801 0.393689
0.0658284 0.78753
0.13535 0.718833
0.149327 0.691427
0.928983 0.541276
0.479659 0.223579
0.87936 0.967986
0.601642 0.999878
0.49559 0.369396
0.166112 0.817835
0.609546 0.91287
0.494217 0.587634
0.435743 0.946135
0.609729 0.0711081
0.694693 0.404035
0.27839 0.485336
0.908078 0.520798
0.587085 0.742424
0.826777 0.173315
0.735679 0.737388
0.352397 0.2519
0.888333 0.621052
0.104495 0.193182
0.76754 0.083285
0.915952 0.491928
0.940855 0.0406812
0.773492 0.541581
0.646779 0.925047
0.241127 0.0877712
6.1037e-05 0.392926
0.00405896 0.510514
0.41673 0.122929
0.868496 0.815546
0.358837 0.46614
0.998932 0.22718
0.975616 0.334788
0.912076 0.035371
0.644765 0.746117
0.0679952 0.66039
0.834559 0.79812
0.265633 0.424177
0.807794 0.824244
0.758446 0.939482
0.0882595 0.314463
0.82107 0.0422376
0.699423 0.932493
0.527177 0.468276
0.650441 0.961455
9.15555e-05 0.261605
0.801843 0.598376
0.850581 0.518784
0.293832 0.375896
0.963988 0.762413
0.261666 0.385205
0.48381 0.280313
0.851161 0.118351
0.953368 0.901334
0.432447 0.381634
0.0703146 0.441115
0.000824 0.612934
0.142613 0.0811487
0.765313 0.160192
0.748466 0.335429
0.755058 0.761376
0.73986 0.562487
0.234535 0.301798
0.49086 0.67687
0.620441 0.102695
0.660146 0.105136
0.0806604 0.854488
0.1301 0.890194
0.655965 0.173803
0.562365 0.0525529
0.930692 0.846553
0.0929594 0.0252998
0.914151 0.764397
0.591937 0.770898
0.980712 0.379284
0.669362 0.889523
0.626514 0.269692
0.732627 0.00061037
0.737236 0.297983
0.923704 0.126102
0.127628 0.445143
0.288339 0.189398
0.200323 0.998688
0.362041 0.00021363
0.8193 0.568651
0.558489 0.966674
0.512711 0.417646
0.0773644 0.81344
0.825831 0.319163
0.483627 0.104038
0.706626 0.966674
0.730857 0.802393
0.536302 0.146519
0.791894 0.520035
0.976318 0.10715
0.647664 0.0239265
0.805445 0.945982
0.472579 0.902799
0.325632 0.76516
0.477187 0.564501
0.8193 0.89584
