956
0.173009 0.522965
0.217627 0.0500198
0.853816 0.888943
0.896786 0.675558
0.00585955 0.293741
0.257241 0.394726
0.870571 0.361766
0.881588 0.593158
0.390942 0.46324
0.559923 0.697928
0.393872 0.294015
0.175756 0.644795
0.812555 0.332347
0.961089 0.238441
0.231635 0.328532
0.651662 0.81106
0.535844 0.48439
0.574114 0.0863369
0.943297 0.478286
0.204627 0.992065
0.169256 0.966094
0.250008 0.896176
0.4008 0.246467
0.0638142 0.749412
0.177526 0.244758
0.880825 0.215705
0.807215 0.929044
0.319559 0.0455336
0.178137 0.338511
0.213782 0.92642
0.0500809 0.56389
0.859676 0.485824
0.49205 0.0432752
0.507614 0.777703
0.426923 0.254494
0.981414 0.790765
0.591388 0.629841
0.314005 0.000915555
0.807337 0.0303964
0.203406 0.350566
0.831965 0.35493
0.177099 0.159795
0.496475 0.235328
0.463027 0.874386
0.575335 0.512711
0.544115 0.526292
0.0295724 0.632557
0.598041 0.540178
0.213019 0.151219
0.0724204 0.259957
0.389172 0.322153
0.87347 0.732841
0.423017 0.62331
0.482772 0.204505
0.595386 0.884945
0.738487 0.184759
0.805292 0.625507
0.939299 0.715232
0.61391 0.60329
0.984588 0.075045
0.752525 0.417798
0.195471 0.441755
0.765374 0.706564
0.349498 0.913236
0.568133 0.593921
0.204077 0.548234
0.323466 0.576128
0.57857 0.303293
0.453169 0.000488296
0.965819 0.85876
0.251808 0.923948
0.564592 0.973815
0.346049 0.149815
0.625202 0.359966
0.904446 0.0611591
0.610614 0.232887
0.0656148 0.435041
0.324961 0.357402
0.674093 0.211798
0.87466 0.00888089
0.885678 0.972899
0.39021 0.106723
0.535691 0.561693
0.194006 0.831477
0.782281 0.578875
0.742729 0.365001
0.346232 0.310648
0.509598 0.175359
0.00933866 0.222083
0.314219 0.723075
0.311533 0.989441
0.461257 0.522782
0.426344 0.394238
0.126072 0.50969
0.663839 0.6592
0.68218 0.939054
0.825098 0.138462
0.128452 0.96588
0.770714 0.316691
0.562517 0.378216
0.00689718 0.0181585
0.492355 0.691885
0.289041 0.224403
0.795679 0.775384
0.778802 0.372204
0.987579 0.834986
0.0712607 0.950072
0.280679 0.697897
0.788812 0.279092
0.647633 0.13834
0.0329905 0.28135
0.14124 0.0412
0.518937 0.202887
0.7687 0.135319
0.299936 0.86166
0.139866 0.178503
0.652943 0.327158
0.906156 0.182134
0.164861 0.194433
0.260964 0.185003
0.373821 0.394635
0.659688 0.113987
0.604999 0.0820948
0.742515 0.565752
0.943876 0.982574
0.698355 0.501968
0.397778 0.811365
0.704642 0.811701
0.0630512 0.291879
0.420637 0.970122
0.644093 0.453352
0.928739 0.442854
0.437025 0.834437
0.0333262 0.171026
0.0417188 0.402631
0.999756 0.305307
0.956999 0.95059
0.516984 0.282846
0.190527 0.4897
0.111179 0.433363
0.547197 0.222571
0.853572 0.334361
0.234993 0.611011
0.428419 0.102206
0.315561 0.632801
0.324503 0.273934
0.988067 0.749626
0.479385 0.568621
1 0.504471
0.407178 0.514634
0.10593 0.852718
0.0529191 0.6751
0.158086 0.720542
0.318857 0.207526
0.36903 0.266701
0.354869 0.346294
0.873134 0.456648
0.00412 0.859584
0.123234 0.371075
0.127476 0.120945
0.701621 0.777795
0.0904569 0.0420545
0.478622 0.913694
0.379589 0.744163
0.0741905 0.790918
0.0863674 0.665303
0.62566 0.873653
0.260231 0.527177
0.982269 0.481368
0.35493 0.0877102
0.51973 0.109104
0.644704 0.551439
0.825159 0.078402
0.426801 0.562517
0.596637 0.718833
0.289346 0.898099
0.542833 0.853572
0.71337 0.677297
0.581866 0.453475
0.97 0.339274
0.0902127 0.637379
0.966674 0.454817
0.897763 0.340342
0.717399 0.914762
0.472182 0.621967
0.755455 0.459578
0.551378 0.42848
0.452498 0.271584
0.608936 0.303507
0.677725 0.463118
0.118442 0.931608
0.0740074 0.188025
0.953154 0.146519
0.17011 0.5786
0.600574 0.795373
0.987335 0.224525
0.147343 0.754357
0.419111 0.652699
0.0112003 0.785638
0.533586 0.345012
0.887112 0.128574
0.806513 0.117771
0.992126 0.914914
0.125462 0.577044
0.814539 0.20365
0.660665 0.363201
0.635182 0.740715
0.337718 0.612049
0.674337 0.0870998
0.783959 0.186224
0.541398 0.454543
0.977782 0.109745
0.639637 0.680441
0.943571 0.666982
0.748894 0.731986
0.134129 0.330393
0.914335 0.0287484
0.433943 0.431379
0.92465 0.114719
0.655538 0.837947
0.961608 0.821802
0.316752 0.797876
0.825068 0.991577
0.678854 0.0533158
0.809198 0.748924
0.272164 0.281777
0.194037 0.0964385
0.288614 0.0443129
0.416242 0.0645161
0.525223 0.316935
0.249062 0.125492
0.26191 0.621479
0.245643 0.0264901
0.49678 0.980926
0.343059 0.814508
0.0908231 0.882321
0.464278 0.34666
0.821985 0.506607
0.363872 0.846583
0.225227 0.0908536
0.799432 0.804193
0.347667 0.373547
0.838252 0.783502
0.687948 0.900479
0.245827 0.699942
0.0501114 0.81283
0.428846 0.746971
0.596667 0.683706
0.869198 0.407971
0.700644 0.0110782
0.0376293 0.221168
0.84051 0.247688
0.405774 0.766808
0.755577 0.340739
0.907834 0.149937
0.272805 0.592212
0.239509 0.367016
0.035371 0.985168
0.517563 0.623859
0.709708 0.594775
0.839839 0.849818
0.99176 0.254768
0.530961 0.754845
0.641713 0.941099
0.797113 0.890011
0.358592 0.0210273
0.315378 0.242775
0.646779 0.909085
0.0813623 0.504105
0.218543 0.878597
0.266854 0.775872
0.637745 0.0263985
0.364086 0.591327
0.967711 0.722373
0.519486 0.00305185
0.63155 0.996796
0.977569 0.0376293
0.65453 0.499802
0.113865 0.608417
0.941679 0.280343
0.211554 0.119297
0.905179 0.720908
0.925413 0.789483
0.157628 0.0795923
0.209449 0.700491
0.430952 0.352886
0.93936 0.75042
0.834071 0.670705
0.483474 0.820734
0.751335 0.825404
0.983001 0.991638
0.451521 0.240181
0.310007 0.106662
0.371929 0.201758
0.561663 0.255592
0.717643 0.224158
0.904782 0.55974
0.280343 0.735282
0.000274667 0.375805
0.0573443 0.129002
0.443648 0.775536
0.858333 0.157262
0.247841 0.823939
0.101016 0.988556
0.860134 0.640706
0.68572 0.693686
0.495895 0.866329
0.831874 0.534379
0.252358 0.257179
0.192724 0.307199
0.215918 0.418073
0.734275 0.0740074
0.0314341 0.480819
0.928007 0.61623
0.880123 0.835475
0.0900906 0.693442
0.222785 0.4944
0.387524 0.979675
0.866115 0.0907926
0.500748 0.941496
0.866268 0.063448
0.920225 0.416333
0.311777 0.423749
0.333445 0.939299
0.707846 0.429304
0.36552 0.680929
0.599658 0.051973
0.0876797 0.417219
0.342601 0.456099
0.740471 0.285684
0.354015 0.534654
0.0235603 0.690268
0.766961 0.6245
0.764794 0.663778
0.51912 0.0408643
0.211035 0.780969
0.470046 0.785882
0.38496 0.561602
0.621479 0.108737
0.693442 0.637715
0.461715 0.704337
0.277383 0.82107
0.712424 0.993561
0.0451674 0.0959197
0.85107 0.612934
0.592669 0.964476
0.428694 0.900052
0.25248 0.856746
0.885525 0.881527
0.0707114 0.215827
0.285562 0.360057
0.272744 0.436964
0.0869472 0.0919217
0.453078 0.994293
0.915891 0.893185
0.200262 0.661245
0.692129 0.251259
0.624256 0.572588
0.716178 0.0398877
0.886715 0.804315
0.933317 0.340922
0.267098 0.992218
0.971404 0.398236
0.75811 0.997101
0.105136 0.463851
0.853389 0.185217
0.12479 0.634968
0.134098 0.408063
0.701682 0.846919
0.715232 0.551256
0.0210883 0.83105
0.813532 0.470382
0.662923 0.16776
0.717826 0.469863
0.0809961 0.536363
0.782708 0.0867641
0.868679 0.547777
0.897855 0.475875
0.228401 0.526261
0.441298 0.0514847
0.927641 0.386395
0.578539 0.114628
0.70333 0.393048
0.396985 0.148778
0.729331 0.500778
0.0841701 0.829737
0.0387585 0.775414
0.103092 0.184912
0.650685 0.425886
0.362896 0.78692
0.222816 0.749687
0.289895 0.933286
0.831599 0.289682
0.00112918 0.613239
0.708823 0.19129
0.145634 0.889157
0.40669 0.20127
0.496231 0.32487
0.719932 0.331553
0.323679 0.496567
0.770714 0.0270394
0.185675 0.0674154
0.377117 0.629444
0.528031 0.713034
0.867885 0.996277
0.531175 0.253914
0.00793481 0.906217
0.619648 0.775384
0.652394 0.263558
0.279733 0.00488296
0.494461 0.664724
0.585375 0.347301
0.693258 0.971984
0.644398 0.0653401
0.0970183 0.764214
0.797815 0.0635395
0.223212 0.449995
0.418317 0.857875
0.156163 0.859065
0.105716 0.21363
0.596942 0.411756
0.527482 0.817804
0.594134 0.843989
0.926481 0.862362
0.444777 0.588519
0.0287179 0.734825
0.218604 0.216437
0.527512 0.145085
0.0664083 0.623554
0.479873 0.0784326
0.180273 0.701804
0.56975 0.198981
0.0287484 0.0477615
0.295602 0.576434
0.106052 0.300546
0.164586 0.921964
0.402966 0.72982
0.0810877 0.315104
0.736503 0.134709
0.548295 0.903775
0.59154 0.271096
0.487655 0.120548
0.00631733 0.992889
0.125736 0.689322
0.89291 0.757073
0.232673 0.954558
0.687002 0.562548
0.915677 0.820826
0.50734 0.361675
0.138859 0.993774
0.721763 0.63741
0.835475 0.583544
0.280862 0.95938
0.844783 0.815912
0.778558 0.975524
0.710624 0.363445
0.156529 0.391339
0.557482 0.145024
0.250649 0.576525
0.900357 0.440809
0.394024 0.0426038
0.373363 0.435987
0.345653 0.424085
0.463881 0.455397
0.862087 0.289132
0.032899 0.603656
0.339213 0.876125
0.259255 0.653127
0.568712 0.831507
0.786126 0.421094
0.0308237 0.250862
0.42436 0.320261
0.973144 0.539262
0.309275 0.323466
0.480209 0.393963
0.539201 0.783715
0.0772423 0.587664
0.295846 0.473708
0.247841 0.0555132
0.701132 0.298318
0.886227 0.257912
0.629536 0.480544
0.180944 0.378216
0.102054 0.25837
0.130711 0.265755
0.0632038 0.367687
0.178808 0.608539
0.844447 0.941954
0.949278 0.189428
0.731376 0.950163
0.0935697 0.341807
0.920835 0.31663
0.644581 0.215857
0.605518 0.19779
0.3914 0.588183
0.531449 0.98352
0.976165 0.676077
0.465926 0.1713
0.00265511 0.330363
0.57091 0.0466933
0.85165 0.759758
0.811335 0.863033
0.139744 0.44615
0.715598 0.154973
0.769799 0.794885
0.780633 0.528398
0.00549333 0.406629
0.224982 0.647694
0.417493 0.480239
0.780602 0.248909
0.563555 0.00268563
0.619861 0.396802
0.183508 0.896359
0.559984 0.636189
0.911496 0.282693
0.123936 0.737236
0.180486 0.760887
0.807428 0.683065
0.78869 0.459395
0.155126 0.360729
0.992859 0.633076
0.729331 0.886868
0.372021 0.238807
0.769524 0.926969
0.116825 0.902829
0.288827 0.670034
0.367565 0.955687
0.804041 0.836482
0.81695 0.000366222
0.401135 0.410993
0.920347 0.589495
0.700552 0.0787683
0.577471 0.56148
0.768304 0.879086
0.95642 0.512253
0.900418 0.384442
0.952055 0.371837
0.21015 0.00399792
0.570299 0.6657
0.40202 0.922269
0.839259 0.40968
0.586108 0.153325
0.98117 0.364116
0.916074 0.233314
0.755272 0.592547
0.493027 0.482864
0.119297 0.787469
0.731681 0.107303
0.735466 0.528672
0.00415052 0.4803
0.363964 0.170721
0.273324 0.315561
0.730125 0.014893
0.010773 0.587207
0.321482 0.760887
0.0541398 0.52031
0.143468 0.803949
0.958159 0.58623
0.21305 0.288736
0.3708 0.887234
0.346568 0.713828
0.445967 0.660909
0.602313 0.493698
0.92581 0.928831
0.00994903 0.114017
0.674032 0.613361
0.993072 0.418195
0.155065 0.141728
0.360424 0.117161
0.456252 0.198248
0.679098 0.737571
0.120426 0.00381481
0.52562 0.388104
0.513047 0.595874
0.522935 0.432264
0.803919 0.398663
0.746757 0.258034
0.900113 0.919431
0.866329 0.691733
0.992492 0.141087
0.6292 0.163732
0.989532 0.00759911
0.343822 0.660482
0.287973 0.0901822
0.655507 0.578845
0.503159 0.742576
0.463027 0.745781
0.339183 0.985412
0.828089 0.43788
0.0856044 0.72277
0.0013123 0.0838649
0.428083 0.0149541
0.808863 0.716208
0.684866 0.323618
0.893185 0.533097
0.669698 0.0163579
0.493789 0.44087
0.320292 0.681722
0.122471 0.537248
0.894833 0.0953093
0.611286 0.436537
0.177648 0.792383
0.00103763 0.652669
0.992096 0.584399
0.160405 0.00463881
0.956481 0.311563
0.197699 0.861019
0.515244 0.900204
0.289956 0.176519
0.696005 0.118625
0.597461 0.017243
0.243721 0.297494
0.0697958 0.065096
0.466079 0.963317
0.947935 0.88818
0.0361034 0.919492
0.735618 0.612903
0.250313 0.734642
0.269356 0.498184
0.026307 0.315104
0.554643 0.72985
0.673574 0.3932
0.654286 0.868435
0.427412 0.153661
0.931944 0.525162
0.000244148 0.551775
0.763726 0.20716
0.143468 0.605365
0.62569 0.269539
0.526749 0.0696127
0.954009 0.790551
0.499039 0.549883
0.547563 0.297464
0.958983 0.00912503
0.146977 0.216926
0.476516 0.255257
0.538591 0.936186
0.288064 0.388897
0.190039 0.272988
0.528001 0.668081
0.158879 0.827692
0.218116 0.574694
0.659444 0.988433
0.248054 0.158147
0.202002 0.187994
0.00140385 0.752556
0.140568 0.481002
0.773278 0.843715
0.439283 0.925108
0.258431 0.466811
0.467788 0.299112
0.38435 0.0783105
0.864315 0.0360118
0.649739 0.635182
0.561907 0.878689
0.0670186 0.00680563
0.687521 0.153539
0.0377514 0.00839259
0.569109 0.792199
0.352641 0.754753
0.232429 0.998352
0.430494 0.690786
0.370617 0.494461
0.656117 0.775597
0.997253 0.960753
0.39552 0.351024
0.637471 0.711478
0.438093 0.498337
0.324015 0.842982
0.589984 0.751518
0.298624 0.132145
0.422071 0.226173
0.161657 0.27195
0.00738548 0.188879
0.763604 0.165502
0.00320444 0.71041
0.84817 0.718925
0.113895 0.0766625
0.149998 0.304392
0.173559 0.0374767
0.919401 0.964965
0.319926 0.077578
0.0289621 0.445906
0.588946 0.999359
0.730613 0.399609
0.989502 0.179235
0.071749 0.853969
0.0133976 0.954253
0.964995 0.92233
0.712851 0.746696
0.756371 0.764122
0.845027 0.113651
0.0372021 0.862392
0.220801 0.810999
0.0614338 0.333934
0.957121 0.620502
0.795404 0.554979
0.176977 0.551103
0.517289 0.51088
0.000305185 0.146641
0.597156 0.581286
0.0979949 0.389599
0.792749 0.49556
0.871364 0.913816
0.94171 0.217261
0.868343 0.511856
0.435041 0.534745
0.489456 0.513443
0.270455 0.556871
0.238258 0.787683
0.741966 0.794855
0.449416 0.809748
0.468978 0.844356
0.754173 0.48854
0.459517 0.111667
0.994537 0.880215
0.464583 0.0301523
0.070986 0.47734
0.0810877 0.924375
0.85342 0.972442
0.104221 0.157231
0.391705 0.658223
0.256386 0.216773
0.0569475 0.902066
0.0974761 0.124516
0.399915 0.00842311
0.503464 0.410779
0.58269 0.911679
0.818232 0.17655
0.998657 0.336283
0.436781 0.460189
0.452376 0.38255
0.42085 0.79519
0.92114 0.693075
0.149174 0.664235
0.944822 0.0937834
0.0175176 0.51204
0.916623 0.657002
0.581896 0.939512
0.454939 0.413678
0.102939 0.557939
0.949553 0.0600604
0.932524 0.559526
0.398541 0.950133
0.326456 0.54677
0.806269 0.37022
0.843165 0.211707
0.416944 0.12775
0.210486 0.378185
0.484085 0.0106204
0.541795 0.0228889
0.345531 0.245552
0.674978 0.518754
0.54326 0.613178
0.224158 0.252388
0.712424 0.705954
0.178655 0.465133
0.3137 0.157323
0.679128 0.798547
0.880184 0.621723
0.18186 0.40788
0.7004 0.874966
0.438002 0.295755
0.900571 0.504562
0.748344 0.0444044
0.258461 0.344188
0.391369 0.692526
0.906461 0.994232
0.739341 0.685476
0.867305 0.860225
0.289865 0.259804
0.205634 0.958007
0.158177 0.422712
0.0736412 0.992492
0.0299997 0.144078
0.0599078 0.711814
0.888272 0.3043
0.814905 0.955351
0.379376 0.524186
0.257332 0.0867641
0.0260323 0.360332
0.810846 0.597644
0.299417 0.52562
0.625965 0.531297
0.614368 0.33079
0.931089 0.00302133
0.613208 0.652821
0.391369 0.847072
0.0657369 0.156926
0.6451 0.29075
0.226569 0.846889
0.817835 0.232459
0.971313 0.28074
0.558885 0.764916
0.779046 0.736228
0.173894 0.121097
0.590106 0.374798
0.996857 0.701315
0.109745 0.815821
0.875912 0.947203
0.746818 0.855708
0.576128 0.228004
0.00241096 0.258095
0.813074 0.26545
0.954741 0.425825
0.616291 0.82519
0.320231 0.39436
0.829554 0.643147
0.673421 0.294351
0.792749 0.65688
0.128636 0.836207
0.513474 0.460128
0.493271 0.149998
0.828089 0.907712
0.567217 0.405408
0.466079 0.142186
0.286355 0.633991
0.541215 0.175726
0.206824 0.605304
0.355693 0.0484939
0.745384 0.229804
0.613666 0.943968
0.641926 0.607501
0.00103763 0.0564898
0.613544 0.137425
0.547716 0.111454
0.466567 0.495804
0.790948 0.157964
0.303079 0.607898
0.760857 0.107212
0.788751 0.00558489
0.837672 0.0520341
0.30842 0.962371
0.837611 0.0180364
0.313486 0.919095
0.408795 0.996551
0.679617 0.42378
0.80282 0.302713
0.998596 0.457137
0.556536 0.327464
0.149785 0.538255
0.614338 0.913511
0.350536 0.564898
0.564165 0.475936
0.338328 0.185217
0.849818 0.38435
0.00119022 0.443434
0.783624 0.342204
0.840358 0.463179
0.873684 0.778222
0.714164 0.271401
0.246376 0.422803
0.797998 0.997375
0.0614032 0.0350963
0.434156 0.180578
0.625446 0.00186163
0.374096 0.715293
0.468978 0.67687
0.3961 0.876034
0.315287 0.889126
0.664174 0.961455
0.169897 0.994324
0.301798 0.290201
0.187872 0.733177
0.115329 0.663472
0.18366 0.216102
0.100192 0.953642
0.898892 0.856807
0.760979 0.0687277
0.347087 0.214728
0.931822 0.166906
0.74987 0.906888
0.402417 0.438185
0.452651 0.079165
0.400006 0.379192
0.967681 0.649983
0.856105 0.434248
0.787927 0.22187
0.235145 0.193884
0.315043 0.453932
0.459029 0.550432
0.964202 0.765252
0.508225 0.838679
0.0428785 0.955901
0.523881 0.873501
0.237098 0.552232
0.788171 0.948851
0.329203 0.126865
0.188025 0.936979
0.148381 0.244118
0.0278634 0.53798
0.374584 0.926725
0.36671 0.998169
0.628437 0.969115
0.288278 0.79574
0.60741 0.463973
0.12183 0.23722
0.728599 0.769921
0.370037 0.819849
0.995483 0.556383
0.236793 0.673421
0.0944548 0.0120548
0.641499 0.188116
0.162786 0.496933
0.756798 0.39082
0.273873 0.87466
0.754112 0.00125126
0.405927 0.543962
0.0701315 0.395825
0.742637 0.315897
0.292917 0.767144
0.145939 0.94467
0.390973 0.176092
0.759972 0.953276
0.276772 0.151891
0.201666 0.520615
0.937742 0.253182
0.886746 0.648183
0.664785 0.712699
0.734031 0.438093
0.0285958 0.660115
0.685018 0.999786
0.430067 0.718039
0.998901 0.388165
0.275491 0.117801
0.767388 0.553056
0.200018 0.632405
0.153661 0.691031
0.662313 0.238044
0.95468 0.692709
0.901913 0.00360118
0.176214 0.674795
0.00167852 0.811579
0.48616 0.719382
0.483901 0.595843
0.943205 0.0323191
0.681326 0.825678
0.738182 0.978423
0.830927 0.697775
0.999329 0.65978
0.0314646 0.892331
0.0272225 0.0753502
0.489761 0.280343
0.0531938 0.647786
0.646443 0.391247
0.0477615 0.195654
0.121586 0.874935
0.879788 0.174993
0.554918 0.999817
0.685354 0.350902
0.940092 0.838679
0.724754 0.832179
0.417707 0.595355
0.237648 0.000427259
0.134434 0.0946074
0.11127 0.713157
