965
0.842158 0.51204
0.249092 0.994568
0.798059 0.0390942
0.548357 0.262246
0.0786462 0.205878
0.242836 0.932005
0.795984 0.915189
0.408093 0.926267
0.235878 0.6498
0.793634 0.790826
0.898129 0.937315
0.263161 0.874813
0.013947 0.949156
0.761071 0.947172
0.600879 0.270791
0.0664083 0.667013
0.191534 0.273476
0.658254 0.320688
0.257546 0.0506607
0.230964 0.399487
0.101138 0.86816
0.970183 0.897916
0.584674 0.100101
0.368999 0.98941
0.729575 0.557939
0.867 0.234657
0.715323 0.617603
0.09241 0.98001
0.310312 0.0524918
0.989257 0.100833
0.610401 0.747703
0.702506 0.809687
0.0260628 0.655354
0.952055 0.83404
0.394726 0.0237739
0.909665 0.313181
0.278146 0.280038
0.814112 0.402753
0.134007 0.738853
0.156926 0.819849
0.735496 0.8081
0.0335093 0.821863
0.179785 0.0868862
0.473128 0.340983
0.110385 0.825282
0.685202 0.370525
0.182623 0.651265
0.502792 0.759453
0.305246 0.972045
0.804651 0.0713218
0.688314 0.954863
0.228919 0.494522
0.735496 0.647023
0.972259 0.869869
0.102329 0.602832
0.265206 0.373882
0.498093 0.0614032
0.203864 0.858791
0.408307 0.433271
0.188818 0.377575
0.104831 0.563555
0.202826 0.927763
0.702811 0.748497
0.820002 0.235267
0.833827 0.803461
0.203711 0.760491
0.262185 0.406598
0.0280465 0.489395
0.159093 0.396619
0.221015 0.806513
0.365642 0.766259
0.755791 0.437117
0.270882 0.153325
0.8034 0.114841
0.434217 0.0991851
0.582263 0.157537
0.482711 0.480758
0.686575 0.60744
0.31547 0.023072
0.145756 0.29783
0.195624 0.0627155
0.445723 0.564501
0.0903958 0.711112
0.217872 0.197821
0.436384 0.647999
0.344127 0.424451
0.800409 0.875484
0.788202 0.457991
0.259529 0.818049
0.56502 0.620533
0.372631 0.436048
0.559709 0.928312
0.060213 0.0817896
0.873989 0.0999786
0.75277 0.762352
0.589038 0.934446
0.506211 0.983581
0.235481 0.456587
0.276345 0.627033
0.867366 0.602893
0.5262 0.36784
0.503708 0.126926
0.625233 0.145054
0.685507 0.832331
0.383953 0.363506
0.883084 0.53148
0.633473 0.906247
0.691031 0.00915555
0.0914029 0.0720847
0.935575 0.965361
0.405469 0.82638
0.8511 0.880917
0.0805994 0.310678
0.0989105 0.774712
0.663503 0.753166
0.697439 0.273202
0.675161 0.516709
0.0445875 0.218635
0.710532 0.890866
0.355266 0.365215
0.367595 0.038728
0.165716 0.337779
0.295877 0.452376
0.539109 0.744529
0.82873 0.68337
0.672109 0.924345
0.383038 0.249001
0.760186 0.893124
0.014008 0.0349742
0.654775 0.394879
0.380047 0.483688
0.728599 0.921628
0.27369 0.780969
0.997925 0.343394
0.180609 0.959502
0.146214 0.695425
0.290902 0.931242
0.0380261 0.459944
0.990265 0.442457
0.10303 0.926572
0.635823 0.278512
0.608997 0.632466
0.64565 0.470016
0.718894 0.026368
0.396557 0.564531
0.799097 0.658895
0.552599 0.46144
0.437117 0.486892
0.951506 0.0927457
0.94293 0.350597
0.519852 0.196142
0.0326243 0.174627
0.532334 0.634053
0.487442 0.182287
0.69924 0.423627
0.686087 0.308054
0.565081 0.871975
0.127262 0.131169
0.849025 0.921323
0.59212 0.671957
0.389569 0.16364
0.0622578 0.731162
0.00521867 0.330515
0.443007 0.748192
0.399274 0.272286
0.0595111 0.132725
0.163213 0.601337
0.716422 0.709464
0.336009 0.277322
0.575884 0.0563982
0.261971 0.439009
0.435652 0.695425
0.520493 0.577227
0.27546 0.682455
0.12775 0.467177
0.41728 0.600116
0.869869 0.501816
0.82693 0.144383
0.48384 0.220191
0.355907 0.587909
0.45439 0.227638
0.1095 0.399518
0.467971 0.915525
0.984161 0.588794
0.76516 0.340587
0.89169 0.430555
0.651997 0.232673
0.587451 0.0201727
0.163579 0.921903
0.197302 0.423017
0.401776 0.713431
0.428968 0.167852
0.816523 0.433943
0.871487 0.1948
0.300851 0.302866
0.95584 0.022248
0.247169 0.29667
0.884945 0.262246
0.293649 0.183599
0.898068 0.806513
0.903226 0.0910367
0.663961 0.978881
0.104801 0.500961
0.378094 0.902768
0.356731 0.00604266
0.238807 0.855464
0.239479 0.589129
0.24192 0.250191
0.210364 0.612232
0.288186 0.996216
0.0232551 0.912107
0.306223 0.484207
0.891964 0.557665
0.215155 0.0187994
0.25486 0.189062
0.155614 0.567461
0.953459 0.456282
0.632313 0.862972
0.148442 0.0916471
0.499954 0.932951
0.90112 0.00149541
0.767205 0.524796
0.0136418 0.864528
0.542894 0.53502
0.849544 0.0505081
0.433332 0.379406
0.158849 0.426099
0.932188 0.617023
0.00524918 0.38612
0.15183 0.86578
0.983245 0.475539
0.973052 0.808893
0.127964 0.53621
0.260842 0.723838
0.659139 0.594378
0.8417 0.180944
0.495682 0.727317
0.485061 0.414106
0.839778 0.964721
0.762688 0.215278
0.838374 0.549974
0.94113 0.124424
0.726188 0.494461
0.882717 0.898038
0.0340587 0.413495
0.786157 0.729026
0.983734 0.0374462
0.0617695 0.387646
0.583483 0.584033
0.0399487 0.274636
0.700827 0.997925
0.916593 0.196509
0.343364 0.640309
0.909024 0.0595111
0.933073 0.252754
0.633045 0.779778
0.969085 0.93231
0.69097 0.244636
0.269845 0.109592
0.393353 0.0844142
0.351238 0.739158
0.884884 0.395642
0.655293 0.0869778
0.0449843 0.354472
0.546922 0.0926542
0.128513 0.374248
0.593127 0.30369
0.114628 0.0990631
0.459914 0.837153
0.180151 0.158086
0.410016 0.977569
0.35078 0.919095
0.499924 0.0148625
0.715873 0.677206
0.499405 0.692984
0.541978 0.120365
0.972259 0.987518
0.684561 0.7257
0.622913 0.116916
0.835231 0.307291
0.0191046 0.23075
0.151616 0.242805
0.242286 0.96176
0.49385 0.847133
0.375408 0.215125
0.298013 0.348399
0.996033 0.370617
0.740104 0.110508
0.138066 0.344615
0.48439 0.797388
0.780389 0.168645
0.182928 0.529893
0.0545671 0.534867
0.259194 0.553026
0.443892 0.454085
0.896023 0.151402
0.811243 0.339
0.362316 0.0952177
0.938292 0.793207
0.0935392 0.248054
0.161321 0.124638
0.124851 0.955077
0.584155 0.798486
0.750175 0.307657
0.471023 0.984954
0.791681 0.996063
0.299539 0.835932
0.424268 0.041261
0.993194 0.965148
0.740745 0.259011
0.991852 0.535844
0.149968 0.203284
0.953246 0.682272
0.141331 0.505875
0.566515 0.198065
0.889309 0.867031
0.332896 0.383953
0.446516 0.425672
0.0245674 0.705039
0.115452 0.15952
0.570391 0.24131
0.998993 0.300607
0.335826 0.688711
0.918088 0.875179
0.0405896 0.0176092
0.166021 0.78164
0.0839259 0.457747
0.110965 0.0522477
0.911405 0.224891
0.808283 0.815973
0.533708 0.0369884
0.81637 0.715659
0.387524 0.947905
0.127842 0.0303659
0.515152 0.891507
0.547441 0.894101
0.973083 0.203711
0.215766 0.084872
0.227882 0.7734
0.894131 0.718589
0.80987 0.968596
0.315409 0.94406
0.726768 0.22718
0.8905 0.0294809
0.190313 0.483474
0.933775 0.570421
0.418348 0.342296
0.12537 0.62154
0.617481 0.0761437
0.288583 0.0275277
0.484481 0.873043
0.361675 0.401196
0.75808 0.379833
0.581286 0.844691
0.179266 0.62331
0.0657979 0.761132
0.48616 0.628162
0.636677 0.50325
0.840571 0.456526
0.78811 0.391552
0.585681 0.4944
0.309671 0.556078
0.282418 0.0688498
0.971923 0.744713
0.532151 0.43025
0.180395 0.191687
0.0414136 0.877407
0.434797 0.283792
0.690939 0.178991
0.449599 0.965911
0.361461 0.960997
0.963744 0.420179
0.707816 0.0753502
0.570574 0.519456
0.185034 0.703787
0.944487 0.301859
0.0806299 0.423444
0.16187 0.73339
0.652394 0.352763
0.989257 0.701956
0.628498 0.806818
0.656667 0.137608
0.851924 0.372509
0.805017 0.29136
0.0688498 0.801965
0.415052 0.142918
0.326456 0.796869
0.264534 0.220588
0.218909 0.731498
0.32841 0.234352
0.364147 0.328074
0.77047 0.247597
0.112003 0.304422
0.375866 0.287179
0.479659 0.294168
0.518204 0.243233
0.955535 0.502213
0.250557 0.00909452
0.267251 0.59093
0.00463881 0.587359
0.933348 0.41551
0.753868 0.138676
0.930265 0.996612
0.564074 0.392163
0.305002 0.267739
0.327616 0.614765
0.46379 0.523972
0.538194 0.287637
0.674673 0.789758
0.720145 0.779534
0.644551 0.660085
0.00567644 0.980926
0.864986 0.670766
0.770837 0.859065
0.437178 0.806604
0.763848 0.710898
0.373241 0.623096
0.674093 0.488113
0.944792 0.223731
0.668294 0.895779
0.1189 0.227393
0.41084 0.519333
0.0755638 0.00515763
0.133366 0.928861
0.136082 0.894986
0.491653 0.536241
0.0347606 0.733634
0.279885 0.534318
0.331095 0.994964
0.981658 0.162481
0.469955 0.678823
0.108737 0.431715
0.0398267 0.849177
0.925932 0.464125
0.926389 0.512986
0.548692 0.692831
0.347758 0.149785
0.218604 0.981506
0.478164 0.253914
0.457533 0.187841
0.351512 0.502823
0.734306 0.395306
0.298105 0.880947
0.956908 0.646596
0.169012 0.984863
0.898312 0.344218
0.379864 0.674551
0.768792 0.0452284
0.803186 0.593036
0.0556047 0.602496
0.603778 0.69689
0.672323 0.631672
0.608814 0.196387
0.424818 0.23603
0.721641 0.138707
0.988678 0.774194
0.515824 0.465255
0.061861 0.906034
0.507462 0.0997955
0.542985 0.792718
0.136601 0.839503
0.304361 0.706198
0.0602741 0.972961
0.848567 0.265206
0.466292 0.721244
0.658254 0.833125
0.218238 0.569536
0.706259 0.352397
0.0769982 0.48735
0.185003 0.897275
0.070864 0.940886
0.072573 0.836085
0.437117 0.0716269
0.637959 0.725059
0.399029 0.881954
0.359355 0.845851
0.0125431 0.147191
0.101321 0.371807
0.960845 0.262062
0.932737 0.909329
0.517258 0.818537
0.899869 0.635456
0.27073 0.344127
0.578234 0.964232
0.551042 0.988159
0.331919 0.316752
0.692679 0.863765
0.805567 0.844813
0.739586 0.357585
0.0112613 0.119999
0.907559 0.119663
0.321696 0.170568
0.456465 0.876919
0.975738 0.621632
0.237159 0.537004
0.45909 0.622669
0.583148 0.330363
0.0638142 0.560717
0.610645 0.442122
0.694723 0.123142
0.124882 0.675893
0.22425 0.143651
0.639546 0.435041
0.926481 0.0281686
0.322306 0.124088
0.246925 0.324015
0.370891 0.550096
0.683767 0.675191
0.767571 0.658986
0.0761437 0.638936
0.72457 0.971709
0.9111 0.774041
0.862087 0.0218818
0.545915 0.341838
0.21485 0.896817
0.627491 0.974151
0.671316 0.0386059
0.04944 0.31019
0.00430311 0.433241
0.974578 0.394696
0.766198 0.626484
0.940733 0.726859
0.618671 0.331797
0.764977 0.590533
0.995849 0.910001
0.210913 0.529099
0.682363 0.573138
0.176977 0.299753
0.402997 0.312021
0.458358 0.00985748
0.59331 0.538987
0.599994 0.896847
0.838221 0.114078
0.0124821 0.202704
0.476211 0.440748
0.652791 0.95114
0.335795 0.473098
0.869472 0.988403
0.180151 0.245003
0.320658 0.859096
0.68865 0.458266
0.617023 0.405011
0.868191 0.848109
0.624287 0.0104068
0.619007 0.249947
0.840754 0.999786
0.336039 0.540757
0.0715964 0.169622
0.426801 0.87933
0.417676 0.776452
0.129032 0.00317392
0.0639058 0.697317
0.195318 0.133915
0.564745 0.433271
0.40492 0.20896
0.109897 0.65041
0.325053 0.661824
0.488082 0.657002
0.532731 0.945952
0.983093 0.504593
0.503922 0.316752
0.565691 0.550981
0.845576 0.742943
0.830348 0.0155339
0.124454 0.586505
0.556658 0.594409
0.839198 0.643361
0.805902 0.00112918
0.804559 0.26191
0.725578 0.853877
0.129276 0.993896
0.0940886 0.126988
0.645344 0.689535
0.993744 0.0701315
0.269723 0.505356
0.929197 0.386547
0.032899 0.783471
0.0241096 0.541581
0.75222 0.992798
0.843745 0.585742
0.872433 0.458327
0.778832 0.31431
0.00225837 0.679617
0.649312 0.545305
0.474715 0.144261
0.148412 0.150121
0.790887 0.511368
0.357524 0.192175
0.769982 0.109195
0.950865 0.539872
0.814417 0.772942
0.125156 0.792993
0.624714 0.304605
0.459822 0.366741
0.219794 0.335704
0.761895 0.467177
0.472304 0.763054
0.733299 0.463729
0.788965 0.544084
0.432203 0.204596
0.544389 0.178411
0.814325 0.631336
0.220679 0.281106
0.897427 0.595874
0.720298 0.31251
0.163488 0.467666
0.169134 0.0497452
0.245094 0.684072
0.246467 0.793634
0.281594 0.243721
0.867885 0.805292
0.195288 0.348277
0.952696 0.172399
0.820154 0.932035
0.89874 0.480605
0.102847 0.014893
0.247139 0.0879238
0.98587 0.00326548
0.515885 0.515793
0.915006 0.683523
0.295358 0.140355
0.657735 0.00579852
0.399609 0.398511
0.943297 0.0567644
0.500778 0.355754
0.609516 0.826472
0.304819 0.73397
0.919248 0.544969
0.577258 0.728721
0.94528 0.878597
0.461745 0.0376293
0.633381 0.179632
0.509995 0.608966
0.879666 0.778588
0.59682 0.374889
0.302866 0.4138
0.480911 0.0856044
0.743522 0.732566
0.389996 0.118778
0.00143437 0.507187
0.539476 0.00735496
0.860439 0.429701
0.708151 0.533921
0.0121769 0.0750755
0.276315 0.957457
0.871639 0.295083
0.640065 0.572314
0.0325632 0.971618
0.369457 0.872921
0.986114 0.131169
0.842586 0.399457
0.45085 0.308725
0.635212 0.0397656
0.299081 0.217902
0.937803 0.764428
0.421125 0.548295
0.0419935 0.110965
0.730277 0.426191
0.308695 0.586352
0.224311 0.054445
0.516007 0.406293
0.617725 0.470809
0.9794 0.239998
0.543474 0.507218
0.623829 0.605274
0.182287 0.581011
0.00341807 0.620838
0.213324 0.683462
0.402997 0.652669
0.390454 0.853969
0.00778222 0.83697
0.395917 0.0537431
0.765923 0.00332652
0.319254 0.766381
0.123142 0.190405
0.0715049 0.0531022
0.57445 0.768944
0.321238 0.0909757
0.796228 0.192694
0.997131 0.823572
0.00122074 0.256447
0.670339 0.207801
0.852626 0.704001
0.920469 0.838069
0.624195 0.377148
0.762078 0.797632
0.182623 0.0242317
0.38258 0.734428
0.727409 0.174718
0.479049 0.576312
0.875179 0.959746
0.201178 0.454207
0.334696 0.346965
0.562609 0.653767
0.588153 0.464827
0.863643 0.337962
0.431318 0.00231941
0.999756 0.183355
0.590411 0.998138
0.782495 0.423444
0.448897 0.123753
0.37196 0.70745
0.378155 0.807611
0.0421461 0.626881
0.546251 0.832575
0.552415 0.146428
0.661397 0.169652
0.78283 0.763878
0.211035 0.954253
0.0838343 0.34373
0.284585 0.568529
0.334391 0.966948
0.095584 0.281167
0.00137333 0.792322
0.999359 0.651479
0.921598 0.657063
0.224006 0.229438
0.521744 0.861232
0.340556 0.0490738
0.193731 0.999054
0.9682 0.361461
0.573351 0.274575
0.1189 0.705649
0.437666 0.919126
0.543535 0.218818
0.682119 0.0961638
0.97232 0.288736
0.145878 0.657979
0.263527 0.654836
0.00286874 0.89172
0.525803 0.710288
0.62569 0.217811
0.89935 0.979797
0.8923 0.752647
0.160009 0.271523
0.0659505 0.285531
0.00894192 0.290506
0.0258492 0.604938
0.869839 0.0699484
0.428358 0.847926
0.000946074 0.738945
0.847255 0.214606
0.921171 0.167547
0.95642 0.598071
0.891263 0.661977
0.124577 0.262062
0.326762 0.900235
0.0908231 0.741783
0.268502 0.903531
0.195257 0.82461
0.765252 0.563311
0.753624 0.0715354
0.735771 0.000885037
0.330241 0.20127
0.81872 0.492599
0.0878323 0.534135
0.704947 0.204352
0.206946 0.168706
0.302835 0.51204
0.850062 0.482162
0.521653 0.666616
0.678487 0.339427
0.936247 0.00122074
0.525651 0.158605
0.623249 0.534501
0.793237 0.700613
0.451033 0.26014
0.167821 0.675588
0.604144 0.0491653
0.526017 0.0641194
0.510147 0.27134
0.298929 0.651357
0.0892666 0.899838
0.349956 0.813013
0.197241 0.221229
0.853297 0.155004
0.79458 0.944517
0.732353 0.585375
0.195563 0.792291
0.00149541 0.358013
0.0621357 0.249886
0.588031 0.128574
0.920652 0.277169
0.752037 0.187658
0.29429 0.807276
0.239418 0.360424
0.82934 0.899228
0.298074 0.378368
0.154241 0.0144658
0.659658 0.292093
0.761406 0.82992
0.170751 0.505081
0.701621 0.926939
0.382275 0.515854
0.248451 0.750603
0.23133 0.115879
0.687887 0.397656
0.563036 0.304056
0.875759 0.132603
0.792779 0.364391
0.996582 0.262856
0.272256 0.843196
0.4073 0.467483
0.00192267 0.173467
0.940886 0.937193
0.388623 0.591754
0.611194 0.579974
0.363567 0.0671102
0.979888 0.672384
0.764306 0.280404
0.0103763 0.0029603
0.832881 0.85461
0.000457778 0.465438
0.322642 0.441725
0.781884 0.140294
0.431318 0.998718
0.155797 0.948149
0.274667 0.477981
0.4214 0.951292
0.355602 0.255806
0.820734 0.368267
0.819117 0.570452
0.86877 0.572222
0.882778 0.366985
0.414106 0.745964
0.599078 0.225349
0.994324 0.414258
0.489669 0.959258
0.85107 0.777398
0.589587 0.419843
0.428297 0.721793
0.572253 0.363109
0.358623 0.124088
0.246101 0.621265
0.0963775 0.678365
0.239753 0.166387
0.81576 0.743126
0.0703757 0.876705
0.0307627 0.576495
0.759697 0.497696
0.697378 0.151433
0.403546 0.624134
0.665365 0.421949
0.872768 0.64156
0.844172 0.0802332
0.45912 0.397259
0.965575 0.320292
0.280892 0.747978
0.0654317 0.999756
0.791986 0.222236
0.777001 0.970153
0.967193 0.565264
0.203528 0.307596
0.999542 0.858028
0.619617 0.930692
0.743278 0.674429
0.156499 0.365947
0.837062 0.614429
0.224494 0.430647
0.488601 0.38609
0.0364696 0.0567949
0.677816 0.0682089
0.126621 0.76516
0.513627 0.789697
0.191046 0.733848
0.0531632 0.434858
0.701895 0.507126
0.0782189 0.587268
0.739708 0.0452589
0.454299 0.591327
0.110416 0.33311
0.846644 0.83108
0.644734 0.631855
0.14304 0.0607623
0.0729697 0.108249
0.698019 0.0454115
0.640309 0.998444
0.999176 0.734672
0.88638 0.690695
0.0422987 0.680013
0.57564 0.698233
0.0435804 0.943815
0.352519 0.666189
0.408795 0.681082
0.817988 0.529801
0.660665 0.864681
0.175481 0.844325
0.0330821 0.383526
0.822474 0.202857
0.604663 0.780023
0.155187 0.536882
0.602679 0.866573
0.59331 0.609424
0.728904 0.284066
0.621113 0.675924
0.0101321 0.766564
0.533128 0.317698
0.707633 0.647786
0.445143 0.777642
0.995209 0.56325
0.676534 0.545427
0.813837 0.169347
0.274972 0.31431
0.332682 0.571368
0.917447 0.740989
0.133641 0.412275
0.213416 0.254494
0.668844 0.264077
0.529862 0.916196
0.562792 0.0324717
0.29841 0.107517
0.335215 0.716636
0.0536821 0.507035
0.998474 0.219062
0.278329 0.00155644
0.738365 0.52855
0.670492 0.700064
0.489608 0.507889
0.892819 0.836146
0.0545366 0.192084
0.4756 0.115452
0.757775 0.40965
0.445601 0.341136
0.000671407 0.55977
0.96353 0.961638
0.330332 0.832392
0.0978118 0.180303
0.503433 0.436201
0.516282 0.548967
0.194189 0.556413
0.0270699 0.999145
0.387921 0.78222
0.961486 0.708457
0.208899 0.644124
0.604907 0.956786
0.999908 0.999237
0.216651 0.375958
0.767815 0.920164
0.566546 0.000396741
0.73574 0.879971
0.199561 0.106723
0.361919 0.462783
0.606433 0.512223
0.711234 0.380505
0.898587 0.508499
0.299631 0.612537
0.961303 0.143498
0.83755 0.346812
0.607746 0.16715
0.152318 0.628712
0.778802 0.0826441
0.894192 0.179449
0.467055 0.942717
0.229102 0.706198
0.742058 0.61214
0.868099 0.727348
0.713187 0.102725
0.157598 0.176153
0.252968 0.132756
0.135105 0.439802
0.341777 0.877377
0.438276 0.514206
0.99707 0.937407
0.242195 0.895413
0.961608 0.777886
