951
0.770409 0.341014
0.725822 0.259621
0.159429 0.758415
0.15952 0.582263
0.275155 0.295267
0.492752 0.964202
0.34608 0.34843
0.787347 0.96234
0.973357 0.7987
0.848689 0.317423
0.96466 0.633473
0.397046 0.88403
0.808588 0.934599
0.189123 0.0331126
0.66216 0.840419
0.96466 0.549974
0.614582 0.37431
0.487991 0.708212
0.644429 0.702811
0.453536 0.343242
0.98999 0.377026
0.909482 0.705527
0.214911 0.261147
0.0978118 0.0654927
0.0179449 0.228248
0.991668 0.227149
0.317972 0.0300302
0.310892 0.605487
0.64568 0.246773
0.373211 0.723319
0.0330821 0.895993
0.813013 0.397992
0.575823 0.921201
0.716819 0.930021
0.704489 0.99588
0.544694 0.450575
0.66805 0.915036
0.63863 0.747917
0.303476 0.632466
0.220557 0.544939
0.363811 0.857021
0.0508744 0.380016
0.233863 0.854854
0.143529 0.113132
0.32551 0.939543
1 0.644032
0.137577 0.1742
0.47795 0.109989
0.11124 0.924528
0.005768 0.78225
0.141667 0.248421
0.118564 0.200323
0.588916 0.890255
0.979003 0.0523087
0.731254 0.18363
0.584979 0.833552
0.0459304 0.0867336
0.773461 0.256203
0.768731 0.0807215
0.900357 0.761956
0.953581 0.33607
0.956572 0.3708
0.992767 0.337413
0.188971 0.0674764
0.0441298 0.478439
0.980712 0.864589
0.122562 0.874966
0.772698 0.913175
0.272317 0.404096
0.452162 0.467605
0.520035 0.199011
0.819453 0.0108036
0.704276 0.04532
0.585406 0.292367
0.638752 0.351512
0.996277 0.0971709
0.0360424 0.95294
0.126377 0.960387
0.515763 0.815668
0.192328 0.397443
0.650349 0.0227973
0.665517 0.968047
0.190771 0.976928
0.219825 0.294015
0.48088 0.280282
0.826716 0.808252
0.137486 0.419324
0.606708 0.745811
0.374035 0.916654
0.814936 0.617481
0.98938 0.46672
0.702109 0.166845
0.239875 0.179144
0.706015 0.13184
0.674978 0.064394
0.602832 0.411847
0.5786 0.196692
0.787622 0.778436
0.394665 0.34669
0.0531938 0.827113
0.00836207 0.956999
0.129398 0.570635
0.720908 0.710959
0.293466 0.498795
0.503647 0.635243
0.309793 0.87991
0.79809 0.495529
0.534837 0.0585955
0.95233 0.205817
0.512528 0.0359203
0.762078 0.133396
0.553209 0.643208
0.973022 0.740196
0.000488296 0.539567
0.44612 0.203436
0.855556 0.561937
0.45555 0.765587
0.717093 0.375591
0.887936 0.306803
0.424177 0.724937
0.0392163 0.42085
0.880093 0.457167
0.0601825 0.152165
0.96176 0.410718
0.527879 0.992676
0.916532 0.936308
0.847896 0.143254
0.838038 0.496933
0.333018 0.759026
0.0604572 0.770959
0.235847 0.229286
0.790551 0.582476
0.74105 0.157567
0.839442 0.258827
0.635853 0.424818
0.320719 0.275735
0.689138 0.493912
0.632282 0.500595
0.523728 0.961303
0.2107 0.808802
0.37373 0.542802
0.496109 0.223457
0.43083 0.537522
0.909665 0.468062
0.013947 0.47615
0.167547 0.793756
0.122379 0.742912
0.878017 0.535051
0.91406 0.645894
0.165258 0.295511
0.760399 0.515366
0.152684 0.980743
0.436079 0.272591
0.592425 0.333872
0.926206 0.13947
0.0885037 0.23011
0.0730613 0.539445
0.259468 0.926847
0.38731 0.283792
0.572893 0.619678
0.944884 0.0975372
0.489639 0.583666
0.877804 0.920652
0.555071 0.246986
0.232734 0.0495315
0.901608 0.0645772
0.326914 0.973754
0.134831 0.469375
0.193609 0.624744
0.432203 0.814295
0.433851 0.240211
0.438673 0.652181
0.100284 0.444655
0.528916 0.761742
0.395245 0.39491
0.50737 0.899625
0.182043 0.153661
0.926664 0.272256
0.0914335 0.606586
0.476638 0.525864
0.155095 0.336436
0.284555 0.266335
0.158757 0.496902
0.904324 0.616626
0.736137 0.109775
0.787835 0.869991
0.868862 0.659444
0.674276 0.467513
0.354808 0.0612201
0.834376 0.0580462
0.626514 0.0826746
0.681265 0.52089
0.400983 0.932066
0.570605 0.99707
0.219733 0.496261
0.652303 0.149663
0.323252 0.46852
0.125828 0.289987
0.642506 0.78988
0.0139775 0.000640889
0.590503 0.090762
0.52208 0.706748
0.392254 0.0913724
0.416883 0.684133
0.916288 0.826655
0.649647 0.894681
0.388134 0.61037
0.725364 0.969817
0.880886 0.207434
0.160436 0.942625
0.991546 0.600635
0.268441 0.16715
0.449507 0.992767
0.715171 0.422529
0.843349 0.753136
0.638691 0.947264
0.195624 0.218848
0.426954 0.58208
0.916471 0.308512
0.4738 0.013123
0.0373547 0.316691
0.239265 0.76754
0.37843 0.210273
0.29191 0.693075
0.727531 0.657918
0.0227058 0.188513
0.563128 0.0123905
0.838435 0.0924711
0.777642 0.66686
0.805292 0.551378
0.745872 0.9494
0.587268 0.451003
0.277596 0.821741
0.957457 0.501389
0.505875 0.777917
0.348064 0.115574
0.95645 0.673238
0.296487 0.13068
0.941588 0.792657
0.763939 0.173498
0.894406 0.802728
0.0361644 0.65331
0.436354 0.863247
0.486801 0.330607
0.873837 0.865505
0.990905 0.920621
0.892849 0.154363
0.947844 0.994934
0.864101 0.628162
0.0133366 0.389569
0.473495 0.659597
0.563097 0.0763573
0.283975 0.978759
0.76165 0.851955
0.642476 0.451399
0.888699 0.26722
0.239051 0.578845
0.601215 0.237098
0.0517899 0.69985
0.201361 0.693381
0.0659505 0.935057
0.585528 0.68276
0.797204 0.357158
0.102969 0.350597
0.910337 0.36021
0.681478 0.626026
0.992889 0.561907
0.957091 0.260903
0.168035 0.825678
0.660115 0.202948
0.6863 0.32017
0.11362 0.0145878
0.508347 0.673482
0.281808 0.354106
0.340739 0.808283
0.335093 0.153386
0.194525 0.9035
0.939177 0.701346
0.236457 0.37846
0.57326 0.0381176
0.717521 0.762108
0.52681 0.109073
0.929807 0.185797
0.359264 0.445448
0.378155 0.819819
0.296945 0.74929
0.880062 0.0906705
0.822901 0.183843
0.887509 0.730949
0.673025 0.10007
0.60152 0.512558
0.743858 0.0253914
0.148503 0.693564
0.53618 0.401105
0.410962 0.795434
0.427137 0.420453
0.27485 0.440596
0.574908 0.381542
0.159886 0.536302
0.928617 0.902799
0.857631 0.943968
0.840724 0.59093
0.234626 0.346538
0.49733 0.858089
0.843684 0.218024
0.410016 0.304727
0.28367 0.948943
0.138218 0.0704672
0.833979 0.524583
0.644429 0.104404
0.355327 0.383373
0.436842 0.923643
0.233833 0.636311
0.10654 0.54564
0.0888699 0.390881
0.650197 0.994903
0.139592 0.604663
0.343638 0.530442
0.346995 0.201605
0.033845 0.754509
0.977325 0.180761
0.488998 0.465651
0.174444 0.239174
0.954863 0.139409
0.361187 0.00375378
0.15952 0.724662
0.0693381 0.303201
0.634999 0.837977
0.625874 0.67391
0.25016 0.455458
0.251686 0.483627
0.893918 0.883999
0.42497 0.972838
0.460158 0.900967
0.378002 0.969481
0.393078 0.849574
0.051149 0.601642
0.560198 0.133244
0.731437 0.494125
0.506485 0.151738
0.543657 0.523148
0.325999 0.0622578
0.813044 1
0.412122 0.188543
0.971618 0.837642
0.4373 0.0151677
0.69808 0.908261
0.733757 0.889828
0.253578 0.109256
0.889859 0.994934
0.370098 0.581042
0.810816 0.125278
0.452498 0.795434
0.766381 0.625629
0.647175 0.3914
0.411298 0.0562456
0.120334 0.0928068
0.0645161 0.628437
0.510208 0.731925
0.456435 0.154515
0.823786 0.890194
0.0211188 0.987365
0.633229 0.208563
0.142064 0.14713
0.224067 0.141453
0.500168 0.428816
0.116337 0.670125
0.531571 0.868679
0.90051 0.851802
0.100375 0.299997
0.994507 0.94998
0.795679 0.162786
0.222999 0.914487
0.614277 0.549577
0.163762 0.902127
0.920499 0.736869
0.784936 0.416974
0.556169 0.342662
0.940947 0.0633869
0.072573 0.0299692
0.0518204 0.985565
0.745384 0.207709
0.239601 0.822443
0.418073 0.36195
0.548418 0.803339
0.334696 0.412763
0.399396 0.0245369
0.895962 0.954588
0.414808 0.147313
0.562975 0.556078
0.478591 0.829188
0.370403 0.15659
0.0170904 0.562548
0.341227 0.881558
0.57561 0.591876
0.554888 0.284341
0.416181 0.495834
0.255928 0.657338
0.32487 0.243538
0.994812 0.00589007
0.720786 0.293985
0.0748314 0.491684
0.0173956 0.151158
0.73101 0.461776
0.71923 0.229072
0.697745 0.664876
0.530198 0.321848
0.868954 0.974792
0.715934 0.518876
0.771569 0.312632
0.308786 0.203406
0.58388 0.715873
0.0772423 0.259835
0.596942 0.639302
0.850917 0.187201
0.354595 0.684042
0.690146 0.834925
0.718802 0.790826
0.0227363 0.835871
0.810785 0.320505
0.953612 0.301279
0.0393384 0.0207526
0.375988 0.792352
0.467269 0.427839
0.771233 0.00912503
0.0463881 0.559679
0.349712 0.654042
0.303995 0.00186163
0.950865 0.577166
0.299326 0.85049
0.723807 0.599567
0.464949 0.227363
0.345378 0.999695
0.717917 0.0787072
0.610981 0.792535
0.199194 0.346263
0.897061 0.556291
0.946684 0.823359
0.918577 0.438734
0.790399 0.0396435
0.75753 0.571612
0.654408 0.597491
0.876095 0.352855
0.879238 0.38554
0.734733 0.545091
0.1966 0.476119
0.992187 0.998138
0.693503 0.291116
0.448164 0.115513
0.255715 0.0238655
0.0108951 0.339488
0.922117 0.0409253
0.0171819 0.709281
0.965545 0.451277
0.755303 0.774132
0.25135 0.686453
0.0862758 0.701895
0.594409 0.169164
0.0561235 0.238807
0.565294 0.748863
0.0853908 0.91409
0.808008 0.672201
0.428694 0.890011
0.822565 0.367565
0.276009 0.568499
0.910245 0.585223
0.746025 0.0565203
0.810419 0.837611
0.840022 0.987487
0.0671102 0.860775
0.13599 0.523087
0.680044 0.884793
0.31904 0.565844
0.262947 0.729118
0.00704978 0.438368
0.806177 0.742149
0.853694 0.443709
0.5815 0.777062
0.728324 0.861598
0.244545 0.282235
0.370647 0.240883
0.886044 0.234382
0.669576 0.558946
0.564013 0.969024
0.856441 0.700858
0.699271 0.576495
0.19364 0.315256
0.0458693 0.123661
0.387951 0.426618
0.133 0.368023
0.156346 0.204169
0.534745 0.59209
0.613544 0.283212
0.544786 0.684286
0.0903043 0.999359
0.615528 0.86578
0.443678 0.495743
0.501083 0.0674764
0.749657 0.406232
0.760521 0.991516
0.614917 0.0306711
0.276467 0.210364
0.480117 0.934873
0.258889 0.074221
0.208563 0.999206
0.170782 0.424451
0.340678 0.309824
0.11185 0.62862
0.317209 0.350352
0.861049 0.115452
0.611316 0.590655
0.40379 0.565996
0.855586 0.409742
0.0983917 0.574511
0.451003 0.0770592
0.803095 0.709281
0.256447 0.986328
0.0319224 0.806421
0.266518 0.773125
0.0843837 0.788141
0.405347 0.258705
0.233528 0.94821
0.316141 0.109073
0.594348 0.969878
0.00952177 0.913114
0.758782 0.440382
0.148839 0.854793
0.290262 0.0587176
0.597125 0.00277718
0.566607 0.502976
0.960265 0.913938
0.154637 0.447279
0.92761 0.869289
0.894009 0.0174566
0.380963 0.512894
0.685568 0.00970489
0.8211 0.644795
0.651692 0.525895
0.907804 0.106326
0.749016 0.677847
0.916227 0.239235
0.204657 0.431501
0.914182 0.392834
0.675283 0.247078
0.102298 0.837397
0.0831324 0.104404
0.363079 0.0917386
0.177313 0.184271
0.74694 0.734886
0.455733 0.68984
0.981323 0.697836
0.231117 0.70571
0.0590533 0.350383
0.744133 0.329691
0.912168 0.677877
0.806726 0.229957
0.00509659 0.0282907
0.294473 0.461654
0.870083 0.588427
0.157994 0.645253
0.50911 0.927122
0.0707114 0.671773
0.101657 0.500656
0.197577 0.758629
0.263131 0.862789
0.480361 0.555498
0.0422681 0.450819
0.285562 0.238136
0.181921 0.270241
0.0300913 0.359966
0.918149 0.000518815
0.360179 0.755119
0.661367 0.65096
0.929075 0.543413
0.734764 0.814966
0.527451 0.55501
0.203589 0.584002
0.642323 0.277657
0.166631 0.37843
0.986847 0.287973
0.204962 0.0959807
0.0751671 0.727775
0.230995 0.423597
0.31492 0.715629
0.562059 0.857601
0.537675 0.366924
0.370922 0.0375378
0.759789 0.706595
0.654378 0.311686
0.70101 0.201941
0.0479141 0.518448
0.189184 0.507065
0.358226 0.950713
0.173894 0.106449
0.383557 0.0632344
0.226356 0.0228278
0.447279 0.0463271
0.120853 0.789239
0.606555 0.196814
0.0442824 0.0537126
0.00814844 0.0808435
0.44673 0.307779
0.830561 0.725486
0.0154118 0.263894
0.454695 0.398755
0.525925 0.47261
0.307138 0.414533
0.969848 0.967833
0.799799 0.907315
0.0474868 0.20307
0.397504 0.122623
0.249062 0.611835
0.805353 0.0758385
0.212989 0.187902
0.304422 0.529099
0.376598 0.648976
0.311869 0.30256
0.962951 0.023957
0.699301 0.865322
0.754357 0.285073
0.0514542 0.271828
0.715201 0.0181585
0.993652 0.500534
0.678274 0.4232
0.936491 0.968047
0.0877102 0.142369
0.864467 0.0529191
0.85873 0.778314
0.113681 0.124027
0.361187 0.623981
0.796411 0.810785
0.621174 0.162755
0.302438 0.911954
0.261391 0.510361
0.645344 0.0629597
0.589129 0.26429
0.665334 0.769982
0.685171 0.372845
0.612415 0.908811
0.569384 0.417615
0.393658 0.475204
0.859127 0.474654
0.298593 0.380993
0.824488 0.452071
0.856929 0.0109256
0.795434 0.196326
0.934172 0.615375
0.476669 0.369182
0.00137333 0.123875
0.762688 0.881069
0.213385 0.736473
0.42439 0.620777
0.183966 0.858821
0.508988 0.258705
0.837886 0.857265
0.091464 0.178869
0.309091 0.782434
0.680776 0.148106
0.480728 0.189062
0.630268 0.624012
0.603626 0.133366
0.510056 0.384747
0.403455 0.750236
0.778954 0.470168
0.544908 0.920804
0.673116 0.716025
0.260659 0.139897
0.396863 0.999359
0.342509 0.722922
0.50972 0.351146
0.0129704 0.619953
0.197058 0.946013
0.00531022 0.754784
0.029603 0.288217
0.106052 0.256691
0.207007 0.65511
0.558092 0.219153
0.335063 0.84106
0.796045 0.27662
0.336009 0.908719
0.342296 0.58919
0.693869 0.802057
0.42729 0.331736
0.628223 0.320078
0.84875 0.906034
0.897946 0.185369
0.752403 0.371807
0.848079 0.827448
0.51973 0.506851
0.0989715 0.889035
0.356578 0.280435
0.453902 0.625751
0.681417 0.945616
0.606189 0.471236
0.0790429 0.967864
0.0881375 0.754387
0.508805 0.000396741
0.315043 0.175939
0.322947 0.673696
0.989563 0.433119
0.360302 0.478866
0.188635 0.722709
0.707114 0.637501
0.193915 0.558183
0.210181 0.880306
0.370983 0.307749
0.53502 0.0131535
0.587573 0.539476
0.156499 0.0268563
0.465682 0.863613
0.531541 0.162481
0.888516 0.431166
0.606708 0.0567644
0.258431 0.327189
0.00964385 0.311106
0.722495 0.347514
0.118625 0.98938
0.456526 0.725791
0.797418 0.444929
0.456343 0.956053
0.114414 0.710044
0.850307 0.284585
0.566179 0.315165
0.930082 0.502152
0.455123 0.593432
0.702109 0.73162
0.197882 0.128849
0.996796 0.143345
0.308084 0.81814
0.934233 0.415296
0.00259407 0.648946
0.0234993 0.679952
0.703207 0.456984
0.617054 0.71041
0.00503555 0.860012
0.622669 0.989654
0.998962 0.893612
0.385418 0.694235
0.28663 0.323038
0.960234 0.602741
0.282357 0.60683
0.916166 0.209967
0.41084 0.657125
0.403851 0.229133
0.4008 0.533738
0.0322886 0.861965
0.62447 0.00161748
0.634938 0.576922
0.885159 0.686331
0.978698 0.52382
0.606433 0.938597
0.268807 0.898495
0.0694906 0.430952
0.767388 0.228706
0.337809 0.498672
0.949583 0.943602
0.959685 0.232459
0.512375 0.290475
0.508927 0.533769
0.309152 0.996826
0.485153 0.0446181
0.550829 0.83282
0.485061 0.612537
0.253151 0.542009
0.842067 0.344676
0.817957 0.965972
0.303384 0.0846278
0.555742 0.176855
0.546159 0.893338
0.960509 0.7687
0.775597 0.753136
0.524644 0.235939
0.234199 0.0869472
0.791742 0.103885
0.998688 0.810816
0.482314 0.741111
0.997711 0.720908
0.486831 0.496048
0.580279 0.80578
0.631825 0.129002
0.287942 0.662282
0.816645 0.77514
0.889798 0.496353
0.250038 0.795343
0.121647 0.0461135
0.956969 0.882076
0.553667 0.103122
0.744865 0.917325
0.764275 0.823084
0.691641 0.692618
0.779809 0.536607
0.993561 0.777367
0.863582 0.5103
0.142735 0.811274
0.426527 0.0904569
0.219275 0.457839
0.917447 0.98999
0.847682 0.382366
0.263588 0.374767
0.0665609 0.00326548
0.418104 0.457289
0.243782 0.884365
0.488205 0.996521
0.0706809 0.461715
0.704642 0.544023
0.554674 0.478164
0.735893 0.62978
0.224586 0.678243
0.820673 0.289071
0.0207831 0.508866
0.0954009 0.652333
0.453139 0.559404
0.330576 0.62508
0.908414 0.525437
0.834071 0.682516
0.999054 0.67626
0.537522 0.619404
0.100803 0.415815
0.652638 0.867061
0.940245 0.473098
0.465468 0.254646
0.989166 0.255837
0.792291 0.635456
0.977691 0.122684
0.483474 0.402692
0.386486 0.17893
0.426832 0.768914
0.664479 0.683035
0.999451 0.839595
0.875912 0.826411
0.256294 0.250435
0.132511 0.904996
0.139744 0.00408948
0.163457 0.0571917
0.177404 0.673971
0.485672 0.801477
0.0402234 0.724937
0.122623 0.321268
0.197607 0.000793481
0.541276 0.727134
0.276986 0.00552385
0.886685 0.124607
0.667135 0.81164
0.0748924 0.205817
0.859828 0.730277
0.0161443 0.590045
0.779351 0.38255
0.503769 0.124119
0.830897 0.424512
0.701163 0.397656
0.421461 0.8399
0.000335704 0.813593
0.0831019 0.328898
0.614002 0.443556
0.206488 0.839228
0.31431 0.440779
0.593371 0.568926
0.0968352 0.473098
0.0721458 0.0788293
0.667226 0.342051
0.967437 0.0813929
0.222846 0.974212
0.368664 0.886807
0.929746 0.767968
0.67626 0.176977
0.94528 0.00268563
0.805994 0.522385
0.209113 0.372723
0.114017 0.157018
0.0628071 0.898221
0.443953 0.371013
0.437513 0.17658
0.327189 0.385022
0.669271 0.273934
0.378826 0.369213
0.642872 0.179174
0.448775 0.836543
0.17243 0.607379
0.0706503 0.573382
0.348125 0.559709
0.787744 0.989959
0.648823 0.47792
0.362224 0.410169
0.612293 0.821528
0.116092 0.389874
0.279977 0.101291
0.220557 0.322062
0.705405 0.104007
0.0368358 0.924955
0.269204 0.632374
0.22071 0.607562
0.0835597 0.815668
0.119602 0.231239
0.674184 0.0361034
0.994537 0.404401
0.503159 0.0946684
0.485458 0.882748
0.99942 0.749107
0.425184 0.390851
0.168493 0.00207526
0.234565 0.519272
0.697653 0.968841
0.331339 0.00308237
0.698538 0.26191
0.751396 0.601733
0.924955 0.3361
0.682211 0.597858
0.693258 0.774468
0.941588 0.648488
0.286325 0.0314646
0.897244 0.335459
0.014771 0.0541093
0.780633 0.724723
0.182745 0.451949
0.733543 0.997192
0.865993 0.164434
0.479324 0.137486
0.284829 0.795282
0.998169 0.198248
0.000579852 0.206732
0.249641 0.205329
0.726157 0.571917
0.947874 0.729026
0.525986 0.652516
0.226691 0.114261
0.21482 0.781609
0.613025 0.106357
0.678121 0.745109
0 0.172948
0.75457 0.651051
0.0237434 0.107456
0.527604 0.428449
0.523484 0.842433
0.554186 0.775964
0.952879 0.166601
0.334727 0.0888394
0.677389 0.998474
0.823206 0.155858
0.0636921 0.179815
0.817835 0.576037
0.100101 0.950529
0.694601 0.34727
0.977264 0.314737
0.413892 0.000854518
0.0581683 0.79873
0.947813 0.85107
0.17362 0.999786
0.129185 0.496261
0.713767 0.320444
0.345897 0.0262764
0.512345 0.6086
