971
0.669881 0.0676901
0.399701 0.787774
0.089938 0.428388
0.246071 0.0903348
0.776513 0.228614
0.337962 0.120212
0.420667 0.14362
0.903989 0.928373
0.159062 0.394818
0.885983 0.371471
0.875362 0.470473
0.901517 0.849361
0.112766 0.0127567
0.708274 0.536454
0.504624 0.151616
0.326945 0.638936
0.128208 0.067629
0.478195 0.708212
0.490524 0.542405
0.942289 0.930967
0.335063 0.707053
0.253639 0.879727
0.943724 0.20603
0.713767 0.833277
0.466262 0.334361
0.703787 0.34959
0.62389 0.243538
0.324259 0.961791
0.814051 0.251442
0.590808 0.215064
0.123783 0.427351
0.80398 0.182958
0.907743 0.483596
0.999115 0.742363
0.0861538 0.505234
0.820795 0.548845
0.159703 0.8829
0.723136 0.64153
0.664174 0.477096
0.252693 0.21189
0.188604 0.0583819
0.460799 0.483566
0.429823 0.933592
0.736137 0.863155
0.949889 0.571154
0.561602 0.0701621
0.968902 0.522416
0.0440077 0.639027
0.754997 0.0630512
0.594165 0.864895
0.270913 0.468062
0.921354 0.0557268
0.784509 0.858119
0.390454 0.435896
0.166478 0.490677
0.120121 0.475997
0.024781 0.981841
0.0910367 0.772118
0.629963 0.32551
0.0149236 0.36787
0.296884 0.292032
0.223365 0.389355
0.379986 0.336406
0.000122074 0.956389
0.442549 0.443495
0.852229 0.707144
0.451338 0.135289
0.303964 0.725547
0.409955 0.813501
0.819849 0.887814
0.406262 0.696585
0.776482 0.535264
0.210395 0.990203
0.936827 0.317515
0.514267 0.805384
0.0941191 0.823054
0.106021 0.581896
0.478164 0.422712
0.374004 0.610157
0.828333 0.408917
0.847377 0.268166
0.466811 0.979491
0.140538 0.985473
0.690512 0.683584
0.396741 0.628895
0.971374 0.865719
0.801782 0.483352
0.427931 0.750664
0.439619 0.521867
0.965789 0.647633
0.384838 0.259285
0.132939 0.712088
0.494522 0.892148
0.101901 0.943907
0.466262 0.866909
0.923582 0.993072
0.520554 0.866268
0.135899 0.632893
0.0458998 0.12949
0.306803 0.80282
0.983489 0.949644
0.661916 0.149419
0.944029 0.897702
0.19779 0.79397
0.766472 0.714591
0.750542 0.332041
0.36137 0.818384
0.712302 0.0362255
0.146367 0.772668
0.915708 0.244819
0.0115665 0.862423
0.11597 0.659291
0.450667 0.31196
0.0232551 0.499405
0.34608 0.997497
0.151189 0.662679
0.821314 0.933683
0.986511 0.410016
0.151769 0.228767
0.325144 0.403882
0.751274 0.507035
0.621082 0.736137
0.716239 0.209754
0.69863 0.010773
0.176794 0.554369
0.0695822 0.651418
0.169317 0.309275
0.856624 0.668081
0.308451 0.357891
0.876553 0.152226
0.265938 0.12946
0.34434 0.524918
0.417829 0.172857
0.22779 0.301553
0.268349 0.592212
0.0823389 0.324046
0.671041 0.288186
0.338755 0.351634
0.70748 0.292032
0.575823 0.130955
0.189062 0.515488
0.519761 0.598987
0.71923 0.413587
0.691824 0.487472
0.566363 0.36137
0.847774 0.149419
0.576922 0.183355
0.538621 0.925047
0.769555 0.189337
0.623646 0.797784
0.670003 0.892361
0.139439 0.862178
0.182379 0.615528
0.0580767 0.234443
0.0229499 0.920469
0.306742 0.0673544
0.409833 0.116672
0.0301828 0.308023
0.0615558 0.613605
0.298318 0.385205
0.710654 0.448317
0.176946 0.415632
0.17716 0.705496
0.566363 0.677297
0.902402 0.599841
0.750145 0.98883
0.451582 0.284127
0.351939 0.268197
0.212592 0.643117
0.969451 0.284371
0.608905 0.967284
0.695212 0.779687
0.857418 0.324778
0.883572 0.115177
0.905759 0.182592
0.591571 0.590869
0.791528 0.326609
0.297555 0.432844
0.0089114 0.101993
0.158147 0.0715049
0.510666 0.502792
0.829493 0.687918
0.0858791 0.557482
0.865963 0.0426038
0.179479 0.959899
0.584246 0.278787
0.649342 0.944304
0.436567 0.343303
0.426984 0.400525
0.397443 0.380139
0.833583 0.803308
0.375988 0.919401
0.981536 0.491226
0.0547502 0.0427869
0.673238 0.607166
0.00308237 0.701956
0.00546281 0.214515
0.769005 0.438948
0.293741 0.041261
0.645833 0.442671
0.264962 0.526231
0.879391 0.978576
0.404462 0.981201
0.492141 0.458174
0.896939 0.569506
0.749229 0.216987
0.618946 0.641438
0.576312 0.797021
0.268654 0.815332
0.626637 0.392926
0.440687 0.854427
0.263588 0.0514542
0.0447096 0.579119
0.676473 0.949767
0.975036 0.617237
0.666982 0.861598
0.786767 0.56859
0.239875 0.546342
0.0987579 0.230415
0.667989 0.400006
0.71633 0.895962
0.885372 0.800531
0.499893 0.281686
0.153569 0.81521
0.71099 0.744468
0.898923 0.0333873
0.165441 0.638905
0.681417 0.449995
0.380108 0.567003
0.871242 0.886929
0.0827052 0.0357372
0.683767 0.203681
0.783105 0.290933
0.53853 0.454512
0.3137 0.664205
0.0800195 0.176214
0.119877 0.302591
0.0176397 0.72924
0.550157 0.547044
0.193945 0.929899
0.987304 0.201117
0.376873 0.854335
0.20069 0.209693
0.0162664 0.0751366
0.0341197 0.531022
0.512528 0.428205
0.770135 0.969237
0.553667 0.508957
0.0656148 0.0926847
0.460555 0.0142827
0.363933 0.203742
0.540025 0.826136
0.182562 0.132756
0.856929 0.0730918
0.820856 0.597552
0.96411 0.75631
0.292184 0.219977
0.459883 0.78048
0.0483718 0.375469
0.0421766 0.476455
0.235115 0.180639
0.207709 0.241523
0.81634 0.456252
0.533555 0.485183
0.099765 0.152226
0.761803 0.639607
0.0678426 0.999145
0.134648 0.279427
0.517136 0.768609
0.211615 0.680563
0.209326 0.327494
0.825983 0.372662
0.239723 0.972259
0.35847 0.497635
0.352092 0.151463
0.915677 0.432752
0.0959502 0.393536
0.132328 0.892025
0.572924 0.485977
0.873196 0.851375
0.899991 0.695883
0.43965 0.254952
0.71334 0.984741
0.639363 0.698325
0.221686 0.0562151
0.0208441 0.608631
0.330729 0.917173
0.691824 0.131382
0.201605 0.828547
0.250343 0.707419
0.738609 0.469161
0.630482 0.829188
0.551805 0.896084
0.164464 0.924802
0.356792 0.679159
0.088992 0.972106
0.418897 0.879635
0.325999 0.305521
0.233924 0.505386
0.981079 0.819605
0.332591 0.0899991
0.192267 0.159856
0.740013 0.13242
0.273141 0.187933
0.246162 0.678396
0.807855 0.0664388
0.746086 0.794641
0.263771 0.910672
0.270638 0.410535
0.530625 0.335124
0.0903958 0.110752
0.508103 0.994781
0.667409 0.716117
0.477004 0.652455
0.714072 0.378277
0.327097 0.582263
0.540483 0.260872
0.65624 0.757164
0.223792 0.124607
0.211005 0.952055
0.0851466 0.909085
0.583422 0.915769
0.374828 0.746117
0.336528 0.00665304
0.819147 0.0285043
0.368053 0.0595111
0.928037 0.403363
0.27958 0.95587
0.0964385 0.456618
0.403912 0.73217
0.136082 0.127232
0.0308237 0.017243
0.22367 0.888058
0.641163 0.513718
0.843867 0.43321
0.99707 0.279275
0.95529 0.241554
0.22779 0.919034
0.957213 0.72158
0.458663 0.547166
0.567705 0.0340587
0.392132 0.522568
0.274056 0.249916
0.505081 0.924284
0 0.164373
0.935881 0.617237
0.0113834 0.263741
0.329386 0.776849
0.600848 0.0239265
0.387249 0.945982
0.454176 0.0432752
0.127873 0.0950041
0.334941 0.612293
0.221931 0.727531
0.436628 0.708151
0.212897 0.474593
0.659902 0.797937
0.987182 0.0542619
0.105136 0.36375
0.58977 0.331645
0.847804 0.477401
0.558092 0.70922
0.566576 0.983764
0.588672 0.460616
0.708762 0.590747
0.845729 0.984893
0.300546 0.169164
0.585925 0.406476
0.661153 0.24247
0.974425 0.551714
0.357799 0.446211
0.0268258 0.436659
0.796716 0.615436
0.487991 0.680105
0.242439 0.348155
0.932279 0.963897
0.7893 0.654927
0.591327 0.634327
0.321177 0.868709
0.559954 0.756768
0.427869 0.607532
0.901273 0.302896
0.856441 0.617206
0.241981 0.942381
0.0467238 0.901761
0.240791 0.0285958
0.665456 0.363598
0.152135 0.0137028
0.755364 0.0236824
0.174108 0.18186
0.553758 0.0993377
0.0440687 0.269723
0.500626 0.322153
0.78338 0.799188
0.996063 0.648457
0.972106 0.150304
0.992584 0.883267
0.427137 0.487167
0.411267 0.911893
0.0968047 0.274545
0.122135 0.538652
0.699057 0.167241
0.0619526 0.76397
0.0201117 0.141758
0.512131 0.208289
0.735557 0.717582
0.521104 0.682119
0.217383 0.857021
0.283914 0.860958
0.941343 0.0792566
0.637257 0.00851466
0.377636 0.465438
0.364574 0.376263
0.477584 0.187109
0.393811 0.194433
0.54033 0.224555
0.685598 0.319956
0.904233 0.651479
0.0360424 0.796686
0.738029 0.17365
0.850673 0.560167
0.996796 0.339824
0.307291 0.931028
0.573595 0.23835
0.777642 0.917325
0.472213 0.571215
0.286691 0.547594
0.412793 0.0614032
0.876675 0.412366
0.757714 0.833613
0.995331 0.376781
0.155065 0.52208
0.854091 0.367077
0.904233 0.519211
0.768334 0.141392
0.436689 0.806787
0.930235 0.354472
0.61568 0.0712302
0.957823 0.118595
0.141758 0.333232
0.00784326 0.661763
0.093936 0.0835902
0.712394 0.0949431
0.360027 0.881771
0.829371 0.307169
0.835414 0.095645
0.760857 0.111942
0.80813 0.763573
0.168004 0.352672
0.664205 0.0407117
0.757408 0.383496
0.435194 0.579302
0.425001 0.21897
0.646443 0.0954924
0.162511 0.0983001
0.611316 0.702506
0.202033 0.00872829
0.879727 0.192999
0.276955 0.7828
0.342601 0.735557
0.384289 0.304727
0.963073 0.0294198
0.305338 0.75518
0.965087 0.980834
0.526139 0.0260933
0.632069 0.180242
0.0358592 0.75164
0.743767 0.898099
0.246498 0.439344
0.373638 0.977752
0.172277 0.262795
0.384228 0.0943937
0.48027 0.0543535
0.794794 0.712241
0.72103 0.941374
0.0695517 0.947691
0.285531 0.646748
0.506241 0.574755
0.989715 0.0111087
0.50444 0.738121
0.237587 0.613666
0.83816 0.831843
0.603565 0.372509
0.937284 0.741264
0.357555 0.779229
0.992553 0.228492
0.617756 0.925138
0.804529 0.99295
0.687338 0.82165
0.552385 0.153661
0.310648 0.986084
0.78869 0.374004
0.0143132 0.778924
0.305094 0.13715
0.509812 0.0946074
0.423749 0.0128483
0.55092 0.289651
0.817469 0.736625
0.0634175 0.526719
0.409436 0.848262
0.924375 0.682211
0.627308 0.276284
0.145329 0.452742
0.458052 0.627308
0.930845 0.155065
0.870907 0.222633
0.205756 0.0864284
0.488632 0.0104068
0.075045 0.356182
0.50557 0.839259
0.307321 0.608814
0.157292 0.148656
0.777215 0.0441908
0.149144 0.559923
0.0473037 0.70983
0.636921 0.0398267
0.419599 0.319681
0.058565 0.852687
0.797662 0.0970794
0.299509 0.69808
0.965453 0.676015
0.0605182 0.307474
0.914029 0.276284
0.920865 0.874447
0.770043 0.767174
0.106662 0.747093
0.855678 0.743065
0.795953 0.141362
0.572161 0.843043
0.474227 0.915372
0.28901 0.103183
0.338664 0.236091
0.9523 0.42909
0.516526 0.533128
0.208533 0.754357
0.0392163 0.669362
0.844813 0.521928
0.468001 0.396771
0.255654 0.316385
0.566942 0.576617
0.922758 0.579516
0.321604 0.50795
0.0414136 0.406934
0.106296 0.629566
0.917631 0.546953
0.00219733 0.833552
0.180517 0.232002
0.915677 0.795953
0.445296 0.079226
0.783807 0.402448
0.209601 0.561998
0.633839 0.135136
0.367229 0.231971
0.782373 0.687643
0.860591 0.814234
0.936308 0.820795
0.263039 0.280587
0.235023 0.824946
0.00268563 0.310831
0.620136 0.567949
0.00552385 0.407788
0.489914 0.954375
0.781426 0.00372326
0.240486 0.747459
0.720023 0.496109
0.217078 0.271981
0.304086 0.487106
0.479324 0.0903348
0.926298 0.017304
0.422468 0.638539
0.563128 0.44087
0.509842 0.631764
0.642384 0.584643
0.396863 0.5927
0.00851466 0.0406507
0.493698 0.783349
0.748253 0.288369
0.313883 0.83581
0.642567 0.903531
0.701773 0.244881
0.483749 0.809839
0.273019 0.754173
0.359783 0.317454
0.661733 0.645283
0.439558 0.9906
0.004944 0.555834
0.367565 0.125126
0.449202 0.169103
0.128544 0.156835
0.822321 0.220954
0.458663 0.59743
0.933073 0.518204
0.425001 0.291635
0.600604 0.822901
0.0834071 0.00439466
0.599658 0.531693
0.723594 0.686605
0.154515 0.597949
0.607837 0.487686
0.0585345 0.194494
0.183996 0.466842
0.484115 0.218635
0.522843 0.964171
0.997772 0.567003
0.487045 0.248054
0.754753 0.577258
0.845454 0.910031
0.904416 0.761376
0.12064 0.204535
0.449629 0.369121
0.755242 0.609333
0.511887 0.356914
0.878323 0.937223
0.929105 0.104617
0.615619 0.612018
0.813013 0.847987
0.993469 0.0890225
0.0388806 0.827692
0.093997 0.718619
0.383526 0.0331126
0.515366 0.123142
0.460891 0.829218
0.556139 0.00183111
0.549181 0.791955
0.508988 0.0628071
0.209204 0.603137
0.788385 0.886135
0.942137 0.787774
0.626331 0.997284
0.171148 0.855434
0.556658 0.320078
0.971007 0.59032
0.00210578 0.522752
0.905118 0.134617
0.160039 0.746757
0.681692 0.743828
0.881558 0.441053
0.326731 0.196631
0.589587 0.741264
0.536393 0.62328
0.214606 0.43556
0.798639 0.426923
0.961974 0.344096
0.30961 0.897336
0.0583209 0.43733
0.965667 0.391888
0.843165 0.8717
0.0749535 0.794488
0.872127 0.535783
0.98236 0.783166
0.691671 0.654073
0.846126 0.192938
0.61623 0.101932
0.323344 0.0441603
0.27543 0.349803
0.00640889 0.456801
0.787072 0.262398
0.0561846 0.335856
0.659627 0.82757
0.8081 0.279794
0.993774 0.98001
0.691061 0.56621
0.994781 0.123325
0.0724509 0.472793
0.113529 0.688101
0.500137 0.397473
0.782861 0.737449
0.288766 0.00540178
0.996307 0.455458
0.852535 0.0159307
0.115024 0.848628
0.558763 0.40141
0.903653 0.0822474
0.395703 0.40846
0.751579 0.745262
0.951353 0.488815
0.664602 0.18247
0.387738 0.664754
0.716849 0.800958
0.382214 0.71514
0.737083 0.552049
0.354808 0.583666
0.423933 0.673086
0.360759 0.411359
0.601245 0.671377
0.296854 0.576922
0.146672 0.0443434
0.508927 0.178503
0.468703 0.520981
0.464461 0.742515
0.885464 0.62215
0.400006 0.230689
0.846675 0.240638
0.823511 0.12122
0.228339 0.153294
0.216498 0.530534
0.566088 0.948943
0.0672323 0.1489
0.187902 0.885128
0.135289 0.360088
0.262062 0.382366
0.987762 0.696707
0.175787 0.67513
0.251045 0.794641
0.667165 0.919462
0.602527 0.892941
0.79928 0.822748
0.242164 0.999451
0.128269 0.38963
0.833064 0.05356
0.181036 0.0306101
0.406537 0.549974
0.261635 0.16071
0.33076 0.473128
0.852382 0.945524
0.676839 0.998352
0.123692 0.807001
0.411908 0.267251
0.653584 0.975738
0.636769 0.469832
0.622974 0.767693
0.85754 0.296182
0.200354 0.374187
0.698111 0.0598468
0.312876 0.245766
0.557085 0.202948
0.599261 0.153813
0.879238 0.713401
0.182653 0.586169
0.873928 0.500443
0.539964 0.376934
0.741356 0.245277
0.535539 0.736351
0.120731 0.50557
0.33311 0.815668
0.0878017 0.860622
0.817103 0.964507
0.646657 0.557543
0.182684 0.999054
0.960173 0.18186
0.821833 0.341777
0.750511 0.665181
0.993774 0.172399
0.172704 0.782525
0.695547 0.856105
0.792474 0.942289
0.940825 0.851466
0.351512 0.947356
0.777429 0.471145
0.0374157 0.170385
0.472579 0.154271
0.148167 0.957854
0.486099 0.605182
0.0724204 0.258309
0.698111 0.624195
0.393139 0.49324
0.587909 0.0943327
0.900143 0.211402
0.675771 0.532243
0.350658 0.0320139
0.283792 0.674703
0.623524 0.42262
0.390759 0.00463881
0.0691549 0.692587
0.249763 0.648579
0.531754 0.40492
0.93173 0.650014
0.54149 0.654408
0.817927 0.635823
0.637959 0.354137
0.445448 0.898801
0.000762963 0.630268
0.773675 0.347423
0.804651 0.51915
0.277993 0.716147
0.189642 0.730277
0.020539 0.333995
0.988739 0.915708
0.513108 0.236915
0.131504 0.249214
0.655141 0.673421
0.103854 0.998474
0.961089 0.458571
0.0378429 0.092349
0.276986 0.983581
0.651234 0.208502
0.728416 0.772149
0.117008 0.0398572
0.92584 0.458205
0.15125 0.690023
0.7528 0.410779
0.481979 0.362682
0.591906 0.770714
0.000396741 0.994385
0.29429 0.321085
0.126652 0.9241
0.508255 0.709433
0.749138 0.945128
0.643818 0.876034
0.263649 0.563799
0.454176 0.224891
0.883084 0.344279
0.457961 0.952513
0.367962 0.641255
0.900143 0.893063
0.658925 0.326792
0.99588 0.846797
0.0114444 0.8923
0.695578 0.918882
0.283914 0.505631
0.589343 0.556963
0.383587 0.159673
0.704123 0.70925
0.87759 0.277078
0.909635 0.731407
0.485916 0.130558
0.0339061 0.951109
0.346751 0.845882
0.430677 0.961638
0.9494 0.00277718
0.258644 0.849361
0.0263375 0.234138
0.326395 0.439161
0.323099 0.547655
0.668477 0.0101016
0.365886 0.541612
0.943175 0.267983
0.23133 0.585803
0.245125 0.240333
0.140049 0.183233
0.595294 0.943419
0.607654 0.30369
0.837214 0.773583
0.0667745 0.395611
0.233619 0.00021363
0.876827 0.00344859
0.870663 0.77282
0.537858 0.995453
0.982177 0.310556
0.39082 0.891659
0.411023 0.464339
0.0149541 0.188635
0.732566 0.354137
0.524583 0.893185
0.606586 0.127537
0.538255 0.576006
0.0892972 0.606922
0.565294 0.612171
0.862026 0.58797
0.741813 0.441084
0.596637 0.997833
0.623707 0.857173
0.587207 0.0574358
0.728904 0.310099
0.324808 0.272896
0.931089 0.708914
0.641163 0.299753
0.670186 0.505264
0.00161748 0.585925
0.646413 0.612323
0.999115 0.538102
0.199042 0.296274
0.855434 0.119694
0.566637 0.869869
0.0679342 0.883785
0.280709 0.61858
0.111911 0.331034
0.245766 0.479446
0.457533 0.685629
0.679708 0.10123
0.905301 0.967589
0.404981 0.352367
0.998932 0.597888
0.523698 0.300058
0.732688 0.000854518
0.478103 0.29844
0.203284 0.408063
0.90643 0.821741
0.241707 0.410627
0.909574 0.333842
0.226325 0.219123
0.442213 0.109195
0.820246 0.000335704
0.035493 0.876675
0.260506 0.00967437
0.000488296 0.00854518
0.691885 0.414228
0.0528581 0.97232
0.00943022 0.806635
0.881527 0.248268
0.328867 0.166631
0.886319 0.0607623
0.123905 0.603839
0.537309 0.0545976
0.0879543 0.672018
0.226417 0.782434
0.101566 0.886319
0.777581 0.50032
0.60622 0.191443
0.118625 0.772027
0.419019 0.0878933
0.121952 0.965117
0.0757469 0.0630818
0.444349 0.198828
0.0672018 0.728416
0.515427 0.000427259
0.0901517 0.202246
0.825037 0.499588
0.0539567 0.00128178
0.598529 0.433729
0.598498 0.254616
0.41792 0.431318
0.447249 0.655385
0.540696 0.178991
0.8446 0.643391
0.900174 0.397839
0.275277 0.0782495
0.398511 0.760033
0.727836 0.0661031
0.0762963 0.582965
0.430769 0.779321
0.584338 0.698996
0.728446 0.269356
0.826106 0.166509
0.363628 0.00195318
0.853359 0.398144
0.547105 0.125767
0.0537431 0.553087
0.965972 0.0916776
0.0662862 0.820246
0.280251 0.888516
0.742088 0.0903348
0.587329 0.000366222
0.659444 0.121433
0.98056 0.253029
0.572253 0.530442
0.883572 0.673116
0.804498 0.910947
0.110782 0.177801
0.777306 0.995453
0.727073 0.613514
0.0586871 0.499039
0.336253 0.37907
0.815149 0.663503
0.319071 0.332896
0.959716 0.0566118
0.796747 0.209754
0.298959 0.460402
0.15009 0.420453
0.761162 0.874844
0.627186 0.538499
0.78103 0.072573
0.883877 0.741234
0.6245 0.21424
0.000549333 0.754479
0.94818 0.54268
0.000274667 0.483627
0.68102 0.26252
0.207465 0.18247
0.505478 0.65865
0.628407 0.668325
0.716056 0.145573
0.0956755 0.531602
0.488601 0.486801
0.387005 0.828059
0.449293 0.416883
0.90466 0.000183111
0.132908 0.739433
0.0498062 0.928831
0.87347 0.646626
0.170507 0.44203
