958
0.90286 0.273385
0.2584 0.216163
0.496536 0.0181585
0.393902 0.858272
0.94995 0.942808
0.494003 0.750633
0.251534 0.43202
0.853999 0.158208
0.653798 0.0863369
0.0987274 0.427747
0.953154 0.507218
0.951781 0.305032
0.662435 0.404523
0.0376904 0.153081
0.482314 0.807794
0.374035 0.101535
0.977569 0.661824
0.708701 0.659047
0.864742 0.588763
0.359508 0.81991
0.817713 0.0970183
0.711844 0.196051
0.196478 0.018952
0.0307627 0.205573
0.606708 0.458327
0.74398 0.8493
0.694876 0.0285043
0.851405 0.106204
0.0867641 0.663411
0.874203 0.781487
0.207892 0.725516
0.557024 0.0847499
0.40904 0.291238
0.846553 0.773736
0.116794 0.502182
0.236427 0.459639
0.74752 0.555315
0.0566729 0.613788
0.752495 0.425428
0.0822169 0.756188
0.287118 0.078341
0.925169 0.105686
0.754143 0.679647
0.468001 0.376476
0.425489 0.669576
0.120975 0.645039
0.650288 0.765099
0.940733 0.618915
0.173589 0.627979
0.751 0.899503
0.473006 0.480117
0.421705 0.770165
0.51912 0.447523
0.962249 0.541246
0.865841 0.913755
0.585467 0.982727
0.477218 0.664785
0.196936 0.105777
0.878933 0.216315
0.266304 0.331584
0.784448 0.0966521
0.797662 0.33195
0.66628 0.804407
0.608844 0.112674
0.628529 0.162419
0.32551 0.0141301
0.498245 0.645436
0.157018 0.00833155
0.0591754 0.302713
0.252602 0.255531
0.043672 0.702139
0.779687 0.145848
0.924589 0.028901
0.558061 0.533464
0.150639 0.473189
0.0706503 0.820765
0.397137 0.597949
0.123264 0.32371
0.414197 0.504288
0.338267 0.456771
0.94058 0.369091
0.750023 0.189306
0.880673 0.0127262
0.79638 0.0109256
0.195105 0.829432
0.493362 0.947294
0.453261 0.32371
0.0119633 0.349498
0.72689 0.0769677
0.771081 0.918088
0.522782 0.765954
0.576342 0.318003
0.696951 0.880551
0.120273 0.97174
0.29606 0.151402
0.20716 0.353557
0.935942 0.737083
0.350414 0.975036
0.661977 0.555223
0.528214 0.34846
0.527177 0.884762
0.194952 0.423719
0.0299997 0.738182
0.653829 0.584155
0.966063 0.180059
0.22129 0.630512
0.327494 0.26664
0.784448 0.298624
0.745048 0.352275
0.450362 0.618885
0.558672 0.402936
0.380657 0.911496
0.440199 0.451003
0.246223 0.0215155
0.780602 0.0448622
0.358592 0.26487
0.867031 0.663411
0.268014 0.56624
0.555467 0.775414
0.534715 0.553728
0.443342 0.922269
0.578936 0.218879
0.179907 0.671804
0.947661 0.77514
0.0985138 0.897885
0.130192 0.225288
0.0144353 0.571581
0.933927 0.457839
0.959197 0.0906705
0.72454 0.432722
0.933409 0.654408
0.616199 0.883267
0.544359 0.915952
0.0112308 0.770562
0.831294 0.710685
0.154729 0.274545
0.963103 0.042024
0.00567644 0.110477
0.517167 0.508499
0.276803 0.115452
0.556963 0.695547
0.384259 0.0238655
0.430616 0.404981
0.299814 0.696493
0.752342 0.157353
0.877407 0.841304
0.290201 0.284433
0.690359 0.571764
0.334696 0.210639
0.429823 0.707358
0.685018 0.238472
0.992706 0.97058
0.509873 0.703207
0.499619 0.0509964
0.344035 0.707419
0.454909 0.816309
0.0704978 0.343089
0.7687 0.214454
0.196539 0.068392
0.250557 0.157018
0.141636 0.302744
0.904813 0.1583
0.771172 0.655751
0.802698 0.549272
0.460128 0.70745
0.749016 0.0350352
0.368999 0.216956
0.467971 0.267434
0.900449 0.340159
0.205542 0.953673
0.106784 0.575213
0.263192 0.951018
0.570879 0.604999
0.434309 0.642872
0.102939 0.0644856
0.502029 0.261513
0.592914 0.163121
0.238807 0.738243
0.304086 0.183172
0.0089114 0.0639363
0.0378429 0.991668
0.126286 0.366466
0.0523392 0.373363
0.122471 0.703024
0.0847194 0.248817
0.16361 0.799768
0.679952 0.676107
0.390454 0.173498
0.441816 0.09653
0.317454 0.907376
0.455397 0.130985
0.826319 0.0307321
0.676595 0.0705588
0.0673544 0.520737
0.972899 0.26664
0.367718 0.523331
0.962676 0.577929
0.47673 0.413282
0.604816 0.82693
0.637898 0.007416
0.436171 0.951445
0.260475 0.49086
0.542131 0.321574
0.737968 0.960509
0.581927 0.900143
0.13712 0.188025
0.937712 0.404004
0.79342 0.269417
0.225593 0.503647
0.977142 0.817011
0.228492 0.924192
0.602466 0.755486
0.781243 0.604663
0.867366 0.0752281
0.379192 0.437788
0.590381 0.928251
0.685476 0.128178
0.47438 0.554613
0.583727 0.264534
0.0556047 0.96823
0.757286 0.790735
0.0474563 0.076632
0.866451 0.456893
0.690176 0.358806
0.600543 0.573321
0.782342 0.716849
0.517136 0.167699
0.35371 0.661458
0.657216 0.975036
0.284829 0.428755
0.776238 0.823359
0.405286 0.257698
0.50853 0.983764
0.607593 0.540208
0.101993 0.289407
0.169317 0.325053
0.377178 0.55681
0.827784 0.631794
0.730003 0.322184
0.24192 0.707175
0.0690634 0.0536821
0.358928 0.755119
0.0200812 0.538133
0.130314 0.0548418
0.257668 0.981323
0.530381 0.0744346
0.997925 0.901883
0.624073 0.389264
0.288156 0.468398
0.423322 0.0632038
0.154576 0.772546
0.353526 0.364269
0.968596 0.87167
0.231452 0.530381
0.989349 0.00418104
0.197729 0.695212
0.0909452 0.371563
0.841975 0.327372
0.546068 0.0348216
0.315531 0.556047
0.32194 0.870144
0.020539 0.435804
0.405377 0.330546
0.18601 0.773003
0.681906 0.26957
0.0052797 0.683798
0.424696 0.872463
0.123203 0.0154118
0.697501 0.292367
0.972167 0.99591
0.825007 0.737785
0.996063 0.140965
0.718009 0.13831
0.165716 0.0914945
0.571429 0.561937
0.0615253 0.779962
0.0193182 0.405774
0.797723 0.0666829
0.997253 0.734458
0.735191 0.616352
0.119877 0.730216
0.870754 0.735527
0.0868252 0.482284
0.075045 0.107395
0.736717 0.378918
0.807947 0.906583
0.59566 0.647206
0.41496 0.00811792
0.0485244 0.43965
0.312906 0.302835
0.341777 0.171636
0.245277 0.354442
0.261299 0.755211
0.115268 0.772271
0.851863 0.27604
0.926176 0.511704
0.130375 0.900052
0.0574358 0.579913
0.677267 0.996155
0.891842 0.0925321
0.992523 0.789727
0.27018 0.662526
0.335734 0.417859
0.0836207 0.869076
0.088992 0.711631
0.834407 0.399457
0.304025 0.595172
0.348033 0.889859
0.325419 0.948332
0.991211 0.930998
0.7734 0.388195
0.833399 0.437025
0.884274 0.0409864
0.756676 0.508499
0.68688 0.958892
0.894894 0.810938
0.450667 0.187658
0.217414 0.148503
0.676473 0.331553
0.541459 0.210059
0.97824 0.69689
0.925504 0.199347
0.45204 0.861171
0.598529 0.48793
0.430097 0.273598
0.226356 0.219398
0.927396 0.917539
0.0674459 0.205634
0.489212 0.205054
0.846278 0.938597
0.966948 0.406903
0.53795 0.00592059
0.617634 0.310007
0.910733 0.314005
0.0994903 0.611103
0.257149 0.799524
0.0237434 0.256142
0.978362 0.381542
0.380047 0.653615
0.994751 0.438581
0.617267 0.673605
0.000793481 0.188086
0.9064 0.237037
0.29429 0.779046
0.893582 0.39317
0.188726 0.892636
0.378002 0.686422
0.903745 0.756859
0.0177618 0.304788
0.925108 0.707511
0.0227363 0.0149541
0.711875 0.4803
0.881436 0.179235
0.69985 0.914701
0.126072 0.439253
0.178106 0.299081
0.942625 0.151708
0.367168 0.154973
0.79931 0.629475
0.401166 0.108341
0.0895718 0.171606
0.864437 0.540361
0.595691 0.353038
0.298898 0.994507
0.435072 0.738914
0.16364 0.149052
0.144414 0.557054
0.167211 0.746391
0.992187 0.235572
0.0281075 0.862697
0.641133 0.478378
0.282662 0.613697
0.272195 0.883389
0.293252 0.818567
0.0303354 0.937162
0.911527 0.974059
0.403668 0.144292
0.0635395 0.932829
0.183172 0.390454
0.345744 0.601215
0.719382 0.257668
0.825312 0.492202
0.592242 0.381909
0.461562 0.234413
0.329203 0.350719
0.172674 0.59096
0.82403 0.265999
0.668355 0.0353404
0.687918 0.181433
0.153508 0.378552
0.404279 0.36961
0.469405 0.162328
0.146153 0.92819
0.622089 0.344279
0.655049 0.276681
0.877132 0.883206
0.706534 0.74398
0.740684 0.238166
0.67922 0.758171
0.60741 0.0813623
0.109806 0.199042
0.371349 0.388806
0.678304 0.617237
0.996857 0.537584
0.146794 0.678335
0.658223 0.448531
0.652547 0.365184
0.888394 0.489486
0.319742 0.50853
0.556475 0.942625
0.80224 0.464888
0.832606 0.21366
0.577044 0.807367
0.202887 0.31492
0.251045 0.589679
0.640278 0.859859
0.917203 0.541673
0.0549638 0.478927
0.464156 0.956297
0.646199 0.682455
0.509629 0.840846
0.0993988 0.953581
0.0546587 0.887936
0.0501114 0.128208
0.872188 0.309519
0.393109 0.479293
0.691519 0.521104
0.0304575 0.594897
0.656301 0.50853
0.663076 0.71572
0.532517 0.390454
0.821619 0.582598
0.543504 0.495102
0.939665 0.801172
0.462233 0.00137333
0.343822 0.572375
0.632221 0.818506
0.637837 0.228553
0.815912 0.875729
0.542283 0.746147
0.126255 0.108188
0.304086 0.232215
0.26307 0.689352
0.22486 0.561357
0.514115 0.10831
0.0745262 0.452315
0.246406 0.394269
0.0510269 0.00476089
0.806604 0.37492
0.378704 0.990722
0.202918 0.98526
0.477554 0.0943937
0.776177 0.871578
0.268746 0.184515
0.275491 0.01648
0.888424 0.420911
0.579302 0.73455
0.183782 0.172491
0.362285 0.0578936
0.872341 0.694113
0.426771 0.160039
0.993408 0.606647
0.502274 0.613208
0.267953 0.721824
0.0643635 0.680135
0.371807 0.332438
0.436903 0.027192
0.865108 0.810327
0.331828 0.0780663
0.763207 0.117771
0.620289 0.0549944
0.42671 0.22251
0.333567 0.634907
0.464248 0.901456
0.324229 0.669668
0.841517 0.556932
0.116001 0.929075
0.104434 0.812799
0.853145 0.856441
0.111881 0.134983
0.916349 0.600421
0.787927 0.433119
0.610034 0.608844
0.178075 0.480728
0.615406 0.973754
0.433699 0.995422
0.345561 0.290689
0.0427259 0.0394299
0.536759 0.641469
0.705161 0.982177
0.509995 0.289468
0.394604 0.821467
0.7463 0.749687
0.290506 0.930723
0.629902 0.562365
0.954863 0.24192
0.00958281 0.901456
0.896756 0.632099
0.925535 0.0704672
0.722709 0.771569
0.650563 0.131993
0.880551 0.971831
0.624744 0.264626
0.203833 0.528245
0.890408 0.520066
0.175481 0.224555
0.569109 0.14774
0.627918 0.424177
0.50969 0.405805
0.717246 0.592914
0.500229 0.364666
0.643513 0.652547
0.245491 0.831141
0.546739 0.990692
0.537736 0.240059
0.830317 0.125309
0.997864 0.100253
0.230445 0.188299
0.482772 0.870785
0.587725 0.0106204
0.995209 0.187414
0.793268 0.780694
0.877377 0.256722
0.829951 0.796777
0.919645 0.946776
0.12891 0.830836
0.0144963 0.483596
0.560808 0.18543
0.465621 0.592517
0.816889 0.299539
0.789361 0.687429
0.965514 0.737419
0.253853 0.630482
0.528001 0.67101
0.231666 0.100986
0.15009 0.418378
0.397168 0.731071
0.44084 0.485916
0.231941 0.661153
0.77102 0.323405
0.280435 0.510788
0.000122074 0.857814
0.502762 0.335154
0.553484 0.874386
0.131138 0.610157
0.806513 0.954466
0.611377 0.854518
0.472579 0.513718
0.816034 0.67101
0.0199896 0.821253
0.213507 0.851802
0.369121 0.944761
0.312784 0.722953
0.677786 0.476577
0.316385 0.394177
0.452864 0.779717
0.40376 0.977172
0.0734886 0.405652
0.843745 0.976745
0.977386 0.329051
0.636921 0.736351
0.00186163 0.625202
0.575915 0.116001
0.330393 0.832911
0.940153 0.277474
0.200323 0.578143
0.955657 0.680685
0.428541 0.591357
0.729545 0.710685
0.311686 0.113346
0.646657 0.924924
0.943693 0.3408
0.792596 0.517624
0.0399182 0.281747
0.297647 0.373028
0.918516 0.427534
0.444563 0.513321
0.42085 0.431837
0.302072 0.033723
0.718772 0.552446
0.624836 0.511154
0.40202 0.937895
0.999939 0.763024
0.357128 0.48674
0.175909 0.932554
0.810816 0.834315
0.754479 0.0918912
0.47383 0.84228
0.53679 0.852412
0.845393 0.609638
0.772271 0.472304
0.476211 0.99826
0.292032 0.861751
0.206946 0.285379
0.0875881 0.543504
0.329203 0.047029
0.231086 0.0472426
0.595874 0.290902
0.969207 0.906796
0.786645 0.994812
0.378155 0.797723
0.852504 0.237281
0.18009 0.25483
0.33314 0.741905
0.93408 0.867366
0.714286 0.00436415
0.356334 0.0207221
0.583758 0.440718
0.225562 0.262795
0.160039 0.509995
0.915586 0.478683
0.77929 0.18659
0.865291 0.358257
0.649129 0.888241
0.409803 0.549028
0.516556 0.912687
0.319498 0.790582
0.794153 0.747764
0.224036 0.806787
0.912564 0.365886
0.900662 0.679067
0.561937 0.661946
0.351299 0.131321
0.584826 0.68511
0.908139 0.838954
0.816706 0.983489
0.673818 0.843684
0.740837 0.46733
0.393384 0.0573443
0.0907926 0.0285043
0.357585 0.856075
0.551683 0.273049
0.0484024 0.183599
0.68685 0.448775
0.618976 0.913724
0.994873 0.638508
0.745109 0.272835
0.758751 0.98767
0.195135 0.454634
0.964995 0.125156
0.827998 0.530839
0.312693 0.481613
0.896512 0.917966
0.174871 0.995148
0.0281075 0.653645
0.998383 0.574633
0.474532 0.0652486
0.665578 0.206793
0.51268 0.58739
0.416181 0.801569
0.53737 0.143071
0.228462 0.764733
0.539872 0.808466
0.156896 0.0440992
0.20365 0.198584
0.242409 0.130345
0.121586 0.474776
0.00238044 0.238716
0.406293 0.642537
0.974273 0.212775
0.60445 0.716239
0.129948 0.393933
0.0610065 0.734062
0.761132 0.0029603
0.166875 0.845393
0.126102 0.27195
0.934019 0.56737
0.296823 0.335704
0.650105 0.184301
0.990203 0.034669
0.179266 0.546709
0.128025 0.86639
0.611164 0.195685
0.52916 0.963317
0.425092 0.124119
0.491653 0.4485
0.798059 0.233345
0.0167547 0.714347
0.774346 0.566759
0.643239 0.623371
0.42085 0.906674
0.568407 0.346965
0.707907 0.620777
0.83694 0.905789
0.0435194 0.553423
0.226417 0.375256
0.418867 0.195593
0.268258 0.538194
0.254067 0.295938
0.947539 0.843684
0.828486 0.356487
0.915006 0.788171
0.607685 0.790094
0.89523 0.127995
0.136387 0.157048
0.724326 0.509537
0.80108 0.166662
0.890438 0.99765
0.913511 0.885678
0.992889 0.0629902
0.376568 0.298593
0.0930509 0.982818
0.68862 0.0957366
0.937193 0.00479141
0.118748 0.539903
0.58739 0.0452284
0.702017 0.842097
0.0538652 0.236915
0.635212 0.951781
0.230506 0.886257
0.345134 0.322398
0.973907 0.464217
0.936003 0.986694
0.256478 0.0794092
0.691244 0.40257
0.160283 0.71926
0.292581 0.646992
0.77224 0.245125
0.994934 0.305734
0.160619 0.891812
0.542924 0.583361
0.437025 0.556413
0.994873 0.863521
0.663137 0.156316
0.228797 0.975921
0.854884 0.419172
0.842952 0.00824
0.202155 0.650075
0.156468 0.117618
0.584674 0.521805
0.708243 0.0566424
0.222114 0.0028077
0.348857 0.925748
0.637135 0.997742
0.613178 0.0275582
0.0691244 0.150456
0.594226 0.41026
0.00207526 0.986755
0.315165 0.43672
0.996338 0.496078
0.433943 0.357097
0.734886 0.113681
0.167028 0.446028
0.000244148 0.142766
0.895138 0.712851
0.732414 0.924009
0.82696 0.180517
0.774224 0.962523
0.652852 0.305704
0.754234 0.590258
0.998627 0.409772
0.0829188 0.317026
0.399335 0.223457
0.88229 0.567156
0.735832 0.64977
0.291055 0.960936
0.725608 0.814142
0.15302 0.647603
0.389508 0.762474
0.840937 0.0683004
0.219947 0.404279
0.997894 0.358623
0.0555132 0.850948
0.00103763 0.800104
0.209143 0.605548
0.482131 0.122074
0.673208 0.00180059
0.899686 0.450484
0.2584 0.0469069
0.200201 0.919736
0.711112 0.227821
0.440352 0.298898
0.104923 0.849635
0.470778 0.0275582
0.251991 0.910459
0.696005 0.815149
0.286233 0.21012
0.484725 0.691275
0.552568 0.435011
0.478225 0.295846
0.156194 0.96353
0.476821 0.346019
0.864895 0.388165
0.450331 0.682028
0.205329 0.237312
0.292428 0.745811
0.558946 0.836634
0.781884 0.357128
0.00360118 0.95941
0.501663 0.536943
0.0230415 0.510056
0.881527 0.94116
0.133946 0.803034
0.0670492 0.998291
0.865993 0.505753
0.14832 0.34608
0.0645466 0.268227
0.694998 0.780328
0.00207526 0.382916
0.700613 0.706931
0.856899 0.191961
0.749382 0.301126
0.113315 0.671377
0.103214 0.0932035
0.726829 0.874599
0.325175 0.143284
0.726402 0.40495
0.265511 0.374828
0.553667 0.372417
0.428327 0.83578
0.397961 0.40788
0.532212 0.71926
0.515244 0.794977
0.0334483 0.788293
0.0382702 0.33375
0.868954 0.636158
0.530137 0.614277
0.46672 0.755943
0.140507 0.996826
0.803613 0.131169
0.367168 0.623249
0.078341 0.633595
0.563555 0.471786
0.727958 0.99826
0.00137333 0.741325
0.799799 0.405866
0.961669 0.438734
0.191809 0.137822
0.345378 0.780969
0.964049 0.966552
0.342235 0.239174
0.542253 0.11124
0.603015 0.236854
0.841548 0.829279
0.672811 0.935362
0.49498 0.232459
0.711417 0.943876
0.584735 0.865871
0.486068 0.91876
0.32783 0.994263
0.415448 0.463546
0.371563 0.588458
0.486343 0.724143
0.236488 0.323038
0.211585 0.478805
0.28367 0.4008
0.392895 0.886288
0.853938 0.0423902
0.968627 0.629109
0.449354 0.0542619
0.0828578 0.00180059
0.672048 0.646077
0.0335093 0.10477
0.503952 0.478469
0.282876 0.257668
0.515061 0.19483
0.400616 0.7022
0.500198 0.146214
0.178961 0.35551
0.804834 0.201331
0.0463271 0.40144
0.161504 0.201209
0.817774 0.767754
0.144322 0.248817
0.372997 0.716086
0.945036 0.893185
0.0890835 0.787408
0.250862 0.862453
0.340312 0.105655
0.668996 0.907895
0.00201422 0.0360729
0.839137 0.465224
0.637104 0.789636
0.344127 0.391095
0.844661 0.682852
0.00384533 0.281381
0.102756 0.344249
0.862697 0.999145
0.715873 0.347819
0.772057 0.535661
0.906339 6.1037e-05
0.376324 0.243446
0.342082 0.533158
0.0967132 0.223823
0.365612 0.187628
0.719565 0.169073
0.636372 0.708487
0.999176 0.275948
0.638661 0.536393
0.0378124 0.910611
0.297891 0.53328
0.651143 0.0587786
0.450301 0.424329
0.13947 0.0812097
0.721519 0.683462
0.300455 0.00332652
0.765648 0.627247
0.582873 0.777001
0.800226 0.807428
0.649739 0.338023
0.886319 0.606616
0.755425 0.0646077
0.866481 0.12888
0.195929 0.801813
0.952971 0.70867
0.898312 0.06592
0.561937 0.0576495
0.274148 0.840876
0.636677 0.1077
0.771752 0.763817
0.00109867 0.45616
0.488632 0.778314
0.658956 0.249641
0.102084 0.398663
0.0552385 0.650014
0.503708 0.0827967
0.564318 0.63332
0.701621 0.319468
0.96997 0.152013
0.000396741 0.596179
0.224891 0.0739158
0.221503 0.433882
0.999878 0.99762
0.395489 0.524155
0.143986 0.585528
0.0309763 0.626118
0.60979 0.140049
0.032197 0.462905
0.363628 0.414899
0.950194 0.479873
0.47084 0.636799
0.967742 0.356151
0.75576 0.723868
0.411237 0.0363781
0.694235 0.154302
0.824519 0.151952
0.999359 0.836604
0.00201422 0.928709
0.734184 0.211707
0.581805 0.955138
0.138859 0.750084
0.000244148 0.655385
0.380932 0.127995
0.419568 0.618366
0.963134 0.0136113
0.566027 0.242927
0.978515 0.517228
0.185827 0.865322
0.607593 0.999817
0.722037 0.0312204
0.895566 0.863155
0.708914 0.379711
0.9317 0.226508
0.0790124 0.0793481
0.196692 0.501968
0.113437 0.246834
0.840602 0.655904
0.308054 0.6245
