966
0.184698 0.594897
0.754387 0.460829
0.22187 0.492325
0.93585 0.594317
0.891598 0.96234
0.0199896 0.064333
0.698752 0.734947
0.582934 0.344432
0.117801 0.201514
0.505844 0.125309
0.573199 0.0992767
0.046144 0.727317
0.32725 0.471694
0.0819727 0.990844
0.933256 0.934843
0.4373 0.927152
0.408673 0.782281
0.69277 0.909787
0.785821 0.9588
0.389721 0.688345
0.195288 0.434339
0.0326243 0.00579852
0.139073 0.0101016
0.796747 0.100589
0.109378 0.0869778
0.346995 0.874783
0.674764 0.00918607
0.9317 0.448714
0.357921 0.80755
0.75277 0.0577715
0.151646 0.0498978
0.696005 0.593951
0.31492 0.637532
0.523179 0.875729
0.580065 0.309488
0.170782 0.213416
0.853297 0.247078
0.775597 0.610553
0.693289 0.634968
0.882321 0.496872
0.3802 0.421827
0.0599078 0.106388
0.836116 0.285043
0.350383 0.393353
0.299875 0.520371
0.399396 0.558336
0.941008 0.971953
0.570482 0.516587
0.505264 0.401593
0.595782 0.453078
0.793664 0.838649
0.591021 0.909604
0.0132756 0.664052
0.905942 0.859096
0.679525 0.529588
0.491867 0.227149
0.176 0.302347
0.193548 0.642354
0.629444 0.0656758
0.870693 0.695944
0.254768 0.708304
0.756035 0.492843
0.827631 0.132389
0.956053 0.774743
0.439741 0.612171
0.193854 0.333872
0.84579 0.439436
0.994476 0.649068
0.243294 0.735038
0.870357 0.0934172
0.525346 0.550523
0.376293 0.960723
0.225837 0.16776
0.252663 0.398419
0.862911 0.95526
0.148106 0.877987
0.108036 0.623188
0.568804 0.438124
0.67394 0.0479446
0.343089 0.721183
0.751183 0.804712
0.804804 0.0484634
0.907468 0.0950652
0.410474 0.403607
0.515854 0.677084
0.880795 0.164037
0.681204 0.216224
0.566912 0.967467
0.948546 0.335704
0.0476089 0.197363
0.714621 0.0129398
0.740745 0.989349
0.546739 0.667684
0.314341 0.235664
0.526322 0.712821
0.811518 0.540422
0.780206 0.776818
0.701193 0.837825
0.288278 0.152135
0.0256355 0.177496
0.402478 0.193243
0.401685 0.599963
0.485519 0.768029
0.708701 0.0761437
0.242744 0.923948
0.861263 0.776147
0.181249 0.833644
0.145238 0.591205
0.0496841 0.968261
0.504257 0.487381
0.616352 0.978362
0.193976 0.497147
0.942351 0.83813
0.995239 0.271187
0.859157 0.374584
0.909726 0.801843
0.907773 0.918424
0.3755 0.614612
0.333079 0.569018
0.0908841 0.124973
0.506211 0.312387
0.783441 0.882534
0.152287 0.526963
0.572069 0.811609
0.784051 0.303446
0.144169 0.639607
0.957518 0.520341
0.994781 0.445662
0.714682 0.337809
0.747002 0.159612
0.0730308 0.163518
0.0459609 0.4991
0.652272 0.713248
0.294595 0.780633
0.563341 0.199194
0.719962 0.231697
0.897885 0.52504
0.576525 0.692862
0.822169 0.627674
0.720695 0.67275
0.773278 0.718192
0.294046 0.384869
0.00616474 0.913694
0.018891 0.293741
0.976562 0.0697043
0.021363 0.855708
0.399915 0.0197455
0.720573 0.483535
0.459273 0.65569
0.443098 0.208441
3.05185e-05 0.489883
0.559343 0.0381787
0.289956 0.554216
0.677236 0.412091
0.174566 0.731071
0.259133 0.515488
0.380322 0.332682
0.472579 0.795709
0.89639 0.98941
0.972869 0.550096
0.261208 0.830012
0.799432 0.279489
0.346934 0.0469069
0.464125 0.488754
0.603351 0.142888
0.0869167 0.464766
0.15125 0.177007
0.630238 0.764611
0.122929 0.532792
0.344188 0.227729
0.806269 0.601398
0.469131 0.0707419
0.929228 0.727073
0.249672 0.980193
0.36903 0.773431
0.41142 0.752007
0.777429 0.421033
0.274667 0.469131
0.00506607 0.692587
0.279092 0.951079
0.00534074 0.0376598
0.637898 0.397534
0.98236 0.503403
0.814905 0.930937
0.503922 0.582385
0.0603046 0.428236
0.347514 0.98114
0.79989 0.905179
0.528459 0.50853
0.306925 0.0433668
0.298685 0.865413
0.822474 0.467666
0.989135 0.711112
0.554033 0.408338
0.967162 0.612506
0.0769372 0.497482
0.0266121 0.55092
0.691336 0.485214
0.125675 0.67629
0.940794 0.179266
0.741508 0.09064
0.635578 0.00125126
0.628651 0.447645
0.763787 0.366649
0.792352 0.647786
0.677541 0.318949
0.145604 0.0843532
0.497665 0.611591
0.917875 0.662465
0.279794 0.654622
0.687918 0.880032
0.632252 0.276101
0.806848 0.734642
0.128758 0.839808
0.1948 0.395611
0.305765 0.607257
0.397412 0.0714744
0.0303964 0.366161
0.477676 0.288705
0.555528 0.608081
0.533555 0.0814539
0.491653 0.69219
0.684622 0.174932
0.0525834 0.61919
0.0838343 0.407208
0.0612812 0.251656
0.355907 0.155675
0.851894 0.819971
0.215949 0.216712
0.710044 0.164861
0.880215 0.755821
0.393628 0.907834
0.22602 0.126164
0.0504471 0.336497
0.00228889 0.831111
0.172277 0.247383
0.481552 0.634663
0.406964 0.500259
0.479019 0.98236
0.737083 0.209601
0.489364 0.335002
0.997681 0.572863
0.524369 0.176977
0.581957 0.125797
0.217841 0.312784
0.841182 0.401959
0.821955 0.377209
0.409009 0.0984222
0.400281 0.997101
0.112644 0.487259
0.485336 0.734275
0.9317 0.0774865
0.264229 0.328257
0.0516678 0.837703
0.00292978 0.260933
0.916227 0.272835
0.192175 0.466018
0.0505387 0.0744346
0.183447 0.274636
0.364971 0.646565
0.885891 0.400708
0.754631 0.66155
0.0409253 0.695547
0.573626 0.252998
0.255989 0.677694
0.957945 0.469069
0.439589 0.569597
0.654378 0.162694
0.871395 0.550096
0.110935 0.233833
0.709159 0.986175
0.989898 0.960418
0.00418104 0.604022
0.319559 0.00244148
0.84167 0.0310373
0.91174 0.229987
0.353893 0.288583
0.43791 0.0121769
0.221686 0.636311
0.152135 0.439039
0.724784 0.8146
0.626881 0.575579
0.62859 0.850215
0.390057 0.862911
0.688498 0.292825
0.787744 0.231117
0.646565 0.947935
0.599536 0.724021
0.236671 0.434584
0.490493 0.937101
0.577166 0.560808
0.985809 0.0101321
0.906674 0.3502
0.912778 0.150365
0.492386 0.875973
0.43849 0.369182
0.956572 0.883785
0.204474 0.0279244
0.980438 0.201514
0.76104 0.538743
0.413343 0.149052
0.820215 0.330363
0.220008 0.254891
0.64568 0.666311
0.263955 0.626392
0.782464 0.484542
0.971679 0.24723
0.385296 0.25663
0.117466 0.910764
0.502579 0.014893
0.796777 0.680929
0.285165 0.895932
0.649556 0.306558
0.274209 0.0530717
0.691153 0.242927
0.462996 0.442396
0.387738 0.165929
0.142918 0.262856
0.523087 0.635731
0.840297 0.664449
0.215247 0.734703
0.435713 0.729942
0.203955 0.101779
0.345988 0.683004
0.147465 0.780877
0.320566 0.350017
0.768426 0.261269
0.670766 0.446913
0.844783 0.850032
0.643361 0.551164
0.196997 0.129429
0.234504 0.375713
0.591906 0.496231
0.193487 0.931059
0.223548 0.845485
0.503708 0.822779
0.179174 0.178442
0.803919 0.408887
0.596698 0.184698
0.987487 0.315714
0.310221 0.322153
0.000640889 0.220069
0.350475 0.347545
0.459548 0.317362
0.152104 0.95407
0.229286 0.689169
0.0125431 0.974883
0.966521 0.941252
0.742393 0.775475
0.593432 0.22602
0.262551 0.76986
0.246559 0.877987
0.99881 0.363079
0.750053 0.326731
0.742546 0.716605
0.721793 0.444838
0.661214 0.8511
0.664602 0.368542
0.00558489 0.355113
0.658284 0.248207
0.109348 0.420972
0.249184 0.151738
0.124912 0.349925
0.0789209 0.749046
0.738548 0.297464
0.957976 0.706381
0.873775 0.341258
0.596423 0.937895
0.219123 0.802393
0.463057 0.918302
0.721152 0.513382
0.798975 0.18421
0.12421 0.162694
0.595813 0.639668
0.208777 0.0629292
0.490677 0.153325
0.991791 0.783624
0.420301 0.69219
0.954772 0.670034
0.30195 0.713218
0.492355 0.909207
0.410138 0.368511
0.811579 0.972686
0.551042 0.323923
0.987701 0.0969268
0.573046 0.857845
0.990661 0.751183
0.26429 0.268777
0.877255 0.902554
0.484725 0.186804
0.891842 0.441053
0.445021 0.539659
0.65154 0.336589
0.0112308 0.519822
0.729942 0.391705
0.531663 0.231513
0.0756249 0.903775
0.0930509 0.379589
0.809564 0.252235
0.423231 0.822657
0.183447 0.979278
0.616962 0.696097
0.523331 0.430311
0.344981 0.425611
0.301889 0.281381
0.15183 0.355846
0.222938 0.585986
0.872677 0.640767
0.390423 0.122135
0.460707 0.410047
0.957396 0.00750755
0.100986 0.057741
0.460341 0.870998
0.6245 0.232551
0.9288 0.00634785
0.354839 0.476363
0.95294 0.140568
0.597064 0.273873
0.846492 0.166662
0.522568 0.990967
0.782342 0.156438
0.588 0.0150456
0.487686 0.101199
0.249397 0.57973
0.204016 0.884213
0.543168 0.810327
0.16068 0.61446
0.713858 0.947111
0.612201 0.106693
0.434767 0.976348
0.361766 0.0809961
0.0267647 0.122593
0.556902 0.152867
0.724815 0.612598
0.632527 0.624928
0.415082 0.6592
0.14185 0.118015
0.418867 0.300851
0.329386 0.757653
0.88815 0.0366832
0.242683 0.0923185
0.54384 0.359569
0.842891 0.893429
0.0923795 0.675497
0.821253 0.810327
0.28367 0.0154729
0.891446 0.725059
0.0194403 0.401776
0.767663 0.0346995
0.319864 0.904599
0.480087 0.259499
0.953062 0.106052
0.895169 0.591357
0.54564 0.255287
0.176489 0.0861843
0.366161 0.912687
0.527818 0.601672
0.427137 0.46028
0.847163 0.715629
0.0594806 0.570055
0.728324 0.747185
0.945952 0.222724
0.429395 0.881314
0.294382 0.211982
0.42494 0.269448
0.950865 0.0367138
0.875271 0.136784
0.108493 0.772332
0.817042 0.502945
0.05768 0.299326
0.722861 0.581835
0.350047 0.0179754
0.644642 0.791986
0.873837 0.868618
0.853542 0.572619
0.793176 0.369793
0.747368 0.879635
0.796533 0.459181
0.995056 0.883084
0.415113 0.341166
0.610431 0.386395
0.747642 0.242683
0.632862 0.361248
0.817408 0.769433
0.442335 0.0878628
0.854274 0.511368
0.00195318 0.563555
0.779595 0.344249
0.762474 0.943846
0.00738548 0.457381
0.251808 0.195166
0.354076 0.847621
0.535844 0.761864
0.443037 0.774071
0.70217 0.118778
0.873073 0.276864
0.154759 0.564684
0.940641 0.409162
0.473678 0.592059
0.817133 0.858394
0.53972 0.938383
0.814264 0.0168462
0.0536821 0.880459
0.63097 0.184027
0.108615 0.860012
0.14069 0.990539
0.992126 0.143834
0.462477 0.126438
0.867061 0.0130314
0.967376 0.395184
0.408185 0.724662
0.74865 0.128147
0.672719 0.571307
0.387066 0.807947
0.60921 0.552385
0.0202338 0.091525
0.266549 0.218604
0.307505 0.954375
0.204138 0.700613
0.427076 0.238014
0.670034 0.125004
0.679617 0.707572
0.772393 0.749687
0.882748 0.837703
0.636433 0.0288705
0.393384 0.224067
0.666738 0.0757469
0.0420545 0.807581
0.752617 0.586993
0.99942 0.680074
0.685629 0.783868
0.125797 0.747856
0.856014 0.990326
0.492325 0.536241
0.192511 0.796686
0.178381 0.547838
0.181829 0.0561235
0.152623 0.384442
0.364696 0.517411
0.504593 0.272042
0.0443739 0.93054
0.179296 0.363353
0.142521 0.702872
0.611591 0.0405591
0.45436 0.176092
0.173956 0.664968
0.079989 0.846583
0.554125 0.295907
0.512558 0.207587
0.914609 0.623829
0.553728 0.912564
0.121006 0.962401
0.24897 0.0112613
0.339549 0.947752
0.59386 0.609485
0.713889 0.262185
0.271218 0.0824
0.559679 0.715262
0.0268258 0.635426
0.274056 0.125584
0.0413831 0.0438856
0.000305185 0.94232
0.973388 0.804926
0.3343 0.601947
0.282449 0.353893
0.330454 0.144017
0.328318 0.188757
0.342479 0.117222
0.0481582 0.454329
0.497665 0.373119
0.0398267 0.999786
0.989227 0.0454115
0.458327 0.24015
0.0701621 0.7987
0.501267 0.0445875
0.664876 0.741569
0.110416 0.573992
0.019013 0.768273
0.622608 0.881985
0.566301 0.755455
0.431288 0.0527665
0.84341 0.920713
0.411939 0.959105
0.731193 0.848231
0.0796533 0.0829798
0.111301 0.315989
0.435652 0.507462
0.905118 0.312662
0.79693 0.997497
0.0844142 0.583972
0.662831 0.280465
0.390698 0.285745
0.677389 0.939421
0.9935 0.916837
0.849513 0.320017
0.320688 0.801874
0.0772118 0.214637
0.649831 0.895444
0.648885 0.494827
0.14359 0.482314
0.0268258 0.435408
0.534959 0.0156865
0.624439 0.812799
0.0946074 0.934904
0.212226 0.540879
0.646657 0.976531
0.120701 0.387951
0.330088 0.831385
0.0623493 0.379223
0.00177007 0.801721
0.277749 0.745628
0.169683 0.901639
0.0773949 0.63094
0.676748 0.969726
0.962645 0.298288
0.31312 0.115879
0.837245 0.599261
0.104495 0.0127567
0.215003 0.979675
0.815607 0.212867
0.896695 0.469253
0.838252 0.0842616
0.46501 0.378704
0.453505 0.816126
0.529374 0.45912
0.604663 0.521531
0.622089 0.487533
0.598926 0.786798
0.465163 0.699667
0.909146 0.19779
0.107944 0.724113
0.727531 0.642872
0.338847 0.528459
0.00531022 0.72805
0.574236 0.387616
0.740715 0.424635
0.368084 0.578539
0.243812 0.54033
0.338298 0.318857
0.998321 0.405957
0.70864 0.200476
0.936064 0.250771
0.173376 0.695273
0.276589 0.422742
0.0306406 0.266335
0.168584 0.0245979
0.677908 0.816004
0.887478 0.785302
0.219886 0.282205
0.827113 0.693075
0.379681 0.363628
0.00286874 0.141972
0.0984222 0.888791
0.372478 0.0375683
0.85464 0.47911
0.868892 0.216559
0.960295 0.580767
0.147526 0.312235
0.715293 0.877132
0.923246 0.488205
0.784539 0.580432
0.776452 0.918882
0.957823 0.999664
0.0943022 0.264595
0.462966 0.0436109
0.566851 0.471847
0.370922 0.202643
0.075869 0.023011
0.921842 0.694235
0.616535 0.303629
0.355907 0.252388
0.497482 0.448897
0.932981 0.312082
0.308267 0.988159
0.764702 0.214118
0.483993 0.842952
0.432783 0.42555
0.376507 0.724509
0.0759301 0.95819
0.328166 0.260872
0.501236 0.0722068
0.983337 0.842494
0.948088 0.643391
0.561052 0.639943
0.326029 0.501663
0.294656 0.184393
0.51091 0.956847
0.918638 0.772851
0.633686 0.923124
0.296793 0.677816
0.725486 0.903256
0.299631 0.453291
0.6021 0.0747703
0.741813 0.0116581
0.716452 0.704428
0.689962 0.357402
0.641652 0.210486
0.243873 0.235481
0.316813 0.407697
0.285897 0.817652
0.892148 0.06592
0.172369 0.145451
0.966765 0.440992
0.397351 0.451888
0.507645 0.787011
0.320597 0.0772729
0.786676 0.812311
0.20951 0.363231
0.662374 0.621906
0.0863369 0.299417
0.538285 0.96704
0.089938 0.54799
0.81521 0.574725
0.544847 0.580096
0.901974 0.00177007
0.0317087 0.897336
0.685934 0.677267
0.998932 0.997192
0.292978 0.924284
0.375866 0.00180059
0.567522 0.070864
0.423292 0.174902
0.084872 0.34904
0.123081 0.460036
0.594226 0.413221
0.0762352 0.698294
0.449324 0.344188
0.650594 0.425611
0.20603 0.768578
0.462416 0.951415
0.882351 0.668569
0.233802 0.338054
0.276376 0.294992
0.841884 0.542741
0.0519425 0.535386
0.527421 0.290445
0.702231 0.383312
0.768853 0.394574
0.835383 0.954955
0.702719 0.560533
0.0285653 0.585162
0.554216 0.12537
0.738823 0.959532
0.721702 0.0423292
0.769433 0.854884
0.404126 0.527665
0.550584 0.996429
0.599261 0.755943
0.218085 0.944212
0.234748 0.611988
0.843318 0.748985
0.931455 0.871242
0.554216 0.540879
0.933775 0.904019
0.199835 0.567034
0.740867 0.559465
0.245277 0.294412
0.101901 0.810419
0.99234 0.172857
0.64745 0.0953703
0.96118 0.363933
0.0283212 0.477248
0.275857 0.595325
0.531754 0.0457472
0.627125 0.726402
0.384869 0.48265
0.770287 0.0916166
0.000732444 0.32197
0.207312 0.667074
0.542924 0.845851
0.0488907 0.66802
0.245979 0.651936
0.138035 0.807245
0.929197 0.368023
0.218055 0.00436415
0.604144 0.834071
0.471541 0.0103458
0.528245 0.145573
0.937864 0.541185
0.989929 0.475143
0.171117 0.764733
0.0266427 0.230354
0.604877 0.670064
0.758476 0.632771
0.688284 0.0950346
0.52913 0.388256
0.054445 0.765069
0.916227 0.571398
0.231941 0.0473647
0.70275 0.423261
0.8605 0.0586566
0.457686 0.748375
0.397107 0.935667
0.160192 0.411969
0.644887 0.597278
0.70629 0.764306
0.871975 0.607837
0.550066 0.883969
0.785119 0.00616474
0.0532853 0.135807
0.996948 0.609851
0.113956 0.65154
0.91174 0.416028
0.444746 0.844813
0.248787 0.799219
0.583941 0.993957
0.995972 0.529405
0.486068 0.423475
0.601642 0.86227
0.242836 0.465316
0.271828 0.998657
0.845698 0.350322
0.660298 0.189947
0.516922 0.347423
0.363842 0.548021
0.79516 0.129246
0.000488296 0.189367
0.165136 0.928465
0.492508 0.660573
0.669484 0.650075
0.95999 0.743034
0.278878 0.24311
0.90524 0.891232
0.762047 0.182562
0.641316 0.129673
0.606616 0.330576
0.142186 0.232459
0.129917 0.28843
0.815882 0.158422
0.360942 0.449904
0.395398 0.833979
0.0284127 0.320353
0.962859 0.913724
0.936857 0.797113
0.887631 0.24839
0.872982 0.306101
0.634236 0.524522
0.869015 0.422926
0.811914 0.0755943
0.116031 0.135502
0.181219 0.86642
0.647664 0.826868
0.226997 0.408582
0.089053 0.187689
0.298807 0.482467
0.0597552 0.00109867
0.783502 0.512558
0.408948 0.631153
0.663015 0.999695
0.768548 0.984191
0.358257 0.747398
0.303629 0.579089
0.0029603 0.00457778
0.523972 0.911527
0.55736 0.785455
0.452651 0.274483
0.916288 0.0439467
0.998993 0.224036
0.18778 0.000457778
0.562548 0.00549333
0.473067 0.563036
0.518632 0.738884
0.763024 0.689169
0.844722 0.197424
0.00286874 0.879238
0.164159 0.463698
0.541185 0.484451
0.440748 0.147221
0.271371 0.859127
0.922697 0.999634
0.43144 0.117985
0.72335 0.138249
0.928129 0.126865
0.514145 0.848018
0.128819 0.936186
0.914701 0.833064
0.170751 0.116306
0.453963 1
0.109256 0.994324
6.1037e-05 0.425672
0.753716 0.832118
0.245155 0.951415
0.90997 0.746635
0.0731529 0.0532243
0.320475 0.378521
0.384289 0.390637
0.217841 0.909665
0.943846 0.278207
0.205298 0.187658
0.910428 0.388409
0.326182 0.662801
0.696707 0.457472
0.418287 0.855678
0.235298 0.761467
0.688925 0.145512
0.880856 0.934507
0.81344 0.435591
0.780633 0.0649739
0.26896 0.173894
0.735862 0.360302
0.372204 0.998779
0.576006 0.588122
0.710746 0.309671
0.307016 0.740074
0.475661 0.514328
0.341655 0.62981
0.888638 0.370769
0.317515 0.546617
0.000152593 0.382153
0.203009 0.614978
0.839289 0.000305185
0.127842 0.0359508
0.580462 0.884548
0.785272 0.552629
0.899167 0.121708
0.000396741 0.111942
0.199133 0.158818
0.0942412 0.5197
0.561296 0.228248
0.82815 0.997528
0.847774 0.113498
0.575365 0.665059
0.832667 0.0573443
0.157079 0.851222
0.530778 0.109134
0.980224 0.34196
0.166723 0.502182
0.37315 0.884701
0.614704 0.206244
0.34315 0.783868
0.567736 0.937834
0.735832 0.929624
0.975585 0.121921
0.165105 0.802026
0.815271 0.302683
0.621601 0.421064
0.0476699 0.403485
0.924284 0.515336
0.297678 0.0919523
0.966369 0.164953
0.303659 0.838649
0.66039 0.768975
0.47029 0.21015
0.436659 0.640126
0.849757 0.625202
0.799036 0.70806
0.999695 0.812311
0.445692 0.680074
0.0264595 0.95114
0.666433 0.474105
0.261452 0.372204
0.147038 0.730461
3.05185e-05 0.640187
0.605701 0.3596
0.628254 0.154149
0.731925 0.182775
0.0859706 0.437269
0.326975 0.292886
0.216956 0.454573
0.132847 0.507431
0.740165 0.270333
0.198248 0.238289
0.320048 0.692221
0.436872 0.396496
0.586016 0.0497147
0.882107 0.191626
