3725
0.103366 0.240211
0.142949 0.736534
0.825495 0.12476
0.50264 0.119572
0.784173 0.443037
0.412336 0.455123
0.608783 0.39906
0.483108 0.740715
0.315226 0.42027
0.507401 0.87466
0.880764 0.0579546
0.882687 0.0108951
0.411664 0.782647
0.0638752 0.478652
0.636158 0.926542
0.362011 0.849971
0.359844 0.338389
0.0904874 0.633686
0.517319 0.0919828
0.895749 0.787469
0.0446791 0.451765
0.266091 0.501053
0.908505 0.411145
0.0422376 0.289987
0.949187 0.787225
0.257607 0.0994598
0.695059 0.403638
0.715171 0.198767
0.803491 0.392499
0.206732 0.148412
0.284921 0.146458
0.781335 0.62035
0.166936 0.952818
0.9682 0.353343
0.753227 0.840205
0.361583 0.0240791
0.135197 0.669546
0.472915 0.315806
0.111576 0.000457778
0.256661 0.965056
0.172185 0.764214
0.216498 0.0686361
0.702933 0.274453
0.497787 0.43141
0.0671407 0.60741
0.872402 0.236152
0.720817 0.882137
0.0226142 0.817316
0.0166326 0.47264
0.854152 0.682791
0.475936 0.520371
0.831629 0.915342
0.0564287 0.86639
0.135472 0.164434
0.269478 0.776605
0.0946074 0.204047
0.440657 0.270028
0.962737 0.447218
0.491043 0.812342
0.155766 0.706992
0.298502 0.319254
0.642598 0.946928
0.379009 0.972838
0.245125 0.594592
0.564226 0.549944
0.562914 0.152226
0.38377 0.537767
0.488449 0.0227668
0.88702 0.513413
0.615314 0.951598
0.760369 0.150426
0.223945 0.693381
0.451003 0.473037
0.644765 0.54857
0.683157 0.932188
0.153996 0.299966
0.773003 0.0856044
0.0596637 0.580981
0.648976 0.162175
0.132481 0.206763
0.983123 0.292734
0.0392163 0.49968
0.34022 0.687643
0.934263 0.139836
0.750664 0.543443
0.86523 0.572619
0.149754 0.503708
0.334971 0.641865
0.37907 0.513627
0.611957 0.689413
0.204535 0.322489
0.761101 0.219916
0.564043 0.736381
0.00521867 0.141423
0.503769 0.806635
0.120548 0.834956
0.252083 0.233283
0.351085 0.0356151
0.701682 0.543992
0.997284 0.692282
0.955931 0.0793786
0.584521 0.0864895
0.0962249 0.316477
0.018189 0.993072
0.826136 0.561266
0.63094 0.162419
0.148595 0.541398
0.529191 0.906796
0.733116 0.930998
0.144353 0.070925
0.12775 0.337779
0.395734 0.168981
0.474136 0.784967
0.879818 0.217841
0.9288 0.303934
0.105441 0.0678121
0.136021 0.396985
0.72277 0.403485
0.935484 0.472182
0.399182 0.701498
0.960082 0.941404
0.465957 0.767479
0.894925 0.943327
0.425459 0.838832
0.294107 0.51735
0.554521 0.400098
0.259102 0.193579
0.259377 0.74279
0.88464 0.280129
0.339061 0.800409
0.878475 0.628651
0.813135 0.290139
0.261299 0.160039
0.470077 0.692648
0.552843 0.930998
0.792901 0.100528
0.417524 0.467757
0.707205 0.0328074
0.78103 0.290231
0.213538 0.453566
0.115329 0.249672
0.192328 0.713675
0.443007 0.851192
0.909757 0.169286
0.73104 0.586749
0.210822 0.822901
0.859401 0.654805
0.48497 0.0517289
0.560076 0.768212
0.367656 0.127567
0.983062 0.0809351
0.0848415 0.808649
0.0455641 0.765557
0.846126 0.784997
0.220954 0.271798
0.192938 0.258766
0.922819 0.798852
0.708396 0.440352
0.141423 0.0108036
0.994171 0.241951
0.488571 0.528336
0.321635 0.949461
0.30607 0.226478
0.862972 0.154302
0.995941 0.870663
0.908505 0.726249
0.226722 0.121464
0.976714 0.108371
0.17362 0.440352
0.223029 0.71569
0.447615 0.926359
0.0538041 0.718345
0.870663 0.61623
0.351451 0.99115
0.752434 0.278512
0.2172 0.510025
0.82577 0.232826
0.637867 0.977294
0.496139 0.226142
0.982452 0.956297
0.562059 0.896725
0.73516 0.297555
0.406354 0.928007
0.780633 0.246956
0.444685 0.552934
0.148961 0.023896
0.696951 0.889676
0.954924 0.867428
0.189459 0.391797
0.738029 0.964141
0.617786 0.78164
0.0538957 0.0309458
0.824152 0.399335
0.438643 0.318308
0.309214 0.079165
0.129795 0.320505
0.492721 0.707266
0.477035 0.606861
0.362407 0.773431
0.669057 0.611347
0.351543 0.565905
0.709098 0.146947
0.00192267 0.642445
0.884884 0.174413
0.450636 0.643818
0.129093 0.587817
0.068453 0.73513
0.511154 0.366192
0.0907926 0.699728
0.109439 0.971007
0.213446 0.207465
0.953276 0.355998
0.256417 0.64272
0.17539 0.844142
0.557909 0.75219
0.175756 0.346171
0.629963 0.537675
0.605121 0.327555
0.996857 0.14658
0.987793 0.839656
0.498947 0.469588
0.113346 0.599353
0.336589 0.0270089
0.285928 0.90878
0.171178 0.502396
0.119602 0.0366222
0.67629 0.994873
0.597461 0.801904
0.590869 0.200079
0.394665 0.392193
0.161596 0.140324
0.189856 0.439009
0.933348 0.91995
0.466933 0.0590838
0.822871 0.691458
0.763756 0.539567
0.653401 0.229804
0.521653 0.758202
0.686605 0.56502
0.102603 0.166784
0.376415 0.638356
0.388501 0.404645
0.433027 0.988006
0.489242 0.204108
0.646901 0.125095
0.142186 0.176519
0.993957 0.748863
0.457747 0.124516
0.100772 0.671438
0.673666 0.387371
0.288888 0.365062
0.290658 0.0275887
0.847499 0.0803247
0.450148 0.197516
0.698904 0.522416
0.0884426 0.000671407
0.0599383 0.353099
0.0885037 0.116703
0.546098 0.844508
0.304392 0.0150761
0.644398 0.874111
0.332865 0.543718
0.578814 0.423139
0.683248 0.0974456
0.465285 0.382
0.0341807 0.116062
0.518174 0.579058
0.463668 0.502274
0.126926 0.0778222
0.111332 0.769738
0.765313 0.623493
0.742271 0.12183
0.827723 0.5197
0.485092 0.554094
0.570818 0.262612
0.576739 0.605976
0.683126 0.21839
0.0288095 0.699942
0.826106 0.188818
0.897977 0.815699
0.11594 0.988006
0.754173 0.706595
0.4026 0.236457
0.72457 0.524979
0.127781 0.412152
0.465621 0.530503
0.325755 0.473647
0.418622 0.948485
0.00469985 0.0101321
0.990356 0.985778
0.915525 0.70571
0.113956 0.501511
0.155644 0.281472
0.523606 0.785485
0.993591 0.0125126
0.652394 0.263375
0.477004 0.281869
0.273659 0.348033
0.668569 0.497543
0.874691 0.94351
0.25898 0.878964
0.422742 0.771294
0.713126 0.643422
0.605457 0.624592
0.725394 0.561022
0.301431 0.85342
0.832453 0.626789
0.371929 0.0409558
0.778771 0.142674
0.976562 0.388012
0.555803 0.454756
0.22425 0.996765
0.496292 0.86639
0.690695 0.292306
0.128422 0.602893
0.0139164 0.429365
0.281716 0.795526
0.441328 0.242561
0.222053 0.836512
0.726524 0.180395
0.975768 0.0322581
0.294198 0.436018
0.0786157 0.0567949
0.286386 0.0657063
0.942167 0.313669
0.764519 0.512101
0.809564 0.846553
0.318339 0.720603
0.863063 0.481368
0.709586 0.614917
0.110935 0.540818
0.946226 0.0985138
0.744743 0.85754
0.430433 0.16483
0.541185 0.356609
0.527757 0.309946
0.132603 0.488571
0.454085 0.441267
0.377026 0.732658
0.112156 0.329417
0.0256661 0.146184
0.896725 0.589679
0.334849 0.153996
0.451796 0.0344859
0.133091 0.97232
0.523881 0.739372
0.749412 0.448531
0.567095 0.852138
0.709159 0.598773
0.256417 0.678457
0.565538 0.0731834
0.0413526 0.682485
0.565172 0.670278
0.0811182 0.212592
0.598651 0.981353
0.0638752 0.0654317
0.990417 0.894833
0.238716 0.250038
0.944121 0.606922
0.0957671 0.560045
0.786401 0.515091
0.810358 0.866695
0.212622 0.10596
0.704276 0.359172
0.690908 0.368511
0.131413 0.513565
0.680197 0.763939
0.693045 0.0713523
0.189673 0.809259
0.744896 0.624744
0.215461 0.380932
0.686392 0.0201422
0.801233 0.0126041
0.509079 0.744652
0.0129398 0.333171
0.346294 0.83813
0.911161 0.120396
0.486312 0.0711386
0.666738 0.686483
0.0193182 0.589984
0.433546 0.946867
0.720969 0.0209357
0.731284 0.68688
0.308084 0.245155
0.433821 0.457595
0.34904 0.0904874
0.206122 0.577074
0.59743 0.777001
0.285806 0.304575
0.51033 0.766655
0.898007 0.740013
0.668569 0.342875
0.980102 0.169561
0.55324 0.279824
0.765709 0.916074
0.644826 0.842311
0.960326 0.505692
0.579089 0.507126
0.947722 0.443556
0.528123 0.983398
0.714774 0.0565813
0.440291 0.510453
0.0111698 0.843867
0.880123 0.292978
0.615833 0.0835902
0.509567 0.829279
0.321024 0.262185
0.382244 0.112949
0.384045 0.473586
0.143773 0.82458
0.528977 0.393719
0.710898 0.989563
0.0698874 0.759117
0.362926 0.650044
0.654683 0.0580157
0.0507523 0.600421
0.459334 0.584948
0.889676 0.765648
0.362041 0.439405
0.816065 0.316416
0.0549028 0.22953
0.708609 0.2425
0.198492 0.875973
0.681387 0.157537
0.0653096 0.433119
0.0350047 0.526933
0.417798 0.367565
0.184423 0.731223
0.912778 0.363018
0.199408 0.995086
0.247688 0.930296
0.865963 0.701773
0.985992 0.0977813
0.350841 0.880337
0.763451 0.187139
0.733543 0.0320139
0.653188 0.751091
0.539842 0.527177
0.200995 0.681753
0.404706 0.898526
0.129704 0.946074
0.523179 0.545061
0.225166 0.431288
0.121921 0.478042
0.560625 0.0549638
0.261299 0.327616
0.312479 0.587115
0.233222 0.911649
0.445601 0.37788
0.691366 0.0480667
0.0147404 0.202887
0.277749 0.923856
0.507828 0.286355
0.0161748 0.659719
0.690847 0.352794
0.322855 0.216163
0.61156 0.242012
0.740562 0.814356
0.0319224 0.0306711
0.675069 0.534379
0.936003 0.221747
0.104953 0.0966216
0.109378 0.87286
0.381756 0.343547
0.833979 0.21131
0.105136 0.130833
0.133366 0.921354
0.840785 0.25544
0.923734 0.388745
0.60918 0.812159
0.577166 0.730064
0.717948 0.542985
0.816553 0.905728
0.858211 0.752159
0.850246 0.168706
0.0170904 0.634205
0.0749535 0.0402234
0.291025 0.57091
0.902066 0.496109
0.677145 0.454909
0.0276803 0.485183
0.402997 0.825068
0.393323 0.60271
0.479598 0.0912503
0.757195 0.0724509
0.239753 0.741783
0.584704 0.786645
0.557665 0.25428
0.148381 0.217444
0.894894 0.368511
0.499222 0.10303
0.864376 0.260079
0.673055 0.286264
0.268777 0.262795
0.656392 0.724631
0.625477 0.383221
0.898617 0.978179
0.38731 0.141758
0.656728 0.104404
0.300912 0.0414747
0.2772 0.691916
0.0226142 0.930509
0.133091 0.367351
0.776666 0.798181
0.728904 0.219916
0.590197 0.370556
0.591784 0.0335704
0.202368 0.696371
0.459334 0.900143
0.495437 0.135472
0.631489 0.611744
0.329905 0.115513
0.959716 0.63625
0.0432142 0.820551
0.594165 0.554002
0.251411 0.037141
0.794977 0.155217
0.156133 0.884457
0.288064 0.611774
0.636189 0.278939
0.594684 0.239204
0.0592364 0.251656
0.569964 0.574389
0.50032 0.900357
0.866665 0.34019
0.0604572 0.974181
0.0590838 0.83346
0.132664 0.255776
0.886532 0.833277
0.458052 0.742943
0.272927 0.834346
0.609668 0.916379
0.564592 0.0160222
0.670064 0.592517
0.942503 0.727561
0.806421 0.950804
0.825587 0.425581
0.00854518 0.442
0.0495621 0.800256
0.903745 0.221534
0.798791 0.728416
0.695181 0.808832
0.0838649 0.937498
0.259835 0.38496
0.00772118 0.820338
0.814051 0.616199
0.126896 0.541856
0.859676 0.506912
0.00592059 0.292245
0.0132756 0.129185
0.152837 0.363872
0.295541 0.688803
0.797266 0.548234
0.391797 0.102481
0.590747 0.880642
0.779656 0.468642
0.6751 0.52028
0.23719 0.891018
0.329814 0.870754
0.00146489 0.871578
0.405469 0.0778222
0.867672 0.423048
0.210364 0.557695
0.319834 0.796747
0.203894 0.497269
0.493606 0.925657
0.626118 0.763848
0.441053 0.801904
0.243812 0.147832
0.307382 0.959532
0.241035 0.370159
0.798059 0.615101
0.905271 0.307016
0.247749 0.134465
0.891201 0.959807
0.0824915 0.162847
0.241554 0.563555
0.604724 0.119419
0.181677 0.112857
0.654439 0.457381
0.966521 0.583178
0.708975 0.669301
0.27723 0.591693
0.918607 0.571795
0.936644 0.590014
0.192907 0.585925
0.860134 0.966765
0.0461135 0.0500504
0.122898 0.748497
0.0699179 0.143254
0.358348 0.676382
0.961608 0.232215
0.0235908 0.854854
0.199652 0.785791
0.613849 0.879543
0.321268 0.0876186
0.589709 0.952971
0.770287 0.00259407
0.881832 0.49559
0.460097 0.968932
0.276009 0.232551
0.0942412 0.720908
0.0529191 0.95941
0.291665 0.342418
0.44261 0.17774
0.651326 0.68923
0.212714 0.190924
0.728996 0.840693
0.395764 0.356426
0.207556 0.122318
0.471175 0.152532
0.288156 0.26841
0.0362255 0.946318
0.413434 0.177831
0.189428 0.630421
0.632435 0.500626
0.776971 0.714866
0.871578 0.177313
0.240272 0.873501
0.213813 0.304392
0.784967 0.824244
0.766503 0.954192
0.263161 0.473586
0.519547 0.180731
0.52092 0.704245
0.00299081 0.343028
0.0210578 0.767205
0.421644 0.0028077
0.633717 0.136692
0.330027 0.703116
0.858943 0.392071
0.750084 0.771966
0.013947 0.0794397
0.865444 0.98938
0.384411 0.761467
0.674673 0.00292978
0.0390637 0.652516
0.792749 0.492508
0.345714 0.48677
0.787347 0.737358
0.763359 0.263619
0.908444 0.3961
0.722343 0.243934
0.821345 0.818293
0.672842 0.974822
0.544176 0.978667
0.36317 0.634327
0.209632 0.481185
0.683279 0.498978
0.869472 0.554735
0.860286 0.105136
0.649129 0.391827
0.908658 0.0174261
0.531114 0.516129
0.343791 0.930296
0.209967 0.0106815
0.917142 0.0880154
0.95703 0.548295
0.649831 0.808466
0.0717185 0.391247
0.0715964 0.192053
0.190313 0.467879
0.264901 0.144383
0.715293 0.811487
0.600024 0.437147
0.906705 0.136692
0.28605 0.553911
0.400861 0.0134281
0.0382397 0.389355
0.324229 0.850978
0.569933 0.44084
0.545701 0.426221
0.329173 0.825312
0.514298 0.500534
0.12598 0.766167
0.988891 0.312418
0.602374 0.743309
0.41081 0.269662
0.621845 0.458754
0.729698 0.113651
0.172704 0.975433
0.38023 0.247566
0.486007 0.975555
0.214179 0.911252
0.477065 0.620533
0.731254 0.0838343
0.46614 0.456832
0.820673 0.752953
0.0914945 0.989349
0.095706 0.255501
0.204199 0.979553
0.571917 0.191473
0.187262 0.00314341
0.227485 0.169408
0.262368 0.222877
0.358074 0.166021
0.407208 0.484817
0.574786 0.52205
0.878231 0.781732
0.0600604 0.561907
0.88464 0.922178
0.0786767 0.953887
0.368358 0.10593
0.998871 0.414777
0.660329 0.785882
0.953062 0.674978
0.773949 0.377819
0.849666 0.890225
0.918027 0.0614032
0.42497 0.0306406
0.137089 0.707083
0.949522 0.962157
0.412915 0.969207
0.950896 0.424818
0.550615 0.470931
0.676748 0.6274
0.166478 0.590228
0.0529496 0.392132
0.528398 0.346263
0.144017 0.939238
0.822169 0.652547
0.369915 0.15421
0.806055 0.894436
0.823298 0.977782
0.622333 0.0710776
0.379437 0.879818
0.474227 0.0328379
0.513749 0.561113
0.30549 0.529679
0.634907 0.0361644
0.0307321 0.904446
0.853297 0.370617
0.812677 0.350658
0.185736 0.0580462
0.22721 0.653127
0.882199 0.592059
0.595141 0.222205
0.325846 0.773797
0.619678 0.0554216
0.500381 0.568407
0.0169378 0.384686
0.389904 0.946989
0.363598 0.931639
0.0292367 0.065096
0.839717 0.700369
0.921232 0.601947
0.588794 0.679189
0.165014 0.20951
0.995941 0.224067
0.236091 0.235359
0.257942 0.24955
0.23484 0.483962
0.365246 0.604633
0.655202 0.14301
0.617878 0.168493
0.788415 0.965484
0.158391 0.519974
0.798273 0.122044
0.94116 0.642048
0.567858 0.715018
0.810053 0.372051
0.160985 0.930814
0.936033 0.341563
0.74984 0.0561846
0.826472 0.0993377
0.0741295 0.636189
0.576067 0.227546
0.171789 0.0565203
0.549608 0.674398
0.0756554 0.829859
0.378857 0.441176
0.194189 0.411634
0.994934 0.0669576
0.765526 0.169561
0.583087 0.805048
0.286569 0.999115
0.653645 0.703909
0.404187 0.0941191
0.200751 0.0386059
0.283883 0.42552
0.178899 0.477523
0.551012 0.617512
0.894742 0.0693686
0.82403 0.0168462
0.794183 0.316263
0.0826136 0.574206
0.861995 0.808405
0.748253 0.465773
0.578448 0.315165
0.0919217 0.533799
0.69921 0.11243
0.148412 0.972716
0.512009 0.381848
0.234687 0.0540788
0.649281 0.645375
0.593677 0.00106815
0.734367 0.717826
0.39198 0.489608
0.92703 0.153996
0.165319 0.624287
0.559252 0.947356
0.318827 0.752831
0.838191 0.821833
0.390789 0.223212
0.730491 0.147618
0.721458 0.0977813
0.454176 0.0925321
0.91995 0.345927
0.908811 0.943205
0.434065 0.389752
0.511307 0.151036
0.962706 0.752495
0.956481 0.381787
0.97943 0.939299
0.352062 0.326029
0.999268 0.998413
0.294412 0.726188
0.154607 0.451247
0.936216 0.516495
0.691092 0.857967
0.474288 0.207648
0.563616 0.327891
0.508805 0.64977
0.580798 0.538377
0.281564 0.628559
0.538194 0.882992
0.351543 0.764611
0.343028 0.441694
0.625751 0.480789
0.240547 0.637287
0.689932 0.388897
0.46498 0.986694
0.86465 0.32313
0.948393 0.330027
0.261605 0.428266
0.631977 0.255684
0.308176 0.55913
0.108158 0.893979
0.447127 0.763665
0.275857 0.126743
0.527787 0.15421
0.421979 0.615772
0.35609 0.0758385
0.877041 0.744163
0.556169 0.339274
0.655782 0.890988
0.381664 0.26194
0.776574 0.933775
0.356548 0.91232
0.337413 0.308054
0.230201 0.800775
0.0599383 0.924039
0.244331 0.533708
0.451338 0.2313
0.344493 0.178777
0.295389 0.763665
0.0476089 0.277474
0.135258 0.0926847
0.0874966 0.356822
0.722739 0.798273
0.395093 0.438063
0.543535 0.243599
0.365368 0.00683615
0.950713 0.0384838
0.532853 0.795618
0.926725 0.275246
0.362651 0.583666
0.790155 0.93292
0.831355 0.612873
0.862667 0.731071
0.145482 0.756004
0.560137 0.584613
0.343547 0.0511795
0.564806 0.91586
0.436842 0.664785
0.291665 0.931516
0.18012 0.274636
0.0630207 0.454268
0.693899 0.474105
0.210334 0.536576
0.648274 0.299173
0.116428 0.670614
0.542589 0.166478
0.501938 0.636677
0.327525 0.609851
0.277841 0.490249
0.383282 0.455824
0.282296 0.103488
0.749474 0.480392
0.514115 0.467269
0.0893887 0.343059
0.211127 0.723167
0.382 0.17188
0.504501 0.340373
0.918912 0.666829
0.980987 0.657186
0.395093 0.513962
0.762688 0.891476
0.307596 0.870144
0.594897 0.147862
0.846583 0.60921
0.994263 0.0463881
0.0897854 0.394543
0.0029603 0.697226
0.546098 0.548173
0.666189 0.759392
0.178564 0.20304
0.348613 0.250893
0.638997 0.0200507
0.153111 0.12772
0.662954 0.0713523
0.0921049 0.0765404
0.284738 0.18305
0.298074 0.405164
0.626514 0.674062
0.382855 0.650929
0.547319 0.152379
0.834712 0.896298
0.763176 0.242805
0.587817 0.848933
0.733329 0.908505
0.903226 0.84225
0.914121 0.0450148
0.889523 0.397809
0.630421 0.722831
0.712363 0.467483
0.0846889 0.682485
0.557604 0.298898
0.186041 0.16541
0.655721 0.367412
0.226905 0.632954
0.00698874 0.176427
0.487747 0.957823
0.248146 0.409955
0.935789 0.109409
0.103824 0.11713
0.681875 0.196783
0.915128 0.964476
0.619892 0.973144
0.26484 0.905148
0.308969 0.709372
0.437605 0.866573
0.0329905 0.790399
0.339305 0.380993
0.0919523 0.024659
0.0476394 0.0102237
0.343516 0.72982
0.250069 0.0693075
0.672048 0.313944
0.307016 0.914792
0.465224 0.842128
0.0502335 0.549791
0.041261 0.167486
0.947813 0.661855
0.928404 0.484207
0.505722 0.608264
0.338939 0.959319
0.770684 0.310923
0.292093 0.468215
0.220649 0.363292
0.745903 0.881558
0.217414 0.402722
0.503891 0.0216376
0.251259 0.111972
0.275674 0.0113529
0.726859 0.471847
0.520676 0.24897
0.761498 0.66628
0.521073 0.0612506
0.190802 0.859951
0.973327 0.472915
0.840907 0.237617
0.501206 0.668966
0.250679 0.444105
0.71981 0.329936
0.0533464 0.0819117
0.772423 0.695975
0.469008 0.432325
0.45439 0.874416
0.989349 0.51912
0.807428 0.304971
0.0415662 0.215613
0.018128 0.102634
0.396924 0.549913
0.314768 0.903012
0.302988 0.892422
0.740867 0.356487
0.971892 0.0137333
0.912839 0.473159
0.363292 0.739799
0.374462 0.365062
0.845515 0.7228
0.609302 0.472335
0.159154 0.642292
0.455061 0.565691
0.0804773 0.0152898
0.216071 0.769311
0.732871 0.771111
0.117435 0.636219
0.580615 0.471419
0.538804 0.0464797
0.803583 0.577807
0.968322 0.185736
0.0372631 0.857265
0.0630512 0.69451
0.176305 0.25837
0.962615 0.900632
0.728874 0.433851
0.498398 0.621143
0.844295 0.47438
0.802179 0.591571
0.368633 0.351238
0.934904 0.0637837
0.79397 0.222755
0.513932 0.223518
0.546831 0.817682
0.321207 0.929746
0.642994 0.737968
0.695547 0.754967
0.450514 0.613819
0.697562 0.961394
0.352824 0.286111
0.277108 0.0538957
0.901181 0.251961
0.78576 0.877377
0.177038 0.644337
0.100162 0.290994
0.769341 0.814325
0.842372 0.960295
0.299387 0.97116
0.883847 0.0409558
0.346446 0.212165
0.430158 0.345836
0.804865 0.165624
0.775658 0.984771
0.0371715 0.347636
0.788995 0.0427259
0.0133671 0.242744
0.797998 0.20249
0.877529 0.389264
0.135624 0.875484
0.555528 0.873379
0.0939055 0.437361
0.879269 0.540086
0.597156 0.603626
0.662099 0.920621
0.340678 0.500809
0.166478 0.553301
0.993164 0.927091
0.702292 0.133305
0.606922 0.276131
0.855861 0.236702
0.037141 0.321299
0.12241 0.783197
0.00204474 0.386639
0.0277413 0.555284
0.613758 0.0342418
0.927915 0.452864
0.689657 0.737327
0.760125 0.526231
0.219153 0.595904
0.311624 0.489334
0.893216 0.635762
0.898526 0.0446791
0.649678 0.182073
0.308664 0.809107
0.477767 0.820673
0.668691 0.224403
0.791833 0.687857
0.471114 0.109073
0.393902 0.776971
0.474654 0.41493
0.0277718 0.252419
0.267037 0.524338
0.371685 0.688406
0.064333 0.0984527
0.383343 0.575671
0.1124 0.39494
0.767632 0.333689
0.791528 0.898099
0.329539 0.575182
0.420789 0.0851466
0.429334 0.904477
0.946898 0.180731
0.670949 0.815943
0.461257 0.00277718
0.497848 0.851924
0.579791 0.638722
0.395795 0.838191
0.324747 0.0603046
0.0477004 0.517716
0.484146 0.895047
0.608478 0.5862
0.929319 0.680258
0.886502 0.717521
0.887966 0.0843532
0.539506 0.192785
0.781487 0.76925
0.250649 0.17478
0.689413 0.608325
0.992004 0.333354
0.0936308 0.273812
0.590472 0.0645161
0.883633 0.662984
0.636677 0.397748
0.166478 0.871883
0.680654 0.235511
0.560228 0.80929
0.813868 0.273141
0.884091 0.994446
0.604968 0.135624
0.395703 0.742546
0.0492569 0.141942
0.856197 0.431593
0.966491 0.831813
0.565722 0.655202
0.170782 0.798852
0.309488 0.334666
0.64745 0.528886
0.820002 0.159307
0.994201 0.785211
0.930875 0.87878
0.220038 0.864895
0.673055 0.949614
0.141118 0.343699
0.28663 0.388165
0.291543 0.287515
0.108341 0.181066
0.78048 0.122837
0.588153 0.616993
0.0506607 0.305612
0.541429 0.025483
0.626942 0.430189
0.37199 0.409497
0.0581072 0.536363
0.186438 0.571032
0.995025 0.492508
0.90936 0.913358
0.574664 0.170995
0.376263 0.780969
0.95761 0.149144
0.215125 0.940062
0.82635 0.484573
0.745811 0.425672
0.0128483 0.0444044
0.977569 0.901761
0.875484 0.679708
0.665944 0.563158
0.00524918 0.492447
0.527268 0.408399
0.634205 0.329234
0.172552 0.69396
0.945189 0.39729
0.797754 0.563433
0.186865 0.959044
0.764153 0.483627
0.0424207 0.612873
0.201697 0.740379
0.650502 0.00930815
0.162755 0.0201727
0.972533 0.607562
0.20307 0.442824
0.0960112 0.774926
0.183599 0.132633
0.593524 0.309122
0.956908 0.316813
0.761345 0.731315
0.376171 0.192541
0.716849 0.863399
0.367351 0.524186
0.621448 0.656667
0.324198 0.515427
0.896786 0.559191
0.638447 0.243629
0.271523 0.0397046
0.532609 0.102512
0.424451 0.331828
0.525529 0.232643
0.172369 0.826716
0.537522 0.451125
0.51503 0.97116
0.973327 0.413526
0.0734581 0.907804
0.938719 0.549333
0.926603 0.783929
0.894345 0.33549
0.596393 0.831355
0.601306 0.639576
0.292672 0.204993
0.00704978 0.799677
0.887051 0.191687
0.718436 0.901547
0.424757 0.411878
0.0267953 0.443678
0.677847 0.678457
0.109043 0.69924
0.245094 0.270943
0.0138554 0.30604
0.072634 0.419385
0.284951 0.45085
0.267861 0.996582
0.143773 0.680227
0.967101 0.295724
0.713828 0.303079
0.592029 0.515519
0.992676 0.462477
0.917295 0.756432
0.808344 0.645009
0.732108 0.637806
0.531175 0.139927
0.307077 0.294687
0.565752 0.960387
0.446852 0.106845
0.579302 0.136326
0.0262459 0.459059
0.0954314 0.961882
0.527787 0.928159
0.663381 0.164556
0.146641 0.625935
0.764336 0.561266
0.401563 0.569994
0.611988 0.209723
0.712302 0.703391
0.575182 0.900693
0.173131 0.893551
0.489334 0.654195
0.0968352 0.474013
0.0918912 0.0598163
0.982025 0.365947
0.806543 0.658986
0.749229 0.988281
0.884091 0.431623
0.771172 0.0506912
0.481918 0.772851
0.464309 0.243568
0.205481 0.337931
0.243934 0.0241707
0.876736 0.874508
0.882382 0.468581
0.495376 0.0089114
0.68337 0.797571
0.955962 0.711875
0.395123 0.251015
0.255135 0.558183
0.110538 0.345805
0.801569 0.244636
0.186407 0.375561
0.330668 0.888791
0.941313 0.0257576
0.756432 0.381298
0.249001 0.340312
0.719016 0.917478
0.927091 0.726646
0.689749 0.975921
0.484298 0.485427
0.850764 0.325114
0.190405 0.838221
0.401318 0.302133
0.579577 0.968474
0.847926 0.871578
0.913785 0.650197
0.466842 0.193152
0.590625 0.164464
0.750938 0.741264
0.736259 0.34257
0.180822 0.611591
0.131779 0.641011
0.425275 0.113559
0.0643635 0.161992
0.475112 0.912534
0.115268 0.0167852
0.392865 0.198004
0.956694 0.735954
0.999542 0.603595
0.510727 0.419813
0.935484 0.756829
0.396191 0.0424207
0.286996 0.874142
0.244545 0.668813
0.543504 0.370464
0.532151 0.833705
0.084872 0.617786
0.632801 0.632862
0.338603 0.0797449
0.661672 0.44261
0.527329 0.624989
0.721732 0.677114
0.232063 0.785333
0.840358 0.187353
0.233497 0.450362
0.383709 0.382153
0.840571 0.0566424
0.00622578 0.585406
0.952513 0.129215
0.10361 0.382733
0.892117 0.139927
0.62682 0.99884
0.867519 0.371166
0.181402 0.594104
0.326121 0.408826
0.584185 0.440199
0.428388 0.786767
0.267678 0.0822169
0.199408 0.930967
0.0393994 0.425245
0.239937 0.612018
0.138096 0.0544755
0.436293 0.589862
0.0644551 0.0138249
0.694357 0.65746
0.505539 0.78988
0.415937 0.580645
0.938292 0.432447
0.310007 0.573138
0.749046 0.9429
0.177526 0.0206305
0.318522 0.28486
0.409009 0.426252
0.876583 0.858821
0.91464 0.285531
0.0444349 0.779534
0.79873 0.772515
0.73162 0.260628
0.304086 0.121586
0.0686972 0.666066
0.00405896 0.162847
0.291757 0.166845
0.666433 0.272622
0.34785 0.815027
0.71157 0.498489
0.99588 0.533586
0.190191 0.293344
0.0455641 0.749596
0.363659 0.557604
0.728263 0.162542
0.82992 0.581103
0.439497 0.486709
0.744957 0.567064
0.91055 0.680624
0.914487 0.888516
0.251045 0.359844
0.793359 0.6657
0.672292 0.855342
0.976653 0.265023
0.952239 0.205634
0.0837733 0.28367
0.980773 0.2013
0.653706 0.500809
0.207465 0.260964
0.813593 0.9382
0.520371 0.844081
0.917234 0.205023
0.845698 0.00854518
0.997803 0.256203
0.323588 0.530412
0.372082 0.893765
0.389264 0.619098
0.374371 0.0555437
0.822596 0.365246
0.180212 0.705588
0.262825 0.0186468
0.485549 0.330515
0.544694 0.585192
0.63155 0.1095
0.858791 0.908872
0.536882 0.0665303
0.70043 0.914518
0.146153 0.838832
0.521714 0.0101932
0.278024 0.334696
0.847804 0.12598
0.561327 0.487777
0.818476 0.455916
0.127598 0.383038
0.980041 0.692343
0.15186 0.431135
0.999451 0.563921
0.118717 0.216407
0.309397 0.183416
0.325053 0.45848
0.277627 0.645741
0.152684 0.39668
0.034669 0.972076
0.707053 0.482162
0.0188604 0.021363
0.0798975 0.494736
0.127445 0.273873
0.553392 0.231697
0.489547 0.597369
0.600543 0.190313
0.630696 0.0089114
0.894772 0.154759
0.403058 0.677358
0.950896 0.57094
0.231574 0.500931
0.196356 0.75518
0.0335398 0.717063
0.232582 0.940428
0.656209 0.35023
0.192907 0.483383
0.930723 0.0120853
0.922147 0.545122
0.669149 0.661397
0.0619526 0.817652
0.92996 0.710654
0.0300607 0.734184
0.149236 0.593677
0.156255 0.195044
0.164159 0.239692
0.827601 0.948058
0.451399 0.295877
0.352641 0.950255
0.0600909 0.322031
0.364147 0.79574
0.45204 0.630177
0.816614 0.730979
0.15833 0.0907926
0.443922 0.41023
0.981567 0.2172
0.564837 0.0419935
0.446821 0.906766
0.942412 0.272103
0.423811 0.694113
0.228309 0.972076
0.611255 0.669668
0.48381 0.361705
0.401105 0.860836
0.159673 0.325236
0.499832 0.969878
0.491317 0.24604
0.0598773 0.852473
0.641285 0.962645
0.264229 0.584124
0.321024 0.132969
0.580218 0.81933
0.456496 0.599628
0.972716 0.242409
0.646443 0.477706
0.195135 0.20188
0.554063 0.0845668
0.99704 0.762169
0.452956 0.726005
0.457839 0.347362
0.71041 0.16654
0.151585 0.570086
0.619617 0.901425
0.844539 0.809595
0.910062 0.449324
0.326548 0.658345
0.926542 0.369793
0.680685 0.173254
0.103366 0.815546
0.67748 0.782311
0.861263 0.135075
0.205573 0.799402
0.33845 0.235176
0.833735 0.308084
0.102817 0.417219
0.061037 0.366832
0.129093 0.797052
0.218818 0.735252
0.513565 0.91821
0.682791 0.329691
0.627705 0.3137
0.547655 0.993225
0.788476 0.600299
0.106693 0.836329
0.865871 0.636555
0.657643 0.987487
0.408856 0.645009
0.465682 0.0434889
0.606983 0.504807
0.576067 0.28016
0.248054 0.754723
0.809809 0.000183111
0.314158 0.602985
0.611255 0.106876
0.426771 0.0697653
0.763939 0.0185247
0.123905 0.0589618
0.423536 0.550707
0.0635701 0.21897
0.567522 0.122593
0.0704062 0.986755
0.228492 0.339366
0.114322 0.938902
0.285379 0.781396
0.713797 0.0729392
0.159612 0.165105
0.309976 0.742424
0.0674154 0.517563
0.497055 0.0597552
0.846278 0.540239
0.736015 0.542863
0.941496 0.625935
0.637257 0.802057
0.729881 0.870632
0.326762 0.589068
0.239998 0.424879
0.495743 0.886624
0.073397 0.463118
0.997986 0.67217
0.682546 0.141606
0.125889 0.892788
0.371319 0.995575
0.967864 0.683676
0.127384 0.68215
0.453688 0.940947
0.820917 0.256813
0.43028 0.198309
0.744316 0.397717
0.999573 0.357677
0.339305 0.600909
0.573168 0.756004
0.254341 0.914792
0.702383 0.0188299
0.718894 0.73693
0.263253 0.654866
0.354289 0.141392
0.405255 0.590533
0.829432 0.783502
0.221839 0.754753
0.176611 0.462203
0.908689 0.515274
0.833979 0.037904
0.48854 0.996796
0.196783 0.425825
0.235603 0.522691
0.820032 0.885525
0.598132 0.254402
0.291025 0.653645
0.396588 0.657216
0.773797 0.832789
0.580279 0.700522
0.46849 0.641102
0.638203 0.597674
0.788781 0.810358
0.315256 0.103397
0.352672 0.403729
0.425031 0.307901
0.748955 0.229133
0.670186 0.0874355
0.510239 0.516037
0.153203 0.480453
0.622211 0.591571
0.704398 0.189367
0.105319 0.220771
0.620167 0.301309
0.638722 0.787927
0.596118 0.90994
0.81518 0.441084
0.354015 0.195685
0.41673 0.136479
0.777856 0.221595
0.229926 0.0232246
0.0119022 0.357555
0.00946074 0.718436
0.730827 0.856136
0.0761742 0.256142
0.113987 0.923582
0.731315 0.703665
0.189062 0.149815
0.361125 0.825861
0.871761 0.405652
0.314035 0.983856
0.251442 0.727744
0.237434 0.184393
0.541551 0.689413
0.444594 0.0627766
0.387738 0.99762
0.849086 0.845668
0.0601215 0.129612
0.214301 0.248177
0.918424 0.623981
0.542039 0.77691
0.81518 0.499466
0.902707 0.775506
0.46498 0.804498
0.495437 0.729484
0.565538 0.137761
0.426618 0.645039
0.503983 0.983276
0.254036 0.858425
0.667592 0.255531
0.0660421 0.68099
0.828394 0.674795
0.764153 0.588702
0.344432 0.673635
0.0918607 0.908902
0.760735 0.861232
0.548479 0.570879
0.937559 0.93939
0.900296 0.110019
0.0385144 0.238624
0.0457167 0.405652
0.471877 0.865963
0.31315 0.360027
0.723411 0.612995
0.0592669 0.786492
0.829585 0.501206
0.410657 0.758843
0.157964 0.848964
0.255287 0.831843
0.869472 0.122196
0.764794 0.642109
0.533738 0.76577
0.948698 0.165441
0.132084 0.0292672
0.863186 0.871792
0.532029 0.668264
0.696615 0.992004
0.254952 0.285958
0.471053 0.67568
0.794336 0.176641
0.112491 0.735679
0.517899 0.0441298
0.946959 0.830195
0.685079 0.59151
0.549028 0.89169
0.981231 0.570544
0.978484 0.136814
0.145085 0.10831
0.0740074 0.70278
0.152318 0.956023
0.367931 0.0896329
0.330271 0.972716
0.707968 0.748344
0.391766 0.318339
0.570605 0.984069
0.862575 0.193213
0.0443739 0.887387
0.185888 0.0880764
0.457961 0.0730613
0.85461 0.526383
0.2725 0.561571
0.12064 0.164708
0.307657 0.637226
0.84695 0.919706
0.435621 0.680898
0.0788903 0.443831
0.850978 0.457533
0.379254 0.55736
0.85876 0.775841
0.698355 0.585833
0.952849 0.0520646
0.787774 0.0774865
0.426466 0.0996429
0.249336 0.464888
0.183813 0.917875
0.109836 0.566088
0.0779138 0.546617
0.594623 0.100223
0.271645 0.41731
0.635578 0.344005
0.145116 0.408399
0.931822 0.968261
0.89993 0.899442
0.734367 0.487014
0.618519 0.937895
0.845119 0.490127
0.917142 0.994629
0.276467 0.466964
0.0222175 0.17307
0.42909 0.888852
0.438032 0.774285
0.00683615 0.506455
0.635151 0.521287
0.441511 0.0435499
0.0896329 0.182745
0.409009 0.985443
0.603687 0.364666
0.350505 0.000122074
0.176672 0.0768151
0.2378 0.314737
0.472152 0.131687
0.544786 0.331034
0.850826 0.995209
0.186316 0.765954
0.885495 0.69454
0.987121 0.79754
0.116764 0.312998
0.478133 0.392743
0.976287 0.714133
0.341319 0.455794
0.342845 0.616138
0.583972 0.564776
0.249672 0.298776
0.27955 0.975982
0.369091 0.479354
0.339579 0.282296
0.35847 0.50206
0.190954 0.346873
0.507859 0.696738
0.826014 0.342174
0.606525 0.300241
0.482833 0.471541
0.413068 0.814173
0.980132 0.755943
0.636708 0.822962
0.802271 0.925779
0.00152593 0.534013
0.284494 0.953826
0.414991 0.28489
0.810968 0.225959
0.883541 0.351024
0.799585 0.469344
0.722526 0.35728
0.810114 0.423139
0.774712 0.0303049
0.918851 0.858608
0.837855 0.37196
0.803674 0.971709
0.642781 0.580187
0.95056 0.526048
0.532456 0.278726
0.80462 0.789483
0.920896 0.235481
0.437666 0.138646
0.744194 0.795618
0.19657 0.660512
0.26664 0.758599
0.466109 0.26368
0.357616 0.377148
0.525803 0.379589
0.459426 0.704306
0.745903 0.646596
0.84344 0.976867
0.749718 0.17539
0.862239 0.00234993
0.29191 0.502091
0.368389 0.302499
0.801172 0.450301
0.091464 0.516892
0.866512 0.299051
0.975372 0.0514542
0.923734 0.185919
0.198737 0.550523
0.0858791 0.754082
0.309763 0.832698
0.582232 0.214087
0.308908 0.773888
0.946196 0.489578
0.322916 0.44496
0.879727 0.79812
0.997894 0.726096
0.175817 0.411878
0.307749 0.933958
0.436415 0.815607
0.47618 0.59154
0.527512 0.594745
0.974548 0.53798
0.541032 0.655141
0.169683 0.0377514
0.669851 0.116276
0.194525 0.946776
0.697684 0.227302
0.859828 0.216926
0.271126 0.446089
0.372173 0.835322
0.136479 0.469436
0.336711 0.909574
0.722312 0.997314
0.289438 0.227393
0.810602 0.40614
0.743553 0.253487
0.614368 0.830317
0.168645 0.574328
0.773064 0.415387
0.687216 0.949095
0.134617 0.567522
0.932218 0.663778
0.859127 0.0551469
0.963134 0.394665
0.164953 0.657704
0.83401 0.758812
0.139775 0.996765
0.640339 0.0745567
0.219428 0.467208
0.57268 0.365612
0.75692 0.686422
0.330088 0.359661
0.11713 0.622089
0.32728 0.394848
0.0181585 0.872463
0.823359 0.0495315
0.236518 0.855892
0.375011 0.857143
0.70809 0.4167
0.904569 0.536363
0.790124 0.636311
0.603107 0.761345
0.216163 0.610431
0.642598 0.202063
0.83343 0.857295
0.725364 0.386425
0.94232 0.801355
0.618641 0.850368
0.635914 0.855373
0.96292 0.369335
0.510666 0.398114
0.677114 0.897916
0.942228 0.856471
0.00671407 0.218879
0.840907 0.640553
0.421674 0.506241
0.20481 0.957976
0.262368 0.543718
0.957366 0.919553
0.108066 0.483077
0.321482 0.687155
0.711509 0.84582
0.395032 0.0646382
0.513901 0.263863
0.804285 0.0617389
0.52855 0.429151
0.139592 0.125523
0.744957 0.588641
0.890927 0.858638
0.0415662 0.18891
0.735252 0.458907
0.927152 0.416181
0.077578 0.332316
0.477737 0.933348
0.158513 0.730796
0.786645 0.750969
0.158574 0.260323
0.876095 0.105136
0.928678 0.0780663
0.348033 0.857601
0.9476 0.243049
0.110874 0.0495315
0.236915 0.836177
0.946135 0.992615
0.622181 0.355419
0.00219733 0.88522
0.710898 0.00326548
0.336039 0.992767
0.703787 0.0890835
0.772057 0.102817
0.345805 0.581561
0.275857 0.671224
0.258858 0.948546
0.780114 0.572985
0.749718 0.301859
0.932524 0.208533
0.28132 0.893002
0.992462 0.580157
0.775597 0.359478
0.220954 0.548692
0.449751 0.785424
0.190802 0.23307
0.735069 0.194281
0.376873 0.815821
0.878567 0.909848
0.945555 0.503952
0.244942 0.199835
0.643086 0.421216
0.759545 0.760002
0.853664 0.940092
0.108646 0.461226
0.19837 0.360759
0.183691 0.549821
0.946135 0.880337
0.734489 0.504074
0.680654 0.410596
0.972991 0.803278
0.760155 0.129917
0.537095 0.862026
0.994018 0.435041
0.0830409 0.480453
0.777734 0.266945
0.467666 0.883969
0.825007 0.38084
0.230323 0.669454
0.973113 0.993377
0.444472 0.355937
0.53737 0.743278
1 0.884091
0.817591 0.0719016
0.107639 0.445235
0.492904 0.796197
0.966124 0.656423
0.9953 0.96466
0.568712 0.878048
0.887936 0.235878
0.769372 0.436689
0.279855 0.854122
0.341166 0.783959
0.218085 0.157292
0.843074 0.425489
0.352641 0.23423
0.939054 0.0491043
0.390515 0.807581
0.301462 0.377148
3.05185e-05 0.0786157
0.779778 0.158238
0.199561 0.177679
0.573229 0.454054
0.00616474 0.191534
0.636036 0.45851
0.769005 0.497818
0.360118 0.269509
0.943541 0.257027
0.443556 0.892972
0.847529 0.586718
0.777734 0.658925
0.365246 0.223365
0.258766 0.805567
0.122471 0.431074
0.870601 0.518296
0.0901212 0.830409
0.979827 0.627461
0.698843 0.508744
0.489059 0.828425
0.417585 0.863918
0.489944 0.290658
0.838191 0.452467
0.420087 0.737449
0.168615 0.529618
0.158269 0.906247
0.575549 0.387005
0.510269 0.311533
0.133854 0.813196
0.582018 0.491379
0.0448927 0.926328
0.43144 0.534898
0.862728 0.444624
0.080874 0.792627
0.344035 0.427625
0.0820032 0.727134
0.665731 0.0338145
0.140477 0.147984
0.335948 0.00482192
0.973113 0.848933
0.189398 0.216132
0.37431 0.279092
0.496689 0.683401
0.619709 0.748192
0.85876 0.834834
0.879513 0.310556
0.795923 0.867214
0.771233 0.45497
0.80578 0.32664
0.595233 0.923917
0.588153 0.267739
0.990814 0.273873
0.791162 0.273049
0.190954 0.893796
0.420484 0.227577
0.267159 0.397961
0.859981 0.601825
0.419874 0.0530717
0.90463 0.268654
0.518479 0.686911
0.023957 0.617817
0.310099 0.165563
0.0831324 0.236213
0.690908 0.459639
0.804376 0.813044
0.200476 0.0206305
0.0191046 0.945555
0.173162 0.00299081
0.149998 0.919095
0.815516 0.199469
0.502853 0.17362
0.967742 0.325694
0.0520035 0.909482
0.808679 0.0971099
0.977203 0.495926
0.961577 0.481552
0.62978 0.220862
0.103336 0.367382
0.210761 0.0534074
0.58916 0.342357
0.180547 0.179601
0.459273 0.210517
0.658315 0.669698
0.654012 0.830348
0.786096 0.851466
0.933378 0.997894
0.0877407 0.846156
0.798791 0.832789
0.354839 0.516312
0.85464 0.416547
0.892239 0.612995
0.45024 0.983428
0.704398 0.722556
0.025605 0.510697
0.37553 0.916746
0.160985 0.985992
0.623005 0.121799
0.439192 0.741569
0.526963 0.331584
0.538408 0.297006
0.233283 0.704856
0.920255 0.925962
0.671865 0.720756
0.43141 0.930296
0.548173 0.600574
0.0876186 0.147282
0.675558 0.745628
0.302591 0.150609
0.648305 0.658986
0.0897244 0.884762
0.486587 0.123112
0.677206 0.553972
0.83697 0.145451
0.884152 0.891964
0.520432 0.940306
0.260445 0.371044
0.849757 0.028901
0.00204474 0.953398
0.0999786 0.65389
0.00189215 0.928159
0.740074 0.528031
0.0168767 0.9653
0.597644 0.533372
0.743309 0.073336
0.00567644 0.456832
0.602924 0.0249641
0.659627 0.409558
0.354503 0.473495
0.35548 0.311167
0.602588 0.866115
0.532823 0.261452
0.553789 0.53621
0.47203 0.225196
0.284738 0.708914
0.394726 0.918729
0.515427 0.858913
0.974425 0.916654
0.907407 0.0759911
0.56914 0.790399
0.00234993 0.570818
0.787408 0.949919
0.025605 0.673116
0.965728 0.780847
0.996674 0.108921
0.749596 0.0967742
0.0590838 0.285928
0.894406 0.881741
0.648854 0.0361034
0.595019 0.450972
0.482253 0.161565
0.84637 0.299112
0.49144 0.304361
0.80105 0.283761
0.947844 0.908078
0.496963 0.941404
0.323374 0.230201
0.289224 0.00244148
0.997559 0.200659
0.669118 0.0528275
0.650472 0.765221
0.776147 0.552415
0.843593 0.406384
0.464583 0.550737
0.118168 0.195227
0.28196 0.318674
0.751732 0.343577
0.018189 0.753075
0.43849 0.44145
0.712821 0.574267
0.733848 0.36961
0.693533 0.208808
0.484909 0.572954
0.0905789 0.101566
0.656331 0.204993
0.663778 0.425459
0.115757 0.84875
0.155431 0.00201422
0.679891 0.874142
0.758202 0.408277
0.112369 0.794244
0.594287 0.473037
0.430525 0.70806
0.173986 0.307047
0.983367 0.595386
0.175756 0.938261
0.123508 0.109958
0.88406 0.125858
0.826472 0.594562
0.401349 0.997528
0.803278 0.259407
0.417432 0.253456
0.75103 0.923521
0.304239 0.0635395
0.983673 0.35136
0.508133 0.931791
0.546922 0.499741
0.427351 0.971679
0.0475173 0.0990631
0.441816 0.214942
0.515213 0.432936
0.691671 0.69512
0.399976 0.880612
0.160772 0.808679
0.506272 0.244942
0.167974 0.779168
0.356456 0.702963
0.109165 0.72103
0.737693 0.65804
0.509598 0.722495
0.582232 0.0130619
0.20365 0.28898
0.828547 0.26896
0.0021363 0.422437
0.0508438 0.995239
0.00619526 0.0563677
0.021485 0.225349
0.404797 0.726768
0.634022 0.180883
0.971496 0.885006
0.555071 0.198004
0.291543 0.241066
0.986084 0.55504
0.529923 0.717002
0.278481 0.940245
0.841975 0.568987
0.720145 0.722739
0.270638 0.706137
0.0527665 0.654286
0.26664 0.719626
0.627827 0.410871
0.7463 0.209662
0.825282 0.546495
0.244118 0.971435
0.232337 0.401257
0.455214 0.488021
0.998993 0.302652
0.994049 0.37672
0.545122 0.912595
0.659627 0.627216
0.143345 0.607807
0.649709 0.318461
0.062624 0.880764
0.396008 0.265145
0.451582 0.518082
0.652547 0.246712
0.492996 0.457167
0.180639 0.515885
0.999359 0.166936
0.241554 0.085818
0.75164 0.0276803
0.601276 0.846705
0.216254 0.088992
0.136937 0.551866
0.960295 0.816248
0.686331 0.824366
0.762566 0.35255
0.919431 0.103946
0.592914 0.387066
0.705679 0.831813
0.947569 0.772149
0.679525 0.0632038
0.399029 0.151463
0.899899 0.431501
0.26194 0.615528
0.126438 0.52794
0.730399 0.0581072
0.460402 0.164251
0.609027 0.708335
0.450545 0.677206
0.178991 0.330576
0.595752 0.698386
0.668966 0.373394
0.140263 0.281899
0.356059 0.11597
0.0479141 0.376537
0.809412 0.555071
0.784387 0.400342
0.881802 0.646107
0.875607 0.974212
0.809961 0.0303354
0.895413 0.704611
0.418531 0.157811
0.0202948 0.575884
0.708487 0.383526
0.340037 0.755425
0.00277718 0.734001
0.884915 0.527635
0.285348 0.811853
0.777184 0.207404
0.168859 0.106418
0.807062 0.677389
0.229865 0.290628
0.112827 0.145939
0.228034 0.102756
0.446272 0.282571
0.278634 0.532548
0.125614 0.8605
0.559465 0.313456
0.0330821 0.086581
0.612171 0.558885
0.377026 0.709433
0.43907 0.0144353
0.217597 0.963286
0.24543 0.651479
0.161687 0.385052
0.128636 0.908078
0.974853 0.427503
0.562181 0.382031
0.0133976 0.685781
0.84463 0.736961
0.262001 0.122654
0.0285958 0.16071
0.792566 0.98645
0.712729 0.785455
0.059389 0.628834
0.409101 0.0358592
0.894314 0.453536
0.674123 0.469893
0.109684 0.584216
0.484085 0.265877
0.966063 0.520066
0.811853 0.630207
0.590503 0.895566
0.445143 0.159856
0.996216 0.635945
0.0799585 0.0924711
0.288064 0.746849
0.910428 0.872066
0.643941 0.912809
0.456221 0.815699
0.621021 0.369671
0.222022 0.325938
0.804712 0.521042
0.997711 0.808466
0.628895 0.873867
0.61916 0.261635
0.403729 0.117405
0.859035 0.0157475
0.222571 0.564867
0.73928 0.136692
0.553453 0.213752
0.550188 0.184118
0.429212 0.753838
0.921232 0.830409
0.487838 0.75689
0.621174 0.520768
0.633229 0.693564
0.570452 0.343608
0.579577 0.404126
0.919919 0.322581
0.739464 0.31196
0.472854 0.301035
0.905606 0.35136
0.334452 0.13947
0.928831 0.257485
0.623493 0.921323
0.965941 0.979644
0.67748 0.7004
0.232643 0.00430311
0.329386 0.039613
0.761711 0.607746
0.098056 0.606403
0.482986 0.68807
0.515122 0.954009
0.722007 0.136265
0.251747 0.778252
0.738548 0.000579852
0.657002 0.965941
0.567248 0.0911588
0.529954 0.0339061
0.576769 0.0574969
0.166112 0.679403
0.972442 0.149327
0.838038 0.33198
0.159337 0.751183
0.688955 0.536912
0.227882 0.577807
0.185247 0.879299
0.208136 0.625385
0.000427259 0.664174
0.786645 0.534135
0.275246 0.512253
0.304117 0.459304
0.018891 0.268288
0.959136 0.111087
0.564959 0.10651
0.781396 0.341563
0.0350047 0.270119
0.666372 0.01648
0.760552 0.0401929
0.0824 0.302377
0.463393 0.33311
0.705435 0.950255
0.042909 0.665853
0.212928 0.0278634
0.647633 0.563433
0.325358 0.738273
0.523301 0.874325
0.831446 0.0813318
0.0122684 0.544328
0.201727 0.0838954
0.800623 0.744346
0.516465 0.167363
0.195807 0.908567
0.302683 0.268746
0.782311 0.673879
0.17246 0.994415
0.559374 0.97586
0.599506 0.654592
0.0333262 0.00518815
0.759514 0.424085
0.448897 0.539567
0.998596 0.390728
0.695608 0.160375
0.973723 0.736625
0.608417 0.228309
0.755089 0.113742
0.878353 0.566759
0.636311 0.373516
0.479293 0.720908
0.312937 0.655293
0.0631123 0.497696
0.926664 0.903348
0.0280465 0.292489
0.0655843 0.949583
0.135655 0.453749
0.0181585 0.00412
0.502426 0.0813623
0.984924 0.449721
0.543718 0.412458
0.517563 0.668691
0.590228 0.72042
0.0823389 0.652303
0.481979 0.376507
0.877316 0.151585
0.954222 0.0152593
0.574328 0.836787
0.358287 0.97589
0.970275 0.122593
0.326426 0.176733
0.72631 0.983917
0.798791 0.350017
0.925901 0.69628
0.57091 0.295907
0.575121 0.947752
0.320078 0.302316
0.672384 0.833552
0.305124 0.999512
0.542527 0.0105899
0.306894 0.000640889
0.776849 0.899869
0.247566 0.326731
0.920988 0.439558
0.268349 0.282144
0.686972 0.254494
0.970672 0.558031
0.331126 0.204352
0.453078 0.139775
0.812647 0.769066
0.40788 0.401257
0.024659 0.399823
0.815241 0.798364
0.135746 0.192999
0.405805 0.943205
0.861507 0.0888089
0.620624 0.143254
0.989105 0.705863
0.691031 0.90463
0.132603 0.620746
0.402387 0.338328
0.91818 0.811823
0.627522 0.551225
0.607501 0.158818
0.323191 0.627766
0.0688803 0.272958
0.610797 0.79809
0.155065 0.0446486
0.717826 0.767846
0.0597858 0.412946
0.458724 0.407727
0.823084 0.174627
0.381359 0.929655
0.355937 0.45436
0.790521 0.785852
0.300912 0.54503
0.960753 0.766961
0.325022 0.245827
0.124699 0.2996
0.488327 0.507523
0.141087 0.852596
0.732353 0.60097
0.372204 0.950285
0.554094 0.70394
0.369213 0.571276
0.39729 0.977966
0.362651 0.421247
0.680959 0.271065
0.393292 0.025544
0.478195 0.0137028
0.0683004 0.71514
0.377453 0.749748
0.29783 0.593402
0.650014 0.999206
0.515976 0.127567
0.378307 0.423444
0.835078 0.286325
0.196722 0.30784
0.694754 0.423749
0.68099 0.651967
0.409711 0.382183
0.588214 0.763359
0.491745 0.413007
0.805231 0.536576
0.219855 0.811975
0.839808 0.512162
0.899808 0.669149
0.9523 0.298349
0.526933 0.568346
0.8081 0.697104
0.136265 0.433363
0.41023 0.711875
0.644063 0.442427
0.403455 0.631428
0.666921 0.185339
0.532884 0.817835
0.196509 0.106601
0.932493 0.574572
0.740104 0.412915
0.648549 0.0928678
0.432447 0.602985
0.98883 0.12537
0.31666 0.0341502
0.444044 0.831416
0.405744 0.211097
0.377697 0.230049
0.0557573 0.938047
0.315531 0.20011
0.125797 0.233528
0.324351 0.339824
0.713309 0.227271
0.0197455 0.894864
0.512162 0.595813
0.0317392 0.758538
0.410718 0.664205
0.125523 0.69985
0.0309763 0.638936
0.20191 0.604907
0.702628 0.564043
0.838466 0.554979
0.147404 0.789697
0.524583 0.198035
0.252754 0.51503
0.389447 0.905332
0.292184 0.482131
0.21131 0.896176
0.836573 0.929746
0.871456 0.0292367
0.0332041 0.601154
0.173284 0.748436
0.814417 0.712729
0.698233 0.777245
0.666189 0.872463
0.662679 0.298074
0.133854 0.723502
0.252663 0.994537
0.877041 0.820276
0.496231 0.541704
0.963317 0.253761
0.245521 0.496048
0.789453 0.479232
0.275216 0.732932
0.846278 0.0946379
0.837916 0.0205695
0.43318 0.62804
0.396283 0.184637
0.765709 0.745323
0.49617 0.0372326
0.738548 0.283334
0.549516 0.831172
0.712851 0.112186
0.745476 0.013184
0.851009 0.205878
0.463424 0.0218513
0.942412 0.00497452
0.858058 0.668783
0.39491 0.130375
0.277352 0.202063
0.00671407 0.409162
0.388592 0.824763
0.720817 0.628132
0.917325 0.978484
0.338237 0.104221
0.609333 0.997375
0.164129 0.419385
0.231574 0.139866
0.921079 0.500534
0.518937 0.0238044
0.415235 0.194555
0.449782 0.659902
0.876888 0.452773
0.857356 0.309275
0.251137 0.697592
0.309488 0.512864
0.748711 0.602741
0.585223 0.74575
0.586016 0.999695
0.865413 0.279397
0.603198 0.961486
0.145848 0.895535
0.694449 0.175512
0.340129 0.343181
0.37376 0.499191
0.275521 0.3773
0.404553 0.61504
0.559221 0.172735
0.0837733 0.131962
0.913327 0.787225
0.37196 0.32844
0.34254 0.366161
0.59682 0.40965
0.157201 0.343028
0.691458 0.843318
0.0767846 0.778039
0.1601 0.0718711
0.559343 0.00234993
0.0941191 0.0417493
0.455977 0.857814
0.54149 0.955321
0.229255 0.201971
0.9747 0.969085
0.360118 0.618702
0.000671407 0.607959
0.0265511 0.331736
0.541734 0.123783
0.38609 0.00628681
0.26661 0.631001
0.709098 0.683157
0.469436 0.484664
0.625355 0.793207
0.0864589 0.376019
0.381481 0.0742515
0.118625 0.811884
0.901639 0.383557
0.440687 0.42494
0.0689718 0.307077
0.738243 0.75103
0.269356 0.173376
0.0966826 0.797937
0.506424 0.448561
0.0779748 0.973815
0.122929 0.462783
0.897824 0.479202
0.305948 0.475692
0.614002 0.536271
0.604541 0.89288
0.936155 0.981719
0.398328 0.793909
0.861598 0.355602
0.926084 0.125004
0.101566 0.857875
0.943663 0.366863
0.266945 0.791192
0.220283 0.0405286
0.531449 0.639119
0.659444 0.934141
0.647938 0.613117
0.984252 0.771355
0.0469069 0.476913
0.671194 0.577288
0.352763 0.895474
0.867366 0.791925
0.0998871 0.753441
0.972503 0.281991
0.984039 0.82049
0.597919 0.49263
0.00244148 0.783959
0.702567 0.342418
0.164464 0.605609
0.986663 0.481765
0.232704 0.76397
0.137791 0.226905
0.444594 0.33845
0.30784 0.678701
0.545183 0.725181
0.284066 0.254768
0.0129398 0.521867
0.236396 0.956023
0.294687 0.0780969
0.901456 0.75689
0.502945 0.194433
0.998932 0.0828272
0.027955 0.192358
0.0301523 0.885159
0.347789 0.536607
0.42552 0.432203
0.0573138 0.175603
0.251442 0.481155
0.557726 0.637501
0.0444349 0.634816
0.694388 0.710532
0.758538 0.967559
0.412458 0.847255
0.569964 0.690725
0.780663 0.183355
0.288522 0.832392
0.308359 0.393597
0.21424 0.661031
0.432325 0.474319
0.832301 0.798913
0.465835 0.359142
0.926237 0.0291147
0.150884 0.768761
0.238289 0.690054
0.787683 0.0234077
0.578814 0.666555
0.954894 0.847682
0.518632 0.612781
0.934019 0.815058
0.181738 0.671224
0.751976 0.502304
0.396161 0.279672
0.590045 0.295907
0.563799 0.502182
0.787835 0.428785
0.966796 0.954009
0.792077 0.415479
0.830164 0.72393
0.806391 0.996765
0.471511 0.954924
0.144841 0.37492
0.797601 0.50618
0.191107 0.52559
0.964232 0.094882
0.529008 0.118931
0.256569 0.9794
0.813074 0.183843
0.435011 0.728202
0.984283 0.86346
0.318308 0.547014
0.616626 0.443068
0.0332041 0.362957
0.490921 0.184606
0.585192 0.111057
0.621662 0.570421
0.464827 0.661733
0.372723 0.208625
0.653096 0.278817
0.251595 0.71337
0.87347 0.204596
0.233833 0.926115
0.576647 0.246803
0.352611 0.594592
0.542894 0.391919
0.608753 0.0109256
0.741722 0.897458
0.423475 0.672536
0.270363 0.0666524
0.243355 0.820795
0.157872 0.827509
0.00195318 0.991424
0.2378 0.160405
0.771508 0.848994
0.693106 0.627674
0.409192 0.538713
0.291452 0.983612
0.379101 0.292703
0.382183 0.674459
0.215918 0.419263
0.0419935 0.57741
0.10239 0.998596
0.390423 0.639454
0.713218 0.932859
0.233802 0.386853
0.926115 0.845698
0.843074 0.352031
0.198706 0.244301
0.36491 0.877651
0.0776696 0.894803
0.528275 0.499893
0.322062 0.377453
0.811182 0.132786
0.166234 0.178564
0.00180059 0.029664
0.66332 0.801874
0.111423 0.518998
0.462233 0.929716
0.928404 0.6339
0.693716 0.875301
0.146489 0.269723
0.766503 0.781579
0.728629 0.824793
0.957335 0.61745
0.812586 0.482955
0.77749 0.324046
0.415418 0.798364
0.691214 0.444716
0.613697 0.316782
0.536119 0.222449
0.324595 0.497574
0.360973 0.181982
0.515397 0.995697
0.327921 0.320841
0.104984 0.305856
0.3726 0.624317
0.983276 0.678945
0.661763 0.843501
0.00204474 0.976348
0.226447 0.257515
0.543474 0.486404
0.862972 0.856319
0.906674 0.00283822
0.337138 0.264718
0.514573 0.903073
0.364269 0.251625
0.0488907 0.1189
0.0561541 0.198248
0.381054 0.309183
0.706259 0.214454
0.911954 0.742943
0.573901 0.027131
0.846767 0.626637
0.582965 0.652364
0.176244 0.360851
0.174841 0.229133
0.440809 0.567461
0.275307 0.156743
0.0782495 0.0717185
0.422956 0.568163
0.635548 0.753624
0.2519 0.897488
0.266243 0.81933
0.605518 0.729728
0.595599 0.0785241
0.890011 0.412854
0.978759 0.0659505
0.322733 0.011475
0.273171 0.876522
0.8099 0.147771
0.556902 0.433973
0.172918 0.398083
0.504379 0.485244
0.225898 0.879849
0.604327 0.345653
0.526719 0.482955
0.127781 0.137242
0.263894 0.298685
0.874325 0.250282
0.0646382 0.337352
0.618946 0.604907
0.541185 0.31312
0.506394 0.212195
0.781426 0.0639058
0.0274361 0.211219
0.0827052 0.31904
0.491531 0.910794
0.11829 0.372997
0.462691 0.17893
0.902158 0.622669
0.709799 0.970794
0.812891 0.115635
0.498947 0.322886
0.350139 0.658437
0.483932 0.233009
0.419446 0.631947
0.796625 0.36375
0.750664 0.322977
0.403668 0.498032
0.526749 0.364147
0.458327 0.308054
0.288278 0.119358
0.539811 0.935209
0.521134 0.0751976
0.767724 0.295572
0.78576 0.00238044
0.633503 0.0885647
0.880062 0.331492
0.556902 0.0289315
0.386273 0.158727
0.398816 0.527268
0.305551 0.620716
0.558397 0.519028
0.042024 0.834895
0.611347 0.423841
0.917295 0.426344
0.208838 0.639058
0.483566 0.639027
0.393719 0.371502
0.709006 0.258431
0.413556 0.349681
0.897153 0.208777
0.0704672 0.805841
0.471053 0.748589
0.536607 0.608997
0.496261 0.768914
0.437971 0.960662
0.692801 0.313761
0.294534 0.135075
0.909177 0.152257
0.725242 0.2772
0.575762 0.772729
0.33372 0.719748
0.7051 0.455489
0.254952 0.00274667
0.999969 0.850307
0.62801 0.198157
0.173406 0.717429
0.522538 0.808832
0.422132 0.721458
0.873653 0.0710776
0.866939 0.463729
0.47969 0.444136
0.0892972 0.453688
0.395886 0.421857
0.112522 0.263802
0.302988 0.0954009
0.569109 0.209326
0.824915 0.00228889
0.996551 0.948058
0.884976 0.2631
0.768395 0.391552
0.551561 0.133976
0.509293 0.537309
0.167119 0.485916
0.866176 0.887661
0.475417 0.340403
0.308023 0.137913
0.0881069 0.592242
0.938353 0.289773
0.40556 0.321421
0.455733 0.954985
0.441908 0.0829493
0.0276803 0.307962
0.221137 0.219214
0.126438 0.353893
0.590991 0.179144
0.661122 0.905759
0.919156 0.221595
0.483993 0.143956
0.536821 0.0811487
0.495163 0.154118
0.3567 0.720298
0.753716 0.820948
0.901486 0.0962554
0.14478 0.320536
0.686178 0.918302
0.386608 0.722892
0.95175 0.283944
0.308054 0.44554
0.89227 0.680715
0.215644 0.681112
0.0741295 0.592364
0.44612 0.700339
0.0994903 0.50325
0.366497 0.543718
0.501999 0.582354
0.906888 0.326823
0.745994 0.160955
0.555162 0.783837
0.122868 0.178716
0.094821 0.737358
0.821985 0.992279
0.114597 0.284921
0.0703146 0.0262764
0.0614032 0.770653
0.694052 0.490188
0.992401 0.186438
0.698874 0.790857
0.935179 0.534501
0.072512 0.121769
0.83578 0.999603
0.355998 0.751427
0.54622 0.803705
0.655141 0.856624
0.25895 0.208808
0.788324 0.374676
0.361705 0.392743
0.731925 0.947417
0 0.623646
0.534379 0.177709
0.408338 0.913083
0.0485855 0.063509
0.723685 0.0435499
0.0846583 0.86935
0.75399 0.0019837
0.146092 0.650624
0.622547 0.278726
0.00375378 0.0934477
0.792535 0.708701
0.458327 0.422498
0.784509 0.914792
0.715751 0.65685
0.330149 0.43025
0.283883 0.405408
0.0177923 0.497848
0.640828 0.0580767
0.234504 0.729057
0.89639 0.0259102
0.928861 0.649098
0.56267 0.609912
0.186193 0.0335398
0.939512 0.689779
0.0979034 0.93466
0.108341 0.909024
0.00402844 0.47853
0.608905 0.0664388
0.306009 0.792932
0.9317 0.243934
0.00396741 0.277718
0.118168 0.954466
0.668294 0.137547
0.600848 0.0502029
0.626148 0.811579
0.911618 0.591571
0.999695 0.288095
0.533006 0.468673
0.709342 0.31843
0.575549 0.927763
0.0497757 0.263375
0.413526 0.0190741
0.906857 0.185095
0.277108 0.575549
0.952727 0.465835
0.855525 0.552812
0.698233 0.932493
0.832911 0.439314
0.162297 0.464248
0.401166 0.468551
0.93408 0.355266
0.900937 0.998657
0.0352489 0.988281
0.695944 0.00286874
0.891263 0.575335
0.402509 0.958647
0.190558 0.504288
0.00616474 0.318186
0.678671 0.433943
0.442061 0.123997
0.842799 0.388134
0.546495 0.0986663
0.0260323 0.416822
0.454176 0.254921
0.00506607 0.770348
0.572344 0.590777
0.0600299 0.0431532
0.386181 0.688833
0.599811 0.943541
0.908719 0.801202
0.339305 0.126316
0.20896 0.226875
0.962218 0.173131
0.01236 0.906491
0.222571 0.528733
0.685171 0.116947
0.90286 0.692312
0.361003 0.0513932
0.659932 0.522965
0.238411 0.216895
0.722007 0.963836
0.202277 0.396985
0.95999 0.697562
0.187139 0.979797
0.448378 0.391705
0.770135 0.281899
0.149571 0.693319
0.565905 0.41377
0.554613 0.11771
0.923246 0.521012
0.414533 0.600513
0.511368 0.889096
0.912534 0.559343
0.142308 0.244636
0.870632 0.957671
0.827509 0.873745
0.409742 0.516861
0.428724 0.285684
0.565508 0.821955
0.870968 0.0463881
0.579485 0.154698
0.792901 0.135441
0.266488 0.84933
0.923338 0.769311
0.205145 0.840785
0.213782 0.172369
0.0378735 0.873959
0.642567 0.1489
0.989349 0.616749
0.981292 0.324229
0.170629 0.373699
0.0523392 0.7369
0.713065 0.517594
0.897763 0.291543
0.749321 0.724906
0.659383 0.330668
0.0735496 0.926511
0.868526 0.590808
0.542558 0.630573
0.4785 0.252144
0.707602 0.878231
0.591723 0.582568
0.117191 0.122654
0.354198 0.354564
0.707297 0.290048
0.89349 0.314219
0.0224921 0.833583
0.328196 0.560289
0.256996 0.0515152
0.789483 0.585498
0.731223 0.785272
0.00408948 0.111026
0.724631 0.448317
0.62273 0.622455
0.259194 0.59798
0.199255 0.381726
0.735435 0.236671
0.998871 0.654988
0.659597 0.482986
0.74395 0.0409253
0.00146489 0.262123
0.233772 0.0377209
0.862148 0.922544
0.818567 0.835871
0.759941 0.801538
0.586535 0.938627
0.582751 0.915708
0.249214 0.578784
0.186377 0.79162
0.374889 0.662221
0.626881 0.837764
0.0292367 0.805261
0.499893 0.269539
0.741356 0.830531
0.931974 0.741569
0.234626 0.984405
0.450087 0.997864
0.903928 0.0590838
0.0512711 0.155675
0.238868 0.353496
0.051149 0.439192
0.152837 0.863979
0.521714 0.29429
0.105808 0.0312204
0.45146 0.322886
0.252022 0.62917
0.203131 0.511704
0.858119 0.070986
0.389508 0.0862453
0.118839 0.653615
0.61681 0.183142
0.412305 0.440077
0.268502 0.108463
0.420698 0.486862
0.271279 0.959838
0.658101 0.58446
0.273507 0.605518
0.665609 0.735038
0.178961 0.243294
0.351299 0.641957
0.763146 0.992157
0.217627 0.983306
0.151067 0.663808
0.476272 0.176702
0.779534 0.998444
0.494095 0.390423
0.167455 0.121647
0.322275 0.672689
0.149205 0.720573
0.216254 0.926267
0.6274 0.708914
0.841945 0.108188
0.52205 0.448775
0.211432 0.707999
0.0741905 0.352763
0.619098 0.341411
0.800928 0.909665
0.420179 0.826289
0.940519 0.412854
0.0990326 0.920774
0.794092 0.296854
0.0384533 0.131565
0.962493 0.218329
0.899594 0.651784
0.904172 0.929319
0.480209 0.838801
0.587603 0.86578
0.128269 0.00720237
0.734703 0.672658
0.849086 0.0452284
0.971465 0.310068
0.0475784 0.696066
0.520157 0.108524
0.075869 0.853053
0.0677206 0.083346
0.0761742 0.999298
0.666768 0.643727
0.335093 0.18891
0.772362 0.872463
0.610279 0.385266
0.630116 0.891995
0.482925 0.857387
0.0911588 0.221931
0.23661 0.550127
0.0732444 0.530991
0.0507828 0.336467
0.81698 0.571642
0.262642 0.934538
0.423627 0.213935
0.757012 0.575243
0.873226 0.765862
0.29783 0.946501
0.968993 0.929197
0.477218 9.15555e-05
0.678335 0.299081
0.879666 0.364269
0.216285 0.784417
0.469924 0.733634
0.176946 0.859828
0.680776 0.0367748
0.646016 0.216163
0.674184 0.355388
0.795007 0.336009
0.476577 0.54033
0.228095 0.0787988
0.042848 0.562242
0.839991 0.656606
0.324046 0.811945
0.932005 0.172277
0.469863 0.563707
0.435896 0.000152593
0.477554 0.497757
0.246376 0.796014
0.375591 0.0204169
0.754936 0.907681
0.00695822 0.371654
0.907712 0.607349
0.142155 0.52385
0.220496 0.489639
0.762688 0.20304
0.213599 0.852657
0.850581 0.275307
0.593036 0.126774
0.295297 0.666646
0.571642 0.620838
0.349254 0.154363
0.586779 0.328227
0.194678 0.275765
0.137822 0.9588
0.503372 0.354015
0.764122 0.469375
0.278664 0.215949
0.998779 0.823267
0.946013 0.745476
0.564135 0.474075
0.839076 0.771722
0.531846 0.967742
0.829401 0.465529
0.86108 0.717429
0.00405896 0.748009
0.959136 0.267464
0.744591 0.514298
0.682516 0.962798
0.348613 0.0146184
0.719535 0.371899
0.937132 0.381176
0.506272 9.15555e-05
0.584216 0.35728
0.379559 0.60094
0.484237 0.87875
0.990875 0.0292672
0.984313 0.000579852
0.865108 0.536058
0.194586 0.0720542
0.531907 0.00061037
0.192633 0.331187
0.010651 0.558733
0.805384 0.879879
0.0863063 0.419904
0.00512711 0.856807
0.17597 0.292154
0.95584 3.05185e-05
0.233619 0.467208
0.385907 0.960234
0.425672 0.26841
0.635151 0.655385
0.100436 0.0109256
0.21366 0.348918
0.692557 0.671865
0.537217 0.55913
0.215796 0.133335
0.386608 0.849818
0.629048 0.949126
0.42259 0.998962
0.936705 0.954161
0.695761 0.643086
0.389203 0.588458
0.871944 0.845424
0.623707 0.0237129
0.701468 0.0597858
0.300211 0.353069
0.122562 0.445143
0.759239 0.0863063
0.0145268 0.604266
0.823145 0.927305
0.800012 0.0860012
0.120212 0.0964385
0.454268 0.0520035
0.846736 0.22309
0.85284 0.342082
0.193335 0.646565
0.62328 0.0979339
0.544786 0.757225
0.119724 0.556475
0.958983 0.997192
0.0252388 0.0507828
0.934904 0.892056
0.481185 0.666524
0.840083 0.684408
0.953795 0.597186
0.313761 0.314646
0.381329 0.797449
0.0629597 0.380322
0.13831 0.29603
0.987915 0.401654
0.525315 0.214026
0.642964 0.361034
0.0875271 0.667287
0.0298166 0.378552
0.74807 0.190222
0.942289 0.196173
0.0177618 0.78225
0.247902 0.391552
0.243263 0.100436
0.0256661 0.539994
0.98233 0.642659
0.318918 0.88049
0.573016 0.000946074
0.0597247 0.748436
0.737358 0.327586
0.279946 0.761498
0.915159 0.487564
0.961943 0.0623188
0.986145 0.155095
0.318674 0.147069
0.548997 0.26548
0.34312 0.709128
0.922605 0.94702
0.895413 0.913266
0.0570391 0.894528
0.274789 0.0264595
0.432081 0.374737
0.420545 0.921781
0.62212 0.232337
0.644215 0.715018
0.566851 0.997955
0.619343 0.636067
0.843928 0.67098
0.950072 0.224525
0.136387 0.780297
0.55916 0.358013
0.478652 0.804773
0.726524 0.00701926
0.281564 0.0858486
0.933683 0.325816
0.603748 0.572222
0.827296 0.740898
0.411389 0.559099
0.969207 0.867275
0.475112 0.999817
0.316813 0.969451
0.335307 0.943602
0.644276 0.672719
0.658437 0.538957
0.367656 0.963561
0.202307 0.770989
0.170995 0.913205
0.932157 0.613941
0.597491 0.423505
0.721213 0.42143
0.170629 0.191748
0.0747703 0.108188
0.941862 0.703665
0.172369 0.157567
0.763848 0.368114
0.524338 0.651082
0.833979 0.164922
0.774499 0.523118
0.112735 0.0801416
0.762902 0.937284
0.835658 0.84228
0.734916 0.733207
0.832698 0.534135
0.153111 0.231697
0.271493 0.18775
0.951598 0.976165
0.915586 0.252541
0.722892 0.750938
0.0683309 0.206122
0.804254 0.0474563
0.534288 0.997162
0.656606 0.951811
0.975707 0.337138
0.999054 0.47496
0.983306 0.726371
0.407697 0.000335704
0.6198 0.493057
0.670339 0.208106
0.58504 0.984802
0.999756 0.321024
0.652821 0.598743
0.388043 0.866695
0.390088 0.332194
0.55092 0.0650044
0.0937529 0.329905
0.736167 0.996002
0.452223 0.45732
0.0533464 0.674947
0.709647 0.399915
0.290536 0.0504166
0.675191 0.484512
0.430341 0.150761
0.312357 0.0511795
0.515091 0.631825
0.433119 0.254707
0.0761742 0.404553
0.959532 0.339274
0.595996 0.816614
0.920713 0.00143437
0.472579 0.0770897
0.784967 0.233497
0.592731 0.282052
0.64745 0.514481
0.522019 0.52681
0.995941 0.912748
0.146916 0.803308
0.437361 0.917417
0.439863 0.303568
0.793542 0.6498
0.294443 0.633686
0.964721 0.0406201
0.940733 0.0859706
0.181371 0.491195
0.66628 0.23896
0.0704367 0.230811
0.000915555 0.233772
0.346843 0.0644856
0.484359 0.218421
0.297128 0.191351
0.20426 0.86346
0.948302 0.0675985
0.802362 0.758446
0.19715 0.136967
0.490707 0.34489
0.177587 0.427015
0.0167852 0.737785
0.824152 0.140751
0.788781 0.258034
0.822932 0.328837
0.189062 0.690176
0.739555 0.383251
0.199469 0.45613
0.999451 0.550005
0.466445 0.716361
0.298685 0.819941
0.959868 0.7987
0.298807 0.255409
0.779046 0.488082
0.927091 0.55858
0.0995819 0.948485
0.910855 0.0311899
0.429792 0.361095
0.0977813 0.574328
0.423994 0.447768
0.332621 0.294961
0.0687277 0.649831
0.670675 0.400647
0.297739 0.42027
0.910581 0.635701
0.102969 0.62331
0.770959 0.681875
0.851161 0.144841
0.428877 0.521195
0.0392468 0.464766
0.367107 0.760277
0.340892 0.396557
0.878231 0.728751
0.538072 0.20716
0.405652 0.0528886
0.272073 0.363079
0.0443129 0.537004
0.0334178 0.101993
0.308786 0.694937
0.955504 0.409467
0.0708029 0.86758
0.743248 0.268166
0.923612 0.584979
0.465072 0.826441
0.425123 0.241951
0.229957 0.82345
0.413251 0.887295
0.46205 0.279031
0.747703 0.667745
0.0985443 0.688375
0.0740379 0.563646
0.550737 0.858089
0.816401 0.242714
0.190466 0.824
0.464095 0.611927
0.267281 0.312082
0.706839 0.630238
0.421583 0.395215
0.367412 0.464278
0.684225 0.0828883
0.141606 0.581622
0.828059 0.962126
0.0716269 0.174017
0.262795 0.457289
0.0506912 0.491745
0.782434 0.501907
0.940947 0.15186
0.981811 0.230995
0.776147 0.607135
0.363506 0.810907
0.342112 0.555528
0.277627 0.292703
0.578448 0.0991546
0.483413 0.428388
0.321268 0.64391
0.698752 0.328837
0.931455 0.400006
0.435072 0.227119
0.360851 0.86465
0.814783 0.602008
0.513627 0.328043
0.479843 0.702719
0.60445 0.521378
0.816553 0.213355
0.193609 0.120609
0.428907 0.127903
0.970061 0.458846
0.632984 0.292795
0.867733 0.495499
0.185919 0.317881
0.901974 0.237617
0.965606 0.200476
0.567461 0.534654
0.837886 0.882656
0.12241 0.574999
0.828516 0.708762
0.893307 0.000122074
0.337077 0.528214
0.296121 0.107974
0.0335093 0.918058
0.982727 0.251625
0.00119022 0.205939
0.854549 0.820673
0.499557 0.374126
0.0948515 0.488876
0.272439 0.245705
0.905271 0.828578
0.339427 0.414136
0.0212104 0.346934
0.318827 0.997131
0.720847 0.485244
0.774377 0.757042
0.966613 0.670095
0.855129 0.288369
0.4279 0.182867
0.410199 0.691305
0.945769 0.927915
0.578753 0.0408338
0.773858 0.966124
0.2949 0.800806
0.000549333 0.834193
0.458266 0.91467
0.343425 0.630573
0.8464 0.441145
0.743004 0.694052
0.974853 0.509506
0.893918 0.800989
0.387493 0.89111
0.555895 0.687063
0.0469985 0.979949
0.0470901 0.36079
0.940031 0.842433
0.412061 0.0654012
0.617267 0.864284
0.758049 0.87466
0.197424 0.726341
0.485427 0.107639
0.830287 0.412641
0.540147 0.705649
0.0614338 0.113285
0.723533 0.314676
0.508408 0.0687582
0.305765 0.212867
0.931181 0.0959197
0.978393 0.786065
0.817682 0.529588
0.634022 0.563555
0.141575 0.0398877
0.617359 0
0.0222175 0.978637
0.211707 0.880245
0.642811 0.897153
0.202551 0.161534
0.398877 0.451582
0.259651 0.349132
0.348247 0.299356
0.604633 0.174596
0.339396 0.469955
0.015595 0.155614
0.750236 0.367962
0.988617 0.504868
0.0563677 0.46617
0.823511 0.638874
0.920652 0.137822
0.686697 0.72396
0.852443 0.797967
0.62093 0.733726
0.821863 0.30076
0.85284 0.706046
0.247505 0.844783
0.343089 0.977447
0.153905 0.0589923
0.670156 0.885556
0.637837 0.773247
0.774804 0.728568
0.0722373 0.292459
0.442274 0.715873
0.2172 0.284982
0.666555 0.773553
0.709372 0.532182
0.518174 0.277078
0.0737022 0.000854518
0.121494 0.713157
0.800226 0.434553
0.78869 0.458174
0.175542 0.812372
0.12421 0.99884
0.368938 0.0683004
0.262185 0.570544
0.154302 0.999359
0.914945 0.377087
0.426405 0.875393
0.564592 0.239509
0.853359 0.182287
0.456618 0.689627
0.525101 0.888607
0.323283 0.915769
0.267953 0.889767
0.670217 0.102115
0.545488 0.514573
0.0949431 0.975707
0.853877 0.250343
0.0763573 0.366436
0.966552 0.723655
0.783532 0.305643
0.427168 0.852901
0.618213 0.986785
0.150182 0.555498
0.23896 0.998016
0.475692 0.652913
0.127659 0.15302
0.130314 0.985778
0.735099 0.100101
0.196539 0.617878
0.377026 0.395184
0.813715 0.468764
0.81814 0.0857265
0.721885 0.343577
0.0705283 0.620655
0.608264 0.45735
0.222205 0.233009
0.501389 0.955229
0.499008 0.498886
0.227851 0.304819
0.323771 0.162877
0.999451 0.448531
0.468245 0.470748
0.1854 0.999268
0.0928068 0.40788
0.830683 0.0668661
0.268288 0.863491
0.000152593 0.677969
0.72219 0.291177
0.166601 0.272042
0.224586 0.900266
0.694174 0.242256
0.000671407 0.914365
0.941679 0.457533
0.0791345 0.50856
0.000305185 0.247749
0.905057 0.577349
0.492538 0.782434
0.962035 0.0264595
0.84109 0.946287
0.606769 0.0939665
0.884274 0.553575
0.898465 0.125278
0.550279 0.7387
0.386364 0.210273
0.585467 0.594806
0.986297 0.881558
0.953185 0.649007
0.630634 0.446028
0.668203 0.151311
0.552354 0.963866
0.500809 0.554552
0.875851 0.09064
0.113285 0.684011
0.0151982 0.705161
0.726463 0.206397
0.190588 0.188787
0.098056 0.546098
0.0401929 0.0747703
0.763146 0.717795
0.412427 0.106876
0.0567949 3.05185e-05
0.108737 0.429762
0.301187 0.607624
0.183172 0.65688
0.960936 0.534989
0.849361 0.762536
0.335582 0.221839
0.246071 0.943815
0.819697 0.856166
0.815821 0.586077
0.438704 0.0290536
0.181036 0.536363
0.172338 0.0925932
0.775841 0.632923
0.845668 0.905057
0.000305185 0.89874
0.646596 0.631764
0.182165 0.904355
0.572954 0.865108
0.251381 0.312784
0.161168 0.967711
0.0686972 0.963225
0.560289 0.839686
0.949065 0.894131
0.35374 0.689535
0.338694 0.329173
0.455397 0.36787
0.654469 0.0236518
0.578112 0.552354
0.0173345 0.282113
0.874905 0.137577
0.969939 0.0765099
0.338389 0.514237
0.0302438 0.958892
0.427656 0.804437
0.205786 0.590838
0.103702 0.638264
0.889309 0.750725
0.272958 0.805994
0.616077 0.720664
0.241432 0.121891
0.502152 0.999725
0.109195 0.206183
0.647023 0.336406
0.904385 0.855953
0.229133 0.415723
0.0763573 0.880947
0.961974 0.433454
0.445814 0.580126
0.373516 0.139866
0.673605 0.911832
0.228004 0.619221
0.884609 0.377514
0.0195624 0.116245
0.332102 0.839289
0.739738 0.977874
0.901791 0.46498
0.964202 0.13715
0.63979 0.230079
0.702872 0.864803
0.57915 0.0726646
0.127293 0.735527
0.133152 0.65508
0.0135197 0.920377
0.660909 6.1037e-05
0.643178 0.491623
0.0808435 0.740867
0.0418104 0.252083
0.561785 0.563463
0.785455 0.196387
0.083285 0.71279
0.312601 0.406903
0.498825 0.837916
0.175054 0.143529
0.121799 0.878994
0.877468 0.481277
0.387646 0.502518
0.879605 0.605762
0.322886 0.0738853
0.0203558 0.368389
0.424635 0.658681
0.856807 0.953337
0.113987 0.40904
0.985473 0.999451
0.623066 0.397046
0.830317 0.246651
0.718314 0.94586
0.860591 0.0375072
0.274422 0.747368
0.000274667 0.124851
0.471908 0.577258
0.705161 0.0462966
0.473739 0.969268
0.0531938 0.424879
0.0816675 0.604327
0.590716 0.630512
0.232368 0.600238
0.263283 0.690939
0.704733 0.901578
0.296854 0.702383
0.646016 0.407758
0.200934 0.000366222
0.292276 0.534227
0.93997 0.123844
0.258858 0.272225
0.999298 0.000122074
0.749412 0.956511
0.0421155 0.727744
0.970611 6.1037e-05
0.813868 0.962401
0.717002 0.587481
0.223609 0.950926
0.18659 0.745018
0.987579 0.422681
0.236396 0.0679952
