947
0.232246 0.0581988
0.80108 0.747734
0.369945 0.653279
0.243416 0.982299
0.248909 0.465621
0.866939 0.705527
0.971801 0.597919
0.631672 0.733024
0.504257 0.415357
0.155431 0.571245
0.747398 0.453536
0.615253 0.838008
0.901089 0.453078
0.268075 0.825465
0.39964 0.677877
0.121677 0.612293
0.201086 0.172308
0.7875 0.630482
0.711112 0.114536
0.0459304 0.0937834
0.122837 0.921598
0.156285 0.19367
0.454299 0.262581
0.441694 0.468917
0.0640278 0.636555
0.180944 0.255684
0.926695 0.670919
0.337992 0.623432
0.449446 0.796838
0.160741 0.703848
0.110935 0.4579
0.180334 0.818201
0.703452 0.508194
0.641713 0.310251
0.460067 0.955992
0.897427 0.490036
0.795434 0.595355
0.307535 0.481033
0.592303 0.177343
0.423017 0.815882
0.902585 0.227027
0.858852 0.571154
0.84109 0.620624
0.584033 0.078341
0.07004 0.285531
0.723228 0.690603
0.848903 0.98706
0.495926 0.790155
0.634693 0.445936
0.184973 0.958678
0.637257 0.186163
0.534837 0.754082
0.0463881 0.582324
0.257302 0.625141
0.918302 0.709738
0.240242 0.681509
0.516617 0.262764
0.585833 0.484207
0.0298166 0.640889
0.65331 0.811212
0.0560625 0.753258
0.10416 0.010773
0.0529801 0.219611
0.601215 0.0284432
0.881863 0.862972
0.955382 0.0920743
0.376965 0.126041
0.500717 0.711692
0.971831 0.318369
0.97943 0.149602
0.913053 0.0989715
0.717551 0.0178533
0.0935392 0.102054
0.373333 0.158666
0.0388195 0.46437
0.0581072 0.690786
0.976379 0.792993
0.150517 0.672628
0.59917 0.418806
0.882687 0.251564
0.46202 0.0173345
0.876736 0.966277
0.463668 0.866146
0.896145 0.82992
0.249733 0.949278
0.606067 0.972472
0.553911 0.194952
0.33375 0.576769
0.833827 0.711386
0.811731 0.773949
0.210456 0.0930509
0.883969 0.649617
0.0738243 0.728935
0.206305 0.268044
0.635914 0.268929
0.47206 0.12009
0.211829 0.904813
0.511124 0.621632
0.719901 0.0765099
0.171392 0.541398
0.42848 0.918058
0.310587 0.648549
0.290628 0.288491
0.34608 0.0485855
0.728904 0.58385
0.0535295 0.874355
0.221595 0.752434
0.937895 0.0607929
0.114689 0.803613
0.320353 0.837519
0.917325 0.281716
0.384228 0.967589
0.610919 0.803064
0.453475 0.541917
0.496902 0.452895
0.569933 0.349498
0.863918 0.200537
0.983459 0.886135
0.53093 0.543474
0.148717 0.452498
0.0136113 0.501022
0.761254 0.0531022
0.740745 0.145909
0.552995 0.883419
0.156774 0.382122
0.554369 0.260018
0.674581 0.740196
0.728324 0.314707
0.787896 0.547685
0.600909 0.331767
0.302866 0.891995
0.13657 0.309946
0.18247 0.860561
0.852535 0.021363
0.394513 0.77987
0.942442 0.941618
0.767388 0.024781
0.934446 0.00128178
0.389538 0.0299081
0.478133 0.171606
0.0387585 0.908353
0.444594 0.226539
0.572008 0.315561
0.427869 0.98529
0.360088 0.404553
0.334361 0.145787
0.381085 0.313395
0.227271 0.00314341
0.673238 0.519181
0.955351 0.567675
0.175085 0.103061
0.317911 0.428297
0.0780358 0.949461
0.669484 0.313517
0.203314 0.428938
0.484664 0.367321
0.874447 0.0628376
0.778619 0.93643
0.302164 0.774926
0.884548 0.758629
0.667501 0.427045
0.951262 0.686453
0.908505 0.406171
0.983062 0.284555
0.220161 0.593524
0.667562 0.838282
0.712943 0.726737
0.668996 0.100436
0.12653 0.0432752
0.759178 0.38255
0.518052 0.0850246
0.648061 0.684133
0.349345 0.687124
0.864589 0.827387
0.496261 0.532975
0.600024 0.61095
0.210974 0.20542
0.259682 0.219794
0.763359 0.983764
0.82049 0.272958
0.938322 0.443709
0.945067 0.979736
0.985809 0.959044
0.59978 0.892209
0.437788 0.423353
0.35078 0.511979
0.277261 0.0577715
0.722587 0.249733
0.982086 0.708335
0.66567 0.168126
0.38731 0.41081
0.825648 0.0937223
0.824549 0.555742
0.504929 0.988342
0.767479 0.575487
0.482498 0.201422
0.494186 0.886044
0.544267 0.636036
0.45793 0.39143
0.985443 0.998138
0.142003 0.966735
0.816584 0.515213
0.514115 0.214881
0.57448 0.947294
0.62505 0.706259
0.154851 0.795862
0.654927 0.237068
0.996307 0.749779
0.250893 0.397992
0.700247 0.978484
0.842219 0.895291
0.0840175 0.131809
0.673055 0.914945
0.334239 0.916257
0.325724 0.104892
0.354472 0.935331
0.553636 0.992767
0.952544 0.75576
0.8464 0.0594195
0.0332347 0.942076
0.935087 0.866817
0.869411 0.325083
0.413709 0.585528
0.621357 0.117374
0.766503 0.133793
0.795434 0.333781
0.113102 0.413984
0.987121 0.489395
0.306986 0.171361
0.255135 0.587939
0.492965 0.60033
0.71276 0.866451
0.622822 0.366497
0.301828 0.125095
0.166906 0.76986
0.352763 0.807184
0.179266 0.21778
0.185064 0.571062
0.213263 0.465621
0.856014 0.7322
0.680532 0.793786
0.0124821 0.88171
0.595904 0.294076
0.389416 0.349742
0.747978 0.213202
0.0665303 0.249245
0.50383 0.739708
0.0748314 0.921903
0.369823 0.741081
0.341472 0.246925
0.484603 0.0620136
0.979766 0.631581
0.767876 0.254524
0.124638 0.224677
0.686727 0.187353
0.00518815 0.15247
0.728233 0.988769
0.467421 0.610797
0.42732 0.0638447
0.959319 0.253334
0.684744 0.0676595
0.0120243 0.377392
0.751854 0.519211
0.120762 0.505722
0.319437 0.00927763
0.936949 0.491928
0.324381 0.301096
0.549852 0.963836
0.650899 0.0737022
0.244331 0.159307
0.282937 0.354778
0.767571 0.82934
0.276528 0.194983
0.457839 0.749412
0.863948 0.429151
0.782647 0.168706
0.550768 0.156285
0.466994 0.506211
0.359722 0.186712
0.253059 0.768883
0.506088 0.653096
0.297647 0.992584
0.987304 0.0786462
0.976959 0.455489
0.847194 0.500137
0.626942 0.780084
0.848598 0.173894
0.761101 0.342967
0.441084 0.350261
0.916349 0.18656
0.915677 0.367962
0.61156 0.469527
0.438063 0.668508
0.779504 0.908261
0.356304 0.993652
0.661428 0.768151
0.625355 0.574053
0.510208 0.825159
0.130711 0.0730308
0.815332 0.960418
0.886502 0.593585
0.00268563 0.201239
0.377667 0.0889615
0.455519 0.0653401
0.710929 0.338664
0.81695 0.242744
0.836299 0.366832
0.0504166 0.797967
0.800592 0.0168157
0.193335 0.0159917
0.347972 0.0162053
0.957732 0.384808
0.353465 0.37083
0.0286569 0.985565
0.643696 0.623402
0.700247 0.286508
0.232582 0.800745
0.452315 0.82934
0.36137 0.601093
0.502976 0.325205
0.722678 0.935423
0.589068 0.73043
0.543626 0.334269
0.234138 0.332347
0.133671 0.892544
0.396527 0.839015
0.662252 0.480331
0.717734 0.439314
0.136052 0.339518
0.0726951 0.338725
0.902676 0.567644
0.673635 0.0388501
0.436048 0.638356
0.487136 0.232093
0.649251 0.537004
0.0694906 0.191412
0.295877 0.322581
0.583789 0.847987
0.1966 0.372967
0.739311 0.768029
0.356639 0.892178
0.904446 0.942442
0.0652486 0.0617695
0.784692 0.444136
0.274331 0.152593
0.232154 0.37495
0.575396 0.22956
0.521989 0.37785
0.016419 0.270363
0.474258 0.0891446
0.337657 0.756584
0.0538041 0.549577
0.598651 0.536332
0.290201 0.543931
0.0878017 0.487777
0.61861 0.926817
0.40434 0.434736
0.467086 0.44261
0.906034 0.0129704
0.733634 0.548845
0.681082 0.549028
0.0349437 0.0531327
0.0519425 0.662191
0.593921 0.77868
0.109684 0.279885
0.272958 0.692526
0.33491 0.717856
0.696768 0.619709
0.841517 0.682241
0.331095 0.954711
0.594562 0.65685
0.00744652 0.794092
0.673544 0.988037
0.422193 0.254433
0.954497 0.649464
0.928648 0.542711
0.246895 0.852107
0.0108341 0.717277
0.533464 0.661702
0.535813 0.708823
0.993927 0.364269
0.766411 0.799371
0.662343 0.340312
0.434675 0.858028
0.177496 0.299783
0.212745 0.725669
0.948943 0.900876
0.571612 0.675649
0.0767235 0.434462
0.197424 0.634663
0.233833 0.228675
0.107059 0.573199
0.652821 0.139286
0.999176 0.420148
0.135929 0.00524918
0.530351 0.109531
0.307016 0.601306
0.632862 0.873806
0.670858 0.607349
0.572619 0.135289
0.2472 0.720206
0.771783 0.734031
0.108524 0.671499
0.242012 0.256722
0.105167 0.149907
0.539232 0.0514237
0.734214 0.0479751
0.175146 0.512925
0.777154 0.106571
0.106998 0.741569
0.687704 0.244514
0.142918 0.262307
0.132633 0.170782
0.533677 0.845515
0.745567 0.638203
0.290292 0.450667
0.418012 0.0315561
0.561632 0.60683
0.822504 0.849788
0.805628 0.189215
0.131046 0.759606
0.816126 0.407453
0.540147 0.00207526
0.361248 0.294168
0.947752 0.198187
0.105564 0.536759
0.494888 0.00347911
0.414167 0.616352
0.476119 0.690878
0.576861 0.10538
0.3979 0.225684
0.741813 0.286294
0.79931 0.997589
0.391949 0.941008
0.71157 0.40611
0.107822 0.182897
0.400555 0.904324
0.320444 0.352184
0.344157 0.541673
0.0390637 0.720389
0.743004 0.865169
0.498489 0.961241
0.768609 0.312754
0.95703 0.0202338
0.0207831 0.56267
0.606494 0.752831
0.269326 0.92935
0.879543 0.546159
0.47853 0.999451
0.737541 0.90698
0.208045 0.526414
0.422987 0.191778
0.32197 0.511948
0.0217292 0.338664
0.864803 0.476791
0.286233 0.00122074
0.442274 0.293161
0.0710166 0.367687
0.857112 0.240486
0.767998 0.473525
0.2837 0.726585
0.316263 0.676595
0.0545061 0.502426
0.0382092 0.418531
0.427595 0.724693
0.973083 0.931455
0.955229 0.82107
0.903378 0.618274
0.115299 0.372906
0.640065 0.500992
0.421155 0.50032
0.134953 0.714866
0.102542 0.984008
0.677541 0.870907
0.903226 0.987426
0.457961 0.899045
0.9588 0.356182
0.284646 0.628162
0.901151 0.0443129
0.178716 0.341166
0.366436 0.465163
0.803766 0.805719
0.825037 0.451247
0.422254 0.780236
0.805628 0.14243
0.566515 0.531846
0.911191 0.80166
0.0446486 0.151891
0.785546 0.213874
0.209296 0.997528
0.796289 0.291726
0.453627 0.708365
0.266671 0.427534
0.162236 0.919889
0.193915 0.747307
0.242775 0.106052
0.167333 0.624866
0.25074 0.525986
0.0642415 0.998688
0.206305 0.333476
0.699728 0.152348
0.405896 0.140446
0.469466 0.319651
0.555528 0.494095
0.460219 0.574755
0.0985748 0.697043
0.87344 0.39024
0.277169 0.256661
0.808771 0.879696
0.610157 0.202765
0.151769 0.83871
0.391675 0.498856
0.609363 0.508713
0.217872 0.963469
0.0993072 0.777367
0.895962 0.344401
0.560778 0.745293
0.599597 0.686636
0.907224 0.907407
0.100314 0.903439
0.301218 0.405988
0.0733665 0.0204169
0.0320139 0.0249641
0.650594 0.393475
0.368755 0.431776
0.903165 0.51677
0.146886 0.484787
0.0421461 0.36549
0.180578 0.402478
0.0908231 0.624256
0.0905179 0.868618
0.517808 0.484909
0.0226447 0.12595
0.556383 0.780023
0.375164 0.863277
0.387738 0.286172
0.852229 0.934049
0.157018 0.158361
0.416425 0.537126
0.0142827 0.596179
0.87524 0.166326
0.821833 0.481674
0.182928 0.0498672
0.228706 0.621296
0.774834 0.876522
0.370464 0.223457
0.529344 0.592517
0.339488 0.483993
0.485153 0.841548
0.869625 0.792199
0.94055 0.130192
0.408399 0.112125
0.325785 0.79223
0.275155 0.384411
0.518876 0.942625
0.184149 0.674764
0.00839259 0.756371
0.329752 0.39259
0.38084 0.562029
0.636677 0.0072634
0.215613 0.843135
0.191168 0.489029
0.960753 0.725639
0.444166 0.160497
0.295663 0.812616
0.679281 0.655934
0.105564 0.3108
0.94702 0.519761
0.172674 0.892819
0.657369 0.963836
0.215094 0.870663
0.917386 0.742393
0.577013 0.912412
0.406507 0.00674459
0.696036 0.378277
0.198157 0.143925
0.0823084 0.585711
0.0837123 0.807337
0.782708 0.696982
0.933286 0.341807
0.210486 0.778558
0.726066 0.808527
0.506119 0.128422
0.135624 0.531297
0.214301 0.299173
0.94293 0.165654
0.339122 0.661519
0.235389 0.190435
0.678732 0.456252
0.28196 0.506241
0.00799585 0.302164
0.959227 0.425794
0.5562 0.448866
0.94818 0.787744
0.299295 0.213446
0.121769 0.860073
0.0137028 0.00204474
0.495499 0.91467
0.819727 0.0376293
0.261452 0.298379
0.40379 0.875759
0.331645 0.200903
0.978332 0.227149
0.853877 0.132878
0.980041 0.185461
0.935362 0.589831
0.986999 0.560411
0.556658 0.0770897
0.00897244 0.91113
0.478286 0.652791
0.00790429 0.462172
0.386486 0.628803
0.921384 0.254341
0.0101016 0.964568
0.94113 0.297494
0.386486 0.53328
0.0799585 0.674367
0.541734 0.302591
0.586322 0.568499
0.0984527 0.0695517
0.762658 0.670736
0.597613 0.250771
0.16126 0.742058
0.40083 0.467055
0.712027 0.769768
0.209662 0.686056
0.059328 0.392468
0.493271 0.573016
0.0120548 0.847652
0.695578 0.592425
0.999451 0.0279244
0.982635 0.662709
0.00698874 0.0882595
0.737266 0.835688
0.558733 0.575823
0.114261 0.831751
0.622272 0.657765
0.0365917 0.31431
0.314035 0.0689108
0.0121158 0.240608
0.225227 0.554888
0.301248 0.921659
0.414899 0.37611
0.853511 0.761467
0.868252 0.0953703
0.177648 0.461745
0.786859 0.063448
0.268319 0.650533
0.352977 0.845759
0.68749 0.708121
0.833766 0.82461
0.996338 0.52736
0.998383 0.329203
0.612812 0.393078
0.523576 0.910489
0.846858 0.863399
0.550554 0.422101
0.189489 0.601794
0.27543 0.872494
0.399274 0.711417
0.147282 0.10123
0.675832 0.00756859
0.440565 0.115146
0.167211 0.0275582
0.926664 0.837214
0.237648 0.921354
0.706229 0.470565
9.15555e-05 0.687368
0.581408 0.805475
0.569018 0.707144
0.859249 0.527543
0.367931 0.256783
0.907895 0.131748
0.158208 0.99237
0.960936 0.850001
0.283731 0.571856
0.830989 0.299234
0.110996 0.946745
0.275124 0.106662
0.00833155 0.416608
0.541154 0.808344
0.812311 0.909879
0.485733 0.761193
0.835047 0.339335
0.747856 0.108036
0.267647 0.89993
0.842189 0.649861
0.119358 0.639759
0.229286 0.496353
0.507401 0.684317
0.604358 0.147618
0.761498 0.613758
0.218268 0.124241
0.722526 0.201575
0.328288 0.876461
0.917814 0.773888
0.0365612 0.178228
0.0906095 0.229499
0.86816 0.276559
0.637654 0.99176
0.785485 0.363079
0.40846 0.328959
0.897 0.308664
0.436048 0.322336
0.590838 0.371715
0.401746 0.751396
0.257698 0.558
0.000824 0.657521
0.692831 0.939879
0.566027 0.385754
0.985076 0.119785
0.342143 0.442183
0.150914 0.412152
0.392437 0.185797
0.966857 0.0544755
0.0908231 0.390332
0.0351268 0.824976
0.825343 0.00192267
0.877651 0.892727
0.303964 0.377422
0.515122 0.0325022
0.159459 0.130467
0.118564 0.113498
0.523728 0.185156
0.651357 0.932157
0.0511795 0.609424
0.589465 0.444624
0.395703 0.0601825
0.741234 0.716391
0.252174 0.027955
0.511521 0.298349
0.146672 0.59798
0.475661 0.415174
0.547105 0.932798
0.675985 0.272378
0.72927 0.370434
0.632771 0.0348521
0.786737 0.963713
0.345744 0.3296
0.51796 0.869808
0.2996 0.0347911
0.696646 0.896908
0.598712 0.000885037
0.873653 0.618854
0.370922 0.0013123
0.992126 0.841212
0.470504 0.926237
0.810572 0.678121
0.256172 0.0816675
0.72805 0.174352
0.937529 0.229835
0.0645161 0.827906
0.9953 0.91229
0.261818 0.330638
0.782067 0.503555
0.238472 0.42616
0.624317 0.232795
0.739555 0.00152593
0.302744 0.74691
0.579882 0.630299
0.194586 0.93115
0.600604 0.999481
0.698599 0.835505
0.315012 0.257912
0.840449 0.793909
0.760613 0.427931
0.126102 0.998321
0.633534 0.33903
0.622883 0.0897854
0.266243 0.798151
0.711844 0.647175
0.893704 0.676046
0.0845058 0.556932
0.826167 0.214484
0.278634 0.960418
0.726951 0.615528
0.316538 0.551958
0.945677 0.621174
0.516312 0.155339
0.00640889 0.53502
0.420209 0.94995
0.47615 0.477035
0.844386 0.40025
0.769829 0.765557
0.384503 0.381695
0.835688 0.591571
0.453597 0.195532
0.0790735 0.526597
0.478957 0.289071
0.572863 0.0195624
0.760674 0.184942
0.579211 0.27195
0.788659 0.395489
0.787805 0.659322
0.188971 0.705039
0.576098 0.0473647
0.882687 0.92407
0.537004 0.238868
0.985778 0.00228889
0.531419 0.509262
0.880337 0.126102
0.243873 0.880764
0.220771 0.405347
0.750023 0.953795
0.792138 0.841517
0.099704 0.347209
0.814722 0.636769
0.278787 0.478469
0.824396 0.121494
0.400769 0.997559
0.0657674 0.469649
0.6292 0.41615
0.664632 0.205451
0.156102 0.233436
0.412976 0.653432
0.302927 0.86111
0.391888 0.809595
0.998291 0.814417
0.706412 0.0449538
0.805841 0.713462
0.3549 0.778161
0.665487 0.370556
0.00393689 0.0437941
0.0285348 0.689322
0.353923 0.0755028
0.738853 0.484725
0.65273 0.573748
0.756615 0.0808435
0.032075 0.776696
0.884609 0.729698
0.528031 0.444868
0.990203 0.393048
0.305063 0.701895
0.00512711 0.6227
0.992676 0.253548
0.237251 0.6498
0.81518 0.0675375
0.794794 0.259346
0.475997 0.726615
0.999878 0.601978
0.0473037 0.26896
0.653523 0.894101
0.207678 0.815638
0.695975 0.682119
0.156011 0.870968
0.824854 0.934629
0.910062 0.159215
0.0992462 0.0380566
0.422132 0.695242
0.610431 0.0557878
0.864772 0.353191
0.428022 0.890255
0.366894 0.710013
0.186346 0.0778832
0.0510575 0.124363
0.0726646 0.1583
0.657277 0.71633
0.677084 0.40025
0.652089 0.65099
0.327769 0.990081
0.0321665 0.521348
0.920774 0.966369
0.440596 0.600299
0.526627 0.781426
0.0532548 0.965453
0.132664 0.140843
0.495834 0.503738
0.204688 0.238441
0.939085 0.405652
0.876675 0.00451674
0.157353 0.0661031
0.109836 0.25251
0.55855 0.832575
0.001648 0.998657
0.297952 0.091464
0.475936 0.80929
0.484878 0.259987
0.874111 0.999939
0.169317 0.43379
0.927885 0.64214
0.433637 0.564409
0.740593 0.404553
0.355083 0.105716
0.576098 0.976836
0.389447 0.600452
0.952025 0.468276
0.931272 0.0339061
0.21427 0.0343638
0.705496 0.56389
0.545396 0.363109
0.60622 0.864376
0.437788 0.0028077
0.999176 0.205908
0.0546281 0.000396741
0.415723 0.282479
0.69097 0.214484
0.339793 0.27662
0.0718406 0.776055
0.970061 0.536332
0.626209 0.953154
0.681082 0.131474
0.631153 0.158513
0.911679 0.0711386
0.905271 0.878628
0.828822 0.746818
0.520768 0.350444
0.485549 0.0311594
0.255196 0.000701926
0.255898 0.36137
0.999878 0.779076
0.484085 0.144749
0.184912 0.790429
0.796289 0.469924
0.430067 0.752098
0.415082 0.407331
0.769463 0.284036
0.268654 0.99411
0.25135 0.132176
0.999725 0.686392
0.924558 0.467452
0.866665 0.671071
0.62743 0.601459
0.374432 0.914029
0.706503 0.536119
0.811792 0.379559
0.0733055 0.894559
0.27604 0.753532
0.146397 0.645161
0.821223 0.165471
0.891537 0.201575
0.356761 0.966094
0.171026 0.000183111
0.289071 0.668661
0.642079 0.848079
0.779046 3.05185e-05
0.00344859 0.937956
0.00317392 0.821528
0.797632 0.0885342
0.395306 0.259163
0.444258 0.0397961
0.843806 0.960204
0.335398 0.173559
0.306467 0.966643
0.735649 0.664174
0.130161 0.55858
0.0777001 0.311869
0.455794 0.98413
