957
0.790277 0.310221
0.966582 0.887478
0.339152 0.188208
0.987335 0.175665
0.480148 0.578661
0.885372 0.744011
0.575518 0.127812
0.0232551 0.101138
0.810694 0.645009
0.375866 0.613971
0.710624 0.178869
0.426618 0.444105
0.454848 0.697317
0.252876 0.91641
0.897549 0.651845
0.957488 0.849971
0.699026 0.208411
0.101718 0.883511
0.474929 0.425123
0.296976 0.326029
0.368847 0.158605
0.610462 0.564379
0.955504 0.980285
0.941862 0.558092
0.879849 0.883328
0.0268258 0.454146
0.139042 0.0621662
0.223853 0.851527
0.413251 0.54564
0.740287 0.747734
0.351085 0.964232
0.216956 0.234138
0.989013 0.218757
0.80575 0.438276
0.193915 0.966643
0.0310678 0.685537
0.692038 0.723594
0.0942412 0.23014
0.646748 0.720634
0.638844 0.632099
0.40611 0.330027
0.798303 0.239448
0.180242 0.658467
0.542314 0.774621
0.407971 0.0713523
0.228126 0.304971
0.763268 0.379864
0.901151 0.325236
0.285897 0.614673
0.767205 0.0800806
0.768883 0.503342
0.348033 0.817652
0.453993 0.740959
0.797357 0.860469
0.522538 0.836909
0.927091 0.251595
0.775536 0.675649
0.659658 0.181341
0.114628 0.561357
0.756432 0.240761
0.0531938 0.897183
0.788385 0.544237
0.392071 0.79104
0.401044 0.74749
0.915494 0.862362
0.0777612 0.598682
0.0281075 0.782464
0.834315 0.905606
0.997009 0.349559
0.28428 0.385174
0.614124 0.469253
9.15555e-05 0.0480361
0.296976 0.360485
0.167974 0.0361644
0.205573 0.937498
0.661794 0.975188
0.341288 0.0307016
0.979614 0.44026
0.559496 0.928098
0.453536 0.0531938
0.707968 0.865383
0.285867 0.247902
0.48558 0.518021
0.032075 0.714133
0.233039 0.0549028
0.732383 0.934294
0.155126 0.928037
0.924314 0.736137
0.449354 0.567949
0.236366 0.704947
0.111332 0.783563
0.910825 0.940702
0.586261 0.0331736
0.273385 0.114078
0.495499 0.378643
0.933683 0.295328
0.380963 0.910367
0.609333 0.282632
0.939573 0.882778
0.0941801 0.84637
0.537889 0.0639973
0.849116 0.406903
0.483993 0.0319529
0.45793 0.24723
0.34724 0.135289
0.531693 0.486099
0.0665914 0.478652
0.516922 0.926054
0.585528 0.0710776
0.348613 0.433821
0.003296 0.667501
0.810877 0.833064
0.106204 0.958495
0.874783 0.21839
0.972014 0.037019
0.326792 0.115604
0.93643 0.927396
0.0489212 0.537248
0.684591 0.957945
0.631764 0.971129
0.994385 0.0733665
0.0710776 0.830317
0.426069 0.127537
0.730155 0.781152
0.29017 0.465896
0.0665609 0.286813
0.841884 0.18128
0.693777 0.430799
0.731437 0.39668
0.156102 0.435865
0.951384 0.754204
0.557024 0.236793
0.97943 0.582324
0.286416 0.778802
0.322581 0.635945
0.339702 0.362957
0.191687 0.603229
0.395642 0.276772
0.340007 0.0844447
0.386181 0.363598
0.820154 0.674276
0.770196 0.018891
0.629627 0.327891
0.338603 0.399579
0.208472 0.49321
0.57091 0.421918
0.724754 0.489761
0.0193182 0.922086
0.0747703 0.209143
0.00265511 0.609943
0.785302 0.363659
0.10773 0.308634
0.859981 0.65566
0.299631 0.812342
0.408765 0.598224
0.446547 0.0926542
0.758232 0.917905
0.564898 0.960387
0.121616 0.023957
0.370952 0.0308237
0.860286 0.709861
0.35197 0.73925
0.0860927 0.330485
0.561388 0.999664
0.723075 0.644704
0.0375378 0.824244
0.00286874 0.00650044
0.755516 0.136296
0.150334 0.654836
0.524583 0.239692
0.953398 0.205969
0.56148 0.743309
0.726035 0.536637
0.298532 0.521042
0.832179 0.707907
0.772851 0.762749
0.955351 0.241676
0.245796 0.796564
0.29313 0.0672018
0.586749 0.800836
0.782403 0.194037
0.0840175 0.0622272
0.963897 0.675497
0.0528886 0.123142
0.975341 0.7687
0.223121 0.203497
0.189703 0.0735801
0.225532 0.638722
0.395459 0.405469
0.531144 0.321299
0.402142 0.149449
0.0112003 0.842341
0.511277 0.653829
0.369304 0.519486
0.500778 0.796045
0.526597 0.0127262
0.315928 0.894559
0.357677 0.479843
0.85699 0.974548
0.935057 0.433851
0.336924 0.307688
0.993011 0.106204
0.750877 0.86343
0.00100711 0.774407
0.258522 0.0373852
0.430586 0.492233
0.623096 0.781548
0.88937 0.370647
0.172796 0.786889
0.0383923 0.368938
0.931059 0.00650044
0.593066 0.648152
0.494461 0.696493
0.657338 0.332133
0.991577 0.660512
0.115787 0.652333
0.501846 0.0915555
0.916349 0.0308847
0.308725 0.946196
0.114811 0.38496
0.6892 0.603931
0.00888089 0.556047
0.592334 0.715415
0.732658 0.617206
0.211097 0.89877
0.469405 0.34611
0.00640889 0.223945
0.266488 0.681967
0.421003 0.903195
0.891415 0.524338
0.627186 0.430311
0.835871 0.224799
0.590381 0.349101
0.648701 0.0962554
0.993286 0.24659
0.16303 0.356609
0.0365917 0.2313
0.899289 0.183813
0.814234 0.728385
0.367534 0.778741
0.697439 0.0739463
0.278329 0.967711
0.917142 0.677114
0.795343 0.0973235
0.168218 0.684561
0.191565 0.550768
0.993866 0.926145
0.890011 0.450179
0.712668 0.701193
0.610218 0.89288
0.235664 0.562731
0.0827662 0.145665
0.424879 0.308145
0.497391 0.468368
0.596149 0.859706
0.000549333 0.875057
0.161687 0.203681
0.493332 0.299478
0.758965 0.697317
0.67333 0.689138
0.200079 0.152837
0.993164 0.833003
0.885311 0.588427
0.904324 0.712638
0.309061 0.861385
0.462172 0.538408
0.807428 0.603565
0.481063 0.874355
0.645985 0.890347
0.73867 0.171575
0.381359 0.235176
0.116611 0.603931
0.865749 0.0532853
0.96878 0.346171
0.0620746 0.781274
0.564379 0.0943022
0.0908536 0.697287
0.138249 0.900876
0.488235 0.19071
0.661885 0.614032
0.966277 0.154179
0.744682 0.345927
0.326762 0.510178
0.812555 0.390088
0.914029 0.12302
0.618488 0.732932
0.233894 0.445173
0.857753 0.24601
0.407727 0.829066
0.473708 0.812708
0.0459914 0.153233
0.234199 0.142735
0.587298 0.680349
0.356944 0.861721
0.0380261 0.0538652
0.161687 0.477554
0.167821 0.293558
0.500656 0.336924
0.324046 0.768975
0.0330821 0.490402
0.945555 0.586505
0.423841 0.254555
0.767632 0.59798
0.240913 0.261177
0.631825 0.935209
0.382031 0.552263
0.680959 0.660115
0.860012 0.351665
0.592456 0.253395
0.542497 0.286569
0.952757 0.52443
0.916044 0.899777
0.00369274 0.719504
0.909024 0.219733
0.627247 0.178198
0.327494 0.605274
0.69808 0.832209
0.941954 0.1095
0.273202 0.750084
0.18424 0.0133671
0.452895 0.88815
0.71221 0.283364
0.0630207 0.0329295
0.296884 0.55269
0.356883 0.585833
0.339976 0.262215
0.195105 0.285379
0.323618 0.560259
0.573565 0.273598
0.724448 0.906186
0.697317 0.997864
0.194006 0.633778
0.149388 0.273171
0.833338 0.453902
0.582263 0.304666
0.824366 0.0590228
0.882534 0.803461
0.670919 0.823176
0.281442 0.426649
0.135502 0.961791
0.00509659 0.81457
0.260903 0.820856
0.375042 0.716971
0.126743 0.462996
0.686788 0.14246
0.440718 0.943999
0.558061 0.890835
0.12946 0.719962
0.949278 0.650288
0.756768 0.554918
0.938932 0.958281
0.829157 0.133213
0.70397 0.0238044
0.616108 0.104923
0.113712 0.0517289
0.209021 0.687735
0.78927 0.984588
0.0604877 0.862301
0.82281 0.979827
0.484481 0.269539
0.669576 0.0724509
0.146397 0.577868
0.585406 0.476821
0.079165 0.723045
0.568224 0.52617
0.659078 0.390057
0.928037 0.620899
0.623615 0.867061
0.395123 0.496292
0.172948 0.727165
0.153722 0.613697
0.492813 0.144292
0.326304 0.924589
0.734611 0.0148015
0.377117 0.185034
0.0219123 0.321665
0.910031 0.495956
0.652516 0.466597
0.592486 0.751915
0.368877 0.337474
0.901547 0.0933561
0.945006 0.815088
0.193701 0.517136
0.135472 0.238746
0.783715 0.14246
0.511246 0.567797
0.352367 0.994934
0.452071 0.508835
0.664754 0.260842
0.0136418 0.981445
0.920072 0.152165
0.0905789 0.534532
0.448866 0.0135502
0.00543229 0.638386
0.603748 0.533555
0.197424 0.41731
0.219886 0.986297
0.765007 0.465926
0.716208 0.580279
0.984863 0.497238
0.546556 0.365184
0.331309 0.701468
0.112308 0.810724
0.440291 0.858211
0.98764 0.632832
0.622364 0.237587
0.593616 0.179632
0.152989 0.536485
0.95587 0.0813318
0.104099 0.925047
0.293405 0.152104
0.640767 0.0573443
0.251808 0.0914029
0.303812 0.748711
0.599383 0.431104
0.0595721 0.408155
0.814081 0.179998
0.834559 0.949278
0.0277718 0.868526
0.681082 0.545854
0.0628071 0.572161
0.00674459 0.262032
0.222999 0.732902
0.825159 0.544755
0.13065 0.0942412
0.544328 0.60683
0.726005 0.0616169
0.659535 0.436201
0.070986 0.658956
0.179693 0.251961
0.253639 0.362285
0.522507 0.133274
0.417707 0.977416
0.697501 0.3549
0.513443 0.749412
0.232276 0.525742
0.711844 0.115085
0.425092 0.402814
0.770714 0.272591
0.300088 0.674764
0.954741 0.3867
0.0974456 0.111972
0.707236 0.468764
0.922086 0.833064
0.383648 0.458998
0.482894 0.962279
0.208502 0.0350352
0.40907 0.0036317
0.299234 0.298227
0.426466 0.0316782
0.554338 0.455611
0.251137 0.39787
0.975463 0.715232
0.0566424 0.937956
0.410779 0.184729
0.557695 0.201544
0.940458 0.336772
0.915403 0.0627155
0.472213 0.91998
0.965484 0.920835
0.971252 0.548875
0.10062 0.188879
0.844935 0.863918
0.1489 0.82223
0.52736 0.195166
0.394482 0.862606
0.858364 0.544511
0.616077 0.612049
0.631916 0.376293
0.295846 0.994934
0.426405 0.350475
0.492477 0.845912
0.968902 0.000640889
0.435133 0.205908
0.699667 0.517258
0.39201 0.992492
0.670186 0.117283
0.453749 0.608478
0.488723 0.00268563
0.734428 0.461013
0.245247 0.875057
0.280374 0.913694
0.644307 0.675802
0.241798 0.967467
0.235206 0.594958
0.519425 0.519883
0.00875881 0.195349
0.292611 0.200873
0.942473 0.49382
0.441908 0.286782
0.718314 0.813044
0.262581 0.182195
0.316996 0.438124
0.638447 0.0141301
0.521561 0.431593
0.67333 0.504837
0.423597 0.676962
0.639607 0.829188
0.4944 0.0645161
0.83462 0.775811
0.844722 0.0345164
0.700217 0.258919
0.515213 0.883847
0.151769 0.159795
0.345012 0.226447
0.728629 0.313364
0.992218 0.97824
0.0942412 0.259316
0.0530106 0.625263
0.959502 0.617206
0.257241 0.944182
0.866909 0.491623
0.620136 0.0384533
0.104038 0.744255
0.866878 0.0879238
0.0686361 0.963591
0.422864 0.623981
0.370952 0.263253
0.513993 0.967528
0.467483 0.172308
0.882107 0.26548
0.675588 0.862819
0.464278 0.220527
0.180456 0.320902
0.50502 0.217841
0.996063 0.691824
0.888699 0.921262
0.483932 0.611164
0.222541 0.357952
0.143406 0.323038
0.565416 0.638874
0.18601 0.223945
0.852962 0.747673
0.392376 0.636677
0.867489 0.319651
0.907498 0.397687
0.180578 0.391736
0.85165 0.595294
0.456252 0.456038
0.670186 0.0167547
0.469192 0.482772
0.644185 0.799036
0.688681 0.915189
0.449446 0.657674
0.201086 0.794702
0.651997 0.567583
0.421705 0.772912
0.0631733 0.175481
0.975707 0.470046
0.806818 0.212989
0.308878 0.262581
0.837855 0.329875
0.119755 0.69393
0.400647 0.933714
0.345836 0.00167852
0.529313 0.0942412
0.255013 0.63155
0.930265 0.372845
0.635639 0.212561
0.167089 0.972747
0.728904 0.235908
0.3249 0.801752
0.1236 0.998321
0.645344 0.76397
0.219275 0.0986358
0.818842 0.877529
0.88287 0.772362
0.884304 0.0133061
0.220649 0.81933
0.795679 0.0678426
0.119663 0.26899
0.263192 0.326212
0.474776 0.113254
0.270791 0.850368
0.757683 0.432264
0.879635 0.622852
0.739128 0.997925
0.89877 0.98648
0.0100711 0.356609
0.142094 0.789453
0.162419 0.881954
0.0377209 0.741539
0.0238655 0.403974
0.286142 0.705466
0.0958281 0.994476
0.942961 0.71044
0.69039 0.303171
0.190008 0.757775
0.0912809 0.423658
0.196295 0.349467
0.385998 0.676565
0.911954 0.777337
0.861354 0.15656
0.194494 0.848811
0.555742 0.172857
0.185614 0.914823
0.763543 0.107669
0.293191 0.643879
0.793542 0.780602
0.257149 0.504135
0.295297 0.00943022
0.889431 0.556658
0.79104 0.919797
0.225074 0.410932
0.0947295 0.634022
0.0365612 0.294748
0.042024 0.976409
0.919523 0.526902
0.868618 0.429548
0.758019 0.952971
0.0946379 0.483291
0.242592 0.00473037
0.23835 0.663137
0.703024 0.756127
0.801355 0.498581
0.378643 0.299142
0.584399 0.614856
0.502152 0.541124
0.380444 0.0675375
0.54445 0.574602
0.96878 0.271767
0.175695 0.11948
0.180914 0.181616
0.3596 0.692831
0.183325 0.999115
0.434126 0.809534
0.372173 0.939268
0.00781274 0.523942
0.463759 0.769127
0.0469375 0.257607
0.124516 0.14713
0.610248 0.498642
0.786889 0.887936
0.986785 0.794061
0.63625 0.138981
0.0668661 0.0937223
0.99881 0.861843
0.574358 0.825434
0.859523 0.2931
0.587909 0.925138
0.778558 0.636952
0.129734 0.186285
0.87524 0.12418
0.210273 0.125706
0.530229 0.401654
0.0796838 0.803125
0.92584 0.464827
0.139409 0.498093
0.827418 0.804254
0.89053 0.832362
0.865688 0.941588
0.582751 0.39375
0.233802 0.766655
0.522324 0.69393
0.749474 0.199561
0.816279 0.0307932
0.457381 0.402997
0.747154 0.66921
0.513382 0.623463
0.978515 0.320444
0.0657063 0.439772
0.772027 0.334941
0.613483 0.687674
0.742546 0.833125
0.656178 0.289499
0.489914 0.728019
0.997589 0.898251
0.836634 0.495224
0.783654 0.721335
0.598926 0.998505
0.557207 0.861476
0.480422 0.672262
0.26307 0.586291
0.154179 0.753624
0.802332 0.94821
0.676046 0.761406
0.352336 0.914487
0.356334 0.658528
0.180212 0.822077
0.316568 0.216926
0.76928 0.16657
0.889828 0.294656
0.938078 0.17954
0.325785 0.664663
0.199957 0.450819
0.383221 0.122044
0.0548112 0.334269
0.123844 0.859218
0.502121 0.410108
0.45613 0.142186
0.676321 0.0438551
0.693045 0.888333
0.598407 0.971099
6.1037e-05 0.43852
0.276528 0.275613
0.322581 0.156438
0.462752 0.98056
0.772118 0.809351
0.808191 0.465926
0.642964 0.503067
0.544206 0.656911
0.0663167 0.991913
0.228584 0.473922
0.0220344 0.16773
0.268166 0.141453
0.695822 0.785607
0.510086 0.995605
0.309671 0.404279
0.98706 0.388287
0.116489 0.518998
0.87875 0.675893
0.140507 0.412427
0.0297861 0.592029
0.579241 0.553087
0.855342 0.00485244
0.0803858 0.387738
0.000122074 0.145421
0.59978 0.218787
0.000671407 0.297678
0.560106 0.688925
0.265236 0.553117
0.81576 0.300485
0.461837 0.375439
0.407758 0.710013
0.991791 0.136357
0.252052 0.224769
0.0954009 0.363628
0.00335704 0.0797754
0.778527 0.836543
0.329508 0.337199
0.73748 0.263741
0.474532 0.638264
0.293832 0.0385449
0.841426 0.623463
0.61095 0.402325
0.362316 0.381756
0.549577 0.811121
0.910428 0.353465
0.839717 0.836207
0.283517 0.496933
0.841365 0.101596
0.257363 0.725669
0.700522 0.396435
0.822596 0.362346
0.993164 0.740074
0.801508 0.573809
0.0448012 0.197272
0.543687 0.720145
0.819361 0.25898
0.468703 0.318216
0.347087 0.541063
0.277108 0.882137
0.774224 0.0499893
0.310984 0.484176
0.295297 0.581194
0.597003 0.00292978
0.660329 0.227088
0.162511 0.852077
0.617573 0.811609
0.990631 0.525223
0.944243 0.0549028
0.644459 0.540605
0.0940886 0.0168767
0.829188 0.57857
0.994629 0.0134587
0.711142 0.66924
0.976775 0.953856
0.00836207 0.479141
0.0347301 0.0166936
0.247414 0.997559
0.0218207 0.949339
0.603442 0.149632
0.864986 0.906919
0.153752 0.0036317
0.533952 0.544603
0.750786 0.641957
0.373791 0.82815
0.106601 0.0803247
0.86169 0.381634
0.398999 0.0365917
0.586749 0.584246
0.119846 0.33845
0.671499 0.362865
0.0711997 0.000762963
0.51268 0.165014
0.0602741 0.512558
0.634114 0.26899
0.89288 0.149998
0.254677 0.296335
0.1442 0.122929
0.075045 0.752495
0.757042 0.2996
0.631703 0.586077
0.165929 0.511673
0.259255 0.472457
0.569262 0.00704978
0.547746 0.032197
0.151585 0.382611
0.72158 0.143284
0.73574 0.0935087
0.562578 0.323496
0.330546 0.841487
0.519456 0.0427564
0.621693 0.65389
0.43028 0.155034
0.0577715 0.6957
0.784173 0.402295
0.725578 0.972533
0.969573 0.120212
0.23249 0.172674
0.514786 0.265694
0.205237 0.379528
0.0842006 0.905728
0.552141 0.144658
0.999176 0.417402
0.324625 0.727805
0.451369 0.833338
0.0334788 0.646718
0.317881 0.975188
0.438185 0.997894
0.546037 0.116062
0.660634 0.151402
0.792627 0.00259407
0.419416 0.0979949
0.658467 0.921995
0.809626 0.332316
0.680532 0.474258
0.90698 0.428266
0.260109 0.0644856
0.309519 0.0904569
0.376659 0.430738
0.574023 0.772851
0.994476 0.282479
0.100284 0.449568
0.419355 0.875912
0.407788 0.215369
0.35963 0.107608
0.566057 0.497665
0.0366527 0.562975
0.533738 0.903928
0.726371 0.42732
0.00570696 0.74752
0.161168 0.0870693
0.999054 0.554735
0.858669 0.790124
0.697653 0.63274
0.491379 0.900143
0.75692 0.890103
0.151341 0.999817
0.469253 0.0769982
0.0677511 0.237678
0.116337 0.211951
0.929105 0.997467
0.689413 0.572222
0.968261 0.413861
0.211035 0.579821
0.808496 0.755638
0.491623 0.766472
0.329417 0.0592364
0.604511 0.373333
0.918546 0.593829
0.118229 0.428205
0.621387 0.0768151
0.735832 0.720359
0.21427 0.00427259
0.00375378 0.384747
0.42671 0.520432
0.870052 0.851558
0.023835 0.128971
0.198706 0.713584
0.799616 0.277657
0.847987 0.682607
0.380047 0.00357067
0.130619 0.629597
0.91113 0.277505
0.487075 0.238624
0.517899 0.362896
0.537156 0.983489
0.39198 0.0954009
0.415235 0.377148
0.208136 0.260109
0.13245 0.362987
0.349376 0.621815
0.517655 0.594256
0.237129 0.333872
0.684835 0.330088
0.687582 0.233039
0.433515 0.720969
0.853877 0.517258
0.959502 0.790887
0.723624 0.366985
0.917234 0.804041
0.409955 0.466445
0.747734 0.0426344
0.176611 0.578326
0.642262 0.997314
0.822108 0.00228889
0.993988 0.605365
0.389294 0.963378
0.800592 0.696524
0.777062 0.221137
0.888455 0.960051
0.602069 0.324534
0.0375683 0.428571
0.934263 0.40495
0.871761 0.182501
0.0660726 0.360546
0.344188 0.886196
0.53383 0.948851
0.132389 0.29603
0.443403 0.329081
0.863704 0.463179
0.33311 0.460128
0.0420545 0.0814844
0.300729 0.12479
0.871822 0.997894
0.502304 0.495407
0.371685 0.884732
0.385113 0.583209
0.744835 0.804102
0.261483 0.445204
0.943449 0.13831
0.744072 0.583087
0.176702 0.945585
0.961272 0.298318
0.743553 0.514634
0.192663 0.878231
0.705039 0.938475
0.630787 0.2996
0.207465 0.659719
0.890194 0.040437
0.99884 0.0436109
0.419141 0.572405
0.684652 0.170507
0.482223 0.999725
0.880276 0.403455
0.864467 0.824091
0.126591 0.760948
0.844081 0.999542
0.799738 0.807672
0.210364 0.325724
0.97528 0.999634
0.396557 0.523972
0.367321 0.210364
0.0196234 0.894803
0.824457 0.418561
0.888974 0.069216
0.844325 0.269845
0.35612 0.0542619
0.953581 0.454237
0.353679 0.286111
0.760735 0.980346
0.914945 0.566424
0.416242 0.65038
0.809229 0.152226
0.523453 0.459456
0.516282 0.720603
