967
0.16718 0.864223
0.804254 0.214515
0.821345 0.401471
0.218543 0.316965
0.206305 0.984191
0.814417 0.827753
0.788751 0.863094
0.386731 0.219916
0.075869 0.237892
0.672903 0.772118
0.259438 0.949736
0.400098 0.0512406
0.893338 0.0739158
0.631794 0.498367
0.260079 0.444716
0.318949 0.399701
0.583789 0.642567
0.462844 0.0233161
0.744224 0.475723
0.383251 0.152409
0.924284 0.518662
0.0618915 0.784448
0.0653096 0.861171
0.106388 0.327525
0.72866 0.0265816
0.0442824 0.509995
0.296213 0.668294
0.0176702 0.0994598
0.383709 0.683767
0.600177 0.076693
0.475265 0.225776
0.120853 0.28428
0.88226 0.421064
0.514847 0.477157
0.235878 0.393261
0.00848415 0.236213
0.826472 0.254646
0.816187 0.764702
0.00564592 0.565752
0.909116 0.69042
0.765465 0.224158
0.473983 0.314982
0.115696 0.956725
0.561205 0.294473
0.166692 0.696676
0.0784326 0.283212
0.32316 0.62682
0.786554 0.57152
0.495865 0.169744
0.453322 0.24897
0.736839 0.706778
0.822016 0.924253
0.55034 0.532762
0.867977 0.244881
0.776605 0.263741
0.846095 0.596271
0.468856 0.137303
0.806024 0.679708
0.21363 0.263466
0.600391 0.313944
0.519517 0.93762
0.184393 0.0549944
0.898007 0.754173
0.281838 0.155705
0.426496 0.64742
0.253548 0.0225532
0.270974 0.405835
0.22187 0.0292062
0.588275 0.225288
0.0998566 0.435194
0.104343 0.914792
0.999969 0.784326
0.0434584 0.733573
0.848048 0.688253
0.608509 0.775628
0.731986 0.340861
0.0629292 0.600391
0.297891 0.709067
0.165044 0.626667
0.559191 0.891079
0.882443 0.210089
0.871822 0.956023
0.985168 0.0831935
0.640187 0.692679
0.0343028 0.0037843
0.13715 0.0368969
0.662374 0.639302
0.165532 0.664541
0.0883816 0.0929899
0.943602 0.0515152
0.243263 0.242042
0.661885 0.239235
0.240303 0.806909
0.590655 0.710166
0.675161 0.101993
0.497299 0.734642
0.700583 0.733177
0.451033 0.529557
0.333811 0.0398572
0.797357 0.0342112
0.887142 0.863857
0.60744 0.53621
0.822565 0.0185247
0.987854 0.250282
0.477767 0.570727
0.00622578 0.934934
0.807978 0.617359
0.186224 0.140416
0.0324412 0.429548
0.155187 0.430097
0.14182 0.220923
0.36964 0.179083
0.243263 0.295175
0.739616 0.105594
0.911191 0.279244
0.833827 0.654286
0.858943 0.39082
0.425581 0.726524
0.218909 0.223518
0.261849 0.997833
0.714957 0.854457
0.865719 0.135868
0.000427259 0.888058
0.145268 0.00357067
0.868221 0.467055
0.121525 0.167913
0.706503 0.065157
0.163671 0.992431
0.689535 0.879727
0.469985 0.700552
0.0531938 0.2172
0.634175 0.378704
0.400189 0.351054
0.124363 0.536668
0.441969 0.474776
0.10416 0.610157
0.676901 0.921293
0.75808 0.326426
0.519547 0.342784
0.576617 0.394238
0.561418 0.0351268
0.926176 0.00369274
0.11951 0.64565
0.76513 0.754051
0.922483 0.979888
0.714896 0.502487
0.518662 0.762566
0.366069 0.412671
0.553148 0.991089
0.704123 0.269265
0.136021 0.672903
0.0575274 0.940916
0.610279 0.850307
0.426862 0.579577
0.363506 0.855159
0.724754 0.395642
0.577959 0.847896
0.312998 0.330882
0.0347301 0.60329
0.473342 0.803064
0.434278 0.929136
0.963836 0.0243538
0.742821 0.590564
0.492111 0.870601
0.733329 0.907987
0.323435 0.0746178
0.88052 0.627918
0.360668 0.326853
0.166967 0.234748
0.354289 0.264748
0.512742 0.970824
0.819727 0.129521
0.937132 0.236366
0.390851 0.51146
0.0172124 0.689108
0.409497 0.543748
0.244484 0.362468
0.255654 0.61153
0.607044 0.422926
0.0927457 0.655995
0.972259 0.333354
0.837458 0.511704
0.61449 0.146641
0.0258797 0.0358898
0.428541 0.775048
0.28486 0.239814
0.0246284 0.911832
0.486831 0.280251
0.717154 0.134159
0.662435 0.352458
0.11951 0.822016
0.658101 0.955473
0.238807 0.699149
0.650746 0.132511
0.480026 0.831904
0.774255 0.910001
0.0130924 0.748375
0.826441 0.456404
0.92233 0.362835
0.309305 0.817713
0.442122 0.224158
0.632893 0.936796
0.968047 0.975494
0.597858 0.886563
0.425794 0.388562
0.455794 0.596332
0.851894 0.281472
0.00943022 0.614704
0.487747 0.0839869
0.541154 0.586138
0.569475 0.326823
0.317911 0.238289
0.246956 0.0595721
0.161992 0.565477
0.932768 0.433699
0.435438 0.803278
0.667684 0.846126
0.475326 0.951415
0.997803 0.866695
0.533647 0.671194
0.911313 0.568071
0.960021 0.716514
0.0928983 0.197394
0.168676 0.943114
0.427747 0.432539
0.894833 0.0189215
0.791009 0.509629
0.0561235 0.628712
0.394086 0.312601
0.831416 0.736595
0.0431837 0.832179
0.0166021 0.515702
0.241646 0.752983
0.642689 0.170507
0.027131 0.160131
0.580523 0.683309
0.290445 0.0347301
0.759484 0.68453
0.195288 0.554888
0.204352 0.416578
0.887692 0.545305
0.677664 0.511216
0.882382 0.703574
0.833308 0.980285
0.482955 0.987182
0.720298 0.571551
0.978881 0.611438
0.603259 0.353252
0.504349 0.000122074
0.177038 0.0865505
0.60918 0.921659
0.311533 0.163335
0.5627 0.818262
0.747581 0.268502
0.267953 0.586352
0.953093 0.656087
0.330393 0.878841
0.453719 0.84109
0.640614 0.575396
0.539232 0.723716
0.560015 0.147221
0.073397 0.543565
0.951018 0.0829493
0.915525 0.933103
0.97235 0.426283
0.036256 0.795221
0.277383 0.354167
0.263649 0.268777
0.610004 0.0414747
0.221168 0.719993
0.228523 0.832118
0.701529 0.349101
0.476852 0.63567
0.884487 0.301706
0.405805 0.112613
0.399518 0.706931
0.842586 0.796808
0.465194 0.19657
0.370006 0.101932
0.383953 0.764306
0.526902 0.555132
0.941954 0.60857
0.49556 0.441115
0.941984 0.11771
0.941435 0.47084
0.516495 0.520371
0.779504 0.143803
0.629475 0.820551
0.275887 0.686392
0.152226 0.337748
0.502792 0.696707
0.392804 0.605029
0.102145 0.506088
0.815088 0.579852
0.842921 0.0874966
0.923032 0.872005
0.970702 0.377178
0.773186 0.949065
0.198553 0.0126347
0.660482 0.737053
0.536698 0.117527
0.300302 0.199194
0.861751 0.0578021
0.634785 0.7593
0.0719626 0.349651
0.270974 0.477828
0.202979 0.939848
0.155919 0.816248
0.526322 0.314768
0.617023 0.252571
0.537675 0.0835597
0.129154 0.363994
0.713065 0.788385
0.882565 0.818903
0.315531 0.521317
0.478439 0.398846
0.216895 0.661122
0.224555 0.572069
0.372051 0.910611
0.653706 0.31373
0.582995 0.932768
0.193518 0.633076
0.412885 0.996704
0.297891 0.560198
0.804315 0.892544
0.925626 0.155309
0.312876 0.299722
0.877773 0.733116
0.98471 0.944639
0.00195318 0.986419
0.342235 0.299264
0.305765 0.103214
0.158971 0.769341
0.268899 0.0775475
0.770837 0.00860622
0.36259 0.515427
0.977111 0.220954
0.0441603 0.25367
0.194861 0.842769
0.0323496 0.992798
0.236335 0.494095
0.33256 0.7116
0.731407 0.20365
0.823328 0.347697
0.891537 0.658834
0.295236 0.746818
0.338664 0.117313
0.436384 0.0604266
0.305429 0.13654
0.211707 0.0903043
0.896908 0.59859
0.15714 0.265572
0.959014 0.255562
0.772729 0.463393
0.708823 0.998169
0.107761 0.679617
0.628925 0.723594
0.139348 0.592059
0.301645 0.443556
0.110721 0.0704062
0.397168 0.834315
0.666707 0.0500504
0.822382 0.54622
0.638813 0.0319529
0.910794 0.899564
0.379345 0.00720237
0.34669 0.225166
0.4391 0.16718
0.171514 0.596698
0.143193 0.469893
0.662069 0.885403
0.426374 0.681692
0.24723 0.157231
0.810053 0.0713523
0.417798 0.293832
0.762444 0.797082
0.252693 0.658162
0.041261 0.335246
0.701437 0.299326
0.769005 0.358623
0.993011 0.820948
0.183752 0.756829
0.313883 0.473525
0.166875 0.538133
0.665639 0.273812
0.834071 0.428144
0.704581 0.437819
0.572527 0.467238
0.136631 0.917203
0.0767235 0.387005
0.39552 0.934812
0.330332 0.544694
0.919919 0.397595
0.346171 0.152654
0.751061 0.824396
0.977325 0.111393
0.129368 0.739982
0.638752 0.0784936
0.385327 0.993774
0.709494 0.760948
0.862453 0.353221
0.645924 0.663778
0.0667745 0.895749
0.720664 0.8258
0.758751 0.408246
0.986175 0.706626
0.47087 0.357707
0.563463 0.423505
0.720817 0.617786
0.646779 0.994537
0.395398 0.426405
0.994751 0.444288
0.694449 0.0391247
0.293283 0.853145
0.000335704 0.713034
0.49205 0.536912
0.861721 0.762597
0.884091 0.506638
0.820185 0.483932
0.780908 0.539903
0.138401 0.396771
0.965636 0.777367
0.798883 0.377911
0.98706 0.643666
0.152928 0.894345
0.315439 0.930418
0.874355 0.79284
0.362743 0.613941
0.699088 0.63805
0.963866 0.515458
0.159947 0.199499
0.021363 0.396771
0.643788 0.216071
0.0246284 0.064272
0.0636006 0.460402
0.714743 0.661519
0.0621357 0.144078
0.314341 0.902615
0.0949736 0.0329295
0.21778 0.885372
0.793603 0.710562
0.706748 0.955657
0.0290536 0.360088
0.0595721 0.675832
0.927793 0.327006
0.972503 0.898068
0.196539 0.79284
0.787622 0.833949
0.294504 0.495926
0.87814 0.893704
0.823389 0.862392
0.956633 0.938749
0.239784 0.96881
0.0983001 0.783135
0.023957 0.481277
0.856319 0.318003
0.747795 0.640431
0.563158 0.750236
0.764672 0.850246
0.808985 0.163976
0.316752 0.965758
0.262246 0.555651
0.781426 0.184149
0.162572 0.114322
0.960082 0.81283
0.525101 0.637532
0.514634 0.21717
0.200751 0.186773
0.555773 0.785699
0.963073 0.857692
0.587725 0.128391
0.0151372 0.82815
0.0878628 0.00366222
0.688528 0.133061
0.133915 0.85638
0.467971 0.923643
0.204382 0.370678
0.215888 0.601672
0.420972 0.0116276
0.218848 0.128971
0.747673 0.179876
0.000885037 0.183355
0.442885 0.320872
0.480758 0.77636
0.691366 0.409375
0.861415 0.848323
0.586779 0.004944
0.375927 0.550096
0.977599 0.302591
0.132084 0.506607
0.416089 0.889492
0.591784 0.806604
0.36256 0.0352184
0.348613 0.940153
0.202368 0.692587
0.994751 0.18363
0.589984 0.173986
0.738639 0.951933
0.853297 0.536271
0.676107 0.697501
0.788751 0.114414
0.116794 0.102542
0.541276 0.385876
0.0851161 0.752983
0.711264 0.160955
0.176519 0.350871
0.349528 0.785333
0.908383 0.840571
0.391705 0.0811792
0.847774 0.901883
0.35258 0.575701
0.588458 0.974059
0.615253 0.563524
0.967406 0.480209
0.621235 0.624195
0.246773 0.213233
0.747581 0.151555
0.0211188 0.274361
0.547685 0.929716
0.394055 0.86462
0.277566 0.818201
0.544511 0.171545
0.402417 0.255867
0.612445 0.597552
0.947508 0.539415
0.0350047 0.56444
0.445723 0.103641
0.505997 0.137486
0.513504 0.381664
0.552324 0.48851
0.50322 0.051149
0.993561 0.538102
0.335124 0.749474
0.363567 0.733329
0.784783 0.646901
0.323923 0.572741
0.462783 0.44908
0.0957671 0.991333
0.591571 0.744224
0.642323 0.904233
0.269387 0.304422
0.273019 0.527848
0.0428175 0.109714
0.535203 0.24308
0.154912 0.159795
0.90878 0.719993
0.529435 0.802484
0.675954 0.436964
0.290292 0.950621
0.312784 0.364879
0.537217 0.848262
0.33375 0.673299
0.34138 0.197577
0.0916471 0.16541
0.429151 0.354228
0.178838 0.464003
0.11124 0.881924
0.36082 0.661489
0.392254 0.636738
0.231635 0.460891
0.668325 0.468978
0.146947 0.0889004
0.392895 0.395734
0.230171 0.935881
0.478317 0.512497
0.882626 0.98471
0.742363 0.539109
0.582049 0.495346
0.324259 0.995331
0.126347 0.778466
0.00839259 0.79458
0.5862 0.564287
0.869503 0.106296
0.161687 0.498276
0.708975 0.537706
0.681204 0.660451
0.795221 0.3502
0.69277 0.825495
0.687216 0.216437
0.717215 0.000488296
0.0195318 0.861965
0.112613 0.217566
0.94174 0.18424
0.128666 0.446944
0.00421155 0.43849
0.916868 0.0949431
0.351482 0.818232
0.382427 0.27665
0.059328 0.977325
0.371685 0.965758
0.587359 0.261879
0.449629 0.415632
0.763573 0.723807
0.0686056 0.430952
0.66335 0.195502
0.389325 0.458785
0.509567 0.411939
0.534257 0.018952
0.257973 0.125095
0.571276 0.0785241
0.87051 0.0312815
0.000274667 0.655477
0.741844 0.366283
0.972167 0.571642
0.524033 0.902005
0.670247 0.604755
0.68102 0.974548
0.670156 0.569079
0.614856 0.214362
0.463424 0.87051
0.561876 0.196478
0.882656 0.329295
0.082461 0.817164
0.00824 0.127262
0.873623 0.927305
0.640095 0.457839
0.134953 0.992828
0.0718406 0.718375
0.206793 0.523698
0.624744 0.297983
0.0195013 0.305155
0.990448 0.501633
0.769616 0.0878323
0.647114 0.528764
0.937223 0.841334
0.17951 0.303323
0.611316 0.996155
0.799951 0.73925
0.90173 0.179937
0.842738 0.157567
0.243446 0.101169
0.590106 0.614185
0.994507 0.350169
0.663137 0.807764
0.36491 0.370617
0.723258 0.239387
0.666219 0.384472
0.884182 0.376904
0.599567 0.458663
0.936705 0.68688
0.177679 0.405744
0.498215 0.607379
0.128117 0.252754
0.461013 0.667501
0.250282 0.850398
0.518967 0.275582
0.732231 0.4373
0.615131 0.099826
0.44789 0.965423
0.829096 0.952239
0.779717 0.0617389
0.899655 0.129765
0.0571917 0.0443434
0.824183 0.283059
0.922483 0.63448
0.706503 0.703452
0.0916471 0.472304
0.374767 0.797235
0.3549 0.469039
0.677297 0.0162053
0.76339 0.50679
0.256111 0.900113
0.345073 0.437696
0.944792 0.909452
0.746727 0.0475478
0.762627 0.884396
0.737266 0.982543
0.949644 0.300851
0.990478 0.75042
0.681082 0.16715
0.553819 0.357158
0.788873 0.971343
0.633076 0.789544
0.917844 0.789514
0.417219 0.95819
0.0963469 0.578478
0.403333 0.483047
0.60921 0.395764
0.309763 0.789514
0.16245 0.37788
0.940733 0.576312
0.994812 0.39082
0.637226 0.427168
0.984588 0.140507
0.496475 0.111332
0.00518815 0.00927763
0.985504 0.0547197
0.277993 0.776543
0.841243 0.208289
0.429182 0.268868
0.413678 0.194678
0.706717 0.913724
0.611469 0.659963
0.127873 0.707877
0.451155 0.743919
0.219245 0.0601215
0.229926 0.181005
0.955748 0.159795
0.863521 0.663869
0.234535 0.540879
0.951872 0.407483
0.788934 0.785424
0.0306406 0.195685
0.628681 0.872982
0.624409 0.33549
0.737083 0.773461
0.999817 0.897458
0.775414 0.434553
0.7781 0.619861
0.426191 0.131809
0.420942 0.85168
0.763573 0.994018
0.526078 0.438795
0.330973 0.848109
0.000976592 0.343333
0.262429 0.731956
0.995544 0.989776
0.211097 0.160772
0.334361 0.494552
0.4185 0.508682
0.0427259 0.881832
0.297311 0.609272
0.616993 0.00167852
0.0868252 0.949736
0.449812 0.287912
0.611316 0.690451
0.431135 0.608478
0.995636 0.673879
0.0646077 0.308298
0.797876 0.303659
0.475356 0.0577105
0.111332 0.142277
0.791803 0.998962
0.180425 0.728233
0.552293 0.610919
0.901791 0.440321
0.679647 0.326121
0.288186 0.985534
0.096408 0.367901
0.860103 0.181921
0.533464 0.87582
0.0613727 0.0825831
0.334208 0.00943022
0.912351 0.22129
0.228858 0.631245
0.452437 0.993652
0.559038 0.225043
0.873928 0.578204
0.184179 0.435804
0.182379 0.897244
0.91821 0.485977
0.303018 0.273904
0.0598163 0.184057
0.278237 0.00991852
0.553728 0.696524
0.942961 0.746757
0.0589618 0.0166631
0.143498 0.965911
0.104068 0.722953
0.208075 0.479843
0.997345 0.00418104
0.139073 0.309641
0.353526 0.0716575
0.546617 0.962493
0.10004 0.844935
0.872616 0.00241096
0.728843 0.741172
0.339854 0.355113
0.187933 0.273629
0.211859 0.7463
0.746696 0.298898
0.0424207 0.653798
0.0781274 0.121799
0.2631 0.188726
0.116337 0.014771
0.232307 0.430036
0.502213 0.248878
0.27958 0.631153
0.800989 0.424757
0.910276 0.251473
0.291848 0.0627155
0.648122 0.00634785
0.996796 0.589892
0.915494 0.0427564
0.499619 0.661122
0.5562 0.653798
0.282418 0.921415
0.485916 0.483718
0.291391 0.38789
0.843196 0.0367138
0.628925 0.968902
0.850276 0.71633
0.839351 0.567553
0.530381 0.0502029
0.0352184 0.957823
0.35902 0.703299
0.454817 0.382427
0.259224 0.331523
0.701712 0.379498
0.101657 0.402356
0.28489 0.881069
0.524796 0.191351
0.850062 0.628986
0.0473952 0.387371
0.88464 0.158727
0.0953093 0.257332
0.0476394 0.281503
0.448073 0.561296
0.69393 0.587634
0.510422 0.827845
0.903256 0.960021
0.443892 0.89404
0.19071 0.212683
0.522294 0.996246
0.372509 0.243568
0.0676595 0.495346
0.85641 0.491836
0.671651 0.540971
0.548265 0.454695
0.57622 0.524369
0.842219 0.827479
0.49208 0.335795
0.704001 0.470534
0.732658 0.0771203
0.559191 0.256844
0.140843 0.136296
0.228584 0.781365
0.0821253 0.691183
0.169012 0.0278939
0.228706 0.00143437
0.815119 0.799738
0.395245 0.735588
0.404859 0.797754
0.220252 0.346049
0.556597 0.559252
0.706229 0.0978729
0.498123 0.919187
0.336558 0.598407
0.0369884 0.763878
0.953246 0.353618
0.352519 0.993316
0.156713 0.0629292
0.760643 0.123783
0.757225 0.565935
0.718131 0.882626
0.385144 0.577044
0.499069 0.304605
0.132756 0.192969
0.952269 0.998718
0.190344 0.500992
0.88464 0.269051
0.342753 0.904599
0.896298 0.468245
0.828303 0.319742
0.206275 0.911893
0.153294 0.723868
0.999329 0.471633
0.558916 0.00473037
0.943449 0.380078
0.480148 0.897671
0.274453 0.213477
0.0389721 0.706564
0.412091 0.158238
0.620075 0.187719
0.13065 0.564867
0.643025 0.605426
0.797967 0.00320444
0.79751 0.243751
0.581591 0.771996
0.196265 0.112796
0.30549 0.00228889
0.4232 0.0855434
0.843989 0.116703
0.345225 0.392865
0.563738 0.114017
0.68923 0.243721
0.817377 0.190222
0.172521 0.000305185
0.927 0.815241
0.0654622 0.569536
0.138249 0.619983
0.36549 0.130894
0.513901 0.579638
0.699057 0.191717
0.967833 0.192297
0.860378 0.439405
0.825282 0.705679
0.182379 0.966979
0.0804773 0.0603046
0.99823 0.322184
0.659841 0.411878
0.837062 0.373486
0.576678 0.590442
0.920347 0.661763
0.449873 0.502396
0.493667 0.197272
0.798852 0.939909
0.36903 0.882778
0.229682 0.99939
0.723777 0.314829
0.469131 0.165044
0.0776086 0.922208
0.0842616 0.630207
0.00344859 0.372784
0.852596 0.999756
3.05185e-05 0.0781274
0.117435 0.482131
0.848811 0.873104
0.502152 0.797113
0.990295 0.277993
0.608051 0.951506
0.000396741 0.0473952
0.404431 0.663472
0.639637 0.846187
0.414472 0.226417
0.933378 0.954863
0.81579 0.100864
0.0346995 0.53621
0.964812 0.45262
0.798608 0.453871
0.636463 0.273415
0.122959 0.420118
0.000793481 0.153417
0.741905 0.865047
0.938017 0.272896
0.195044 0.33076
0.532517 0.144658
0.194494 0.243171
0.295816 0.417035
0.96997 0.683615
0.442396 0.704917
0.000671407 0.466292
0.416578 0.45848
0.37492 0.487747
0.644246 0.105289
0.448683 0.631733
0.490524 0.0248115
0.772668 0.290933
0.844417 0.00149541
0.583575 0.0541704
0.195318 0.5833
0.19367 0.871731
0.209387 0.29075
0.588855 0.289071
0.679006 0.0748009
0.219581 0.857814
0.000793481 0.53798
0.753014 0.928007
0.278268 0.104221
0.445692 0.000183111
0.28605 0.326884
0.9494 0.881954
0.566393 0.723045
0.607685 0.48497
0.536882 0.413892
0.100711 0.551622
0.183142 0.818262
0.999817 0.031312
0.785607 0.402081
0.57915 0.999695
0.205695 0.45262
0.457747 0.0790429
0.0991851 0.300882
0.57918 0.366832
0.348216 0.637349
0.770012 0.593066
0.181127 0.16715
