962
0.204138 0.557909
0.0627766 0.659871
0.603168 0.860012
0.457808 0.174291
0.150884 0.375622
0.139805 0.326456
0.44557 0.200934
0.64687 0.522141
0.709769 0.848689
0.400342 0.118931
0.506058 0.225227
0.398297 0.470656
0.228492 0.281686
0.887631 0.0364086
0.400616 0.244881
0.295694 0.710379
0.311228 0.834803
0.203192 0.0282907
0.0194098 0.374645
0.639119 0.407544
0.260018 0.199561
0.479415 0.0762963
0.280526 0.270547
0.230201 0.848689
0.977264 0.401563
0.508866 0.992981
0.782373 0.209967
0.476699 0.716819
0.308756 0.796594
0.440077 0.994964
0.95584 0.45204
0.560686 0.741295
0.284982 0.0823389
0.849574 0.235572
0.0179449 0.339274
0.400739 0.547929
0.388409 0.690329
0.806299 0.418195
0.12833 0.584399
0.284402 0.996918
0.870663 0.369427
0.551622 0.353648
0.248817 0.118076
0.970458 0.159368
0.475204 0.0181585
0.00341807 0.448653
0.678915 0.483413
0.505448 0.868404
0.784997 0.641591
0.884854 0.31901
0.215674 0.355419
0.66509 0.394574
0.195135 0.433363
0.478133 0.527879
0.939116 0.185644
0.0205084 0.246986
0.622181 0.971618
0.629963 0.0988495
0.168371 0.606677
0.624195 0.255654
0.765954 0.151402
0.354808 0.838435
0.0862148 0.806848
0.0727256 0.0323496
0.259804 0.62328
0.801355 0.744621
0.13422 0.851558
0.907681 0.014893
0.666707 0.88995
0.886959 0.787896
0.232948 0.482955
0.390881 0.952605
0.0315867 0.056032
0.0760826 0.748924
0.992004 0.59685
0.924223 0.584216
0.974212 0.304971
0.478042 0.960204
0.517075 0.314432
0.584246 0.0912503
0.214057 0.634419
0.346538 0.772332
0.862728 0.8258
0.721549 0.716117
0.0772423 0.288797
0.280465 0.392773
0.39491 0.0682699
0.408063 0.582934
0.792322 0.9129
0.26722 0.691275
0.885372 0.952879
0.15595 0.764977
0.477798 0.635151
0.0290536 0.489181
0.964019 0.131657
0.267342 0.438337
0.920225 0.464187
0.441267 0.450148
0.801752 0.51616
0.853938 0.531816
0.521775 0.689474
0.817316 0.847865
0.508835 0.261696
0.314798 0.163182
0.266274 0.498123
0.221778 0.165746
0.371197 0.995758
0.840571 0.327982
0.768242 0.335154
0.20188 0.861598
0.85165 0.938322
0.762352 0.610065
0.892239 0.71572
0.557543 0.584338
0.818506 0.603412
0.99295 0.471938
0.95117 0.68807
0.769799 0.928678
0.625385 0.0426954
0.90289 0.635792
0.047029 0.832484
0.371166 0.71221
0.39143 0.0256966
0.385601 0.289163
0.325755 0.434095
0.196509 0.515488
0.6339 0.870693
0.430525 0.301309
0.455672 0.93997
0.402295 0.497665
0.580309 0.278451
0.688986 0.412824
0.464339 0.872677
0.763207 0.832514
0.918027 0.370037
0.686148 0.334269
0.263863 0.873989
0.284158 0.521073
0.340953 0.990173
0.85107 0.147618
0.358592 0.608753
0.153783 0.297678
0.520829 0.64095
0.87463 0.5609
0.331858 0.0544755
0.705435 0.0202338
0.600513 0.802606
0.195257 0.715445
0.993469 0.27015
0.728416 0.126774
0.197699 0.930479
0.164708 0.857143
0.119144 0.4644
0.0654622 0.45497
0.837611 0.283364
0.434584 0.622303
0.0919523 0.722343
0.54973 0.866543
0.15537 0.162481
0.246376 0.000701926
0.231452 0.701468
0.750359 0.857448
0.33488 0.626972
0.637654 0.595233
0.571825 0.641713
0.0534989 0.552873
0.553087 0.449812
0.391339 0.200293
0.921476 0.0561235
0.694662 0.152928
0.690451 0.772942
0.315775 0.00241096
0.250496 0.780663
0.516831 0.954405
0.0231635 0.869137
0.0839564 0.952361
0.995636 0.859401
0.970336 0.981536
0.0639058 0.52501
0.390179 0.413221
0.749565 0.455733
0.152684 0.882382
0.0451064 0.346965
0.0349132 0.899197
0.896695 0.509812
0.224128 0.80813
0.494278 0.768426
0.144536 0.406354
0.608295 0.774834
0.157201 0.0412305
0.763817 0.567309
0.457625 0.741264
0.955748 0.828639
0.0235908 0.409436
0.604968 0.663778
0.937284 0.108341
0.4738 0.0482192
0.192938 0.968688
0.00372326 0.127903
0.662435 0.667837
0.385571 0.74868
0.604724 0.733116
0.160375 0.235633
0.0551164 0.610797
0.95175 0.25425
0.578112 0.974181
0.335856 0.131718
0.359447 0.494034
0.285745 0.184912
0.898099 0.906919
0.787744 0.975646
0.514328 0.0988189
0.819422 0.384014
0.876156 0.421583
0.481155 0.431043
0.0466323 0.750938
0.644429 0.465804
0.649617 0.00183111
0.441511 0.814417
0.318278 0.973815
0.159368 0.20069
0.80636 0.943785
0.248512 0.309763
0.358226 0.197455
0.437483 0.515061
0.54619 0.979858
0.0414441 0.223518
0.712973 0.229072
0.95349 0.783868
0.202368 0.2725
0.224891 0.954985
0.32075 0.933042
0.631794 0.74221
0.791925 0.116855
0.493423 0.121158
0.572344 0.677297
0.286813 0.854945
0.905789 0.821131
0.895566 0.452742
0.906522 0.237129
0.761559 0.697775
0.789911 0.289193
0.530351 0.891903
0.145451 0.0904263
0.774743 0.0480972
0.697134 0.309091
0.533708 0.519028
0.500534 0.912259
0.112949 0.638356
0.874569 0.644368
0.0588702 0.00344859
0.0442824 0.717612
0.552141 0.259987
0.998566 0.536393
0.6227 0.628071
0.275216 0.552385
0.939665 0.99823
0.0319834 0.190344
0.654836 0.0553911
0.731193 0.538194
0.38844 0.793695
0.388928 0.382733
0.249825 0.373852
0.998108 0.977752
0.457778 0.33256
0.773705 0.796808
0.606189 0.340403
0.124271 0.123142
0.644856 0.315378
0.725364 0.345622
0.089877 0.0746178
0.190954 0.82342
0.596118 0.0465712
0.690756 0.590655
0.597308 0.205359
0.631794 0.227393
0.610248 0.524216
0.754357 0.379803
0.36021 0.936247
0.894253 0.748589
0.680349 0.0416578
0.100925 0.900937
0.936582 0.320994
0.4962 0.496292
0.214087 0.075869
0.436598 0.0412915
0.5244 0.391888
0.860652 0.903226
0.0170904 0.837397
0.734245 0.679434
0.620716 0.94293
0.797601 0.869747
0.882473 0.15891
0.290475 0.457533
0.325419 0.674612
0.0885037 0.00305185
0.0790429 0.348521
0.797479 0.07828
0.653188 0.275582
0.0697348 0.0953093
0.118137 0.279916
0.932554 0.416364
0.121494 0.375378
0.0490738 0.942198
0.359722 0.798669
0.961394 0.872036
0.931394 0.916013
0.364147 0.643269
0.946409 0.0818812
0.424421 0.647999
0.00753807 0.777001
0.607471 0.150395
0.73159 0.261849
0.828059 0.0544755
0.103763 0.0372021
0.316477 0.34489
0.077456 0.223029
0.849605 0.622761
0.470321 0.997742
0.764214 0.112552
0.194189 0.379376
0.81576 0.315744
0.0597247 0.410749
0.320566 0.211829
0.983642 0.346568
0.728416 0.0841701
0.501297 0.348857
0.35258 0.672414
0.989196 0.677694
0.255165 0.0380566
0.874813 0.00909452
0.570544 0.799371
0.415082 0.430891
0.0876492 0.170263
0.15128 0.934019
0.522599 0.79339
0.0190435 0.609668
0.633656 0.693899
0.234687 0.451155
0.0233467 0.306742
0.170293 0.328898
0.103122 0.496048
0.0990936 0.528031
0.610187 0.375561
0.651509 0.570391
0.264351 0.15894
0.291391 0.747703
0.333293 0.236763
0.38966 0.897793
0.882351 0.0986053
0.349467 0.168828
0.316599 0.500656
0.384991 0.350139
0.377087 0.0903043
0.0507523 0.684378
0.593402 0.00982696
0.436872 0.0880764
0.437391 0.68923
0.909238 0.199011
0.419202 0.174657
0.610218 0.301706
0.559526 0.142125
0.614643 0.44377
0.545427 0.314524
0.761132 0.731346
0.490768 0.661489
0.642598 0.348704
0.997131 0.0614948
0.201666 0.208197
0.517258 0.588458
0.312937 0.102176
0.304636 0.606159
0.598071 0.579699
0.178381 0.995178
0.528428 0.475356
0.156011 0.439863
0.659108 0.778771
0.621448 0.190649
0.189795 0.462477
0.112064 0.999908
0.111637 0.772668
0.335398 0.905728
0.231086 0.21012
0.715629 0.447035
0.962554 0.945128
0.976959 0.000762963
0.729942 0.641377
0.834132 0.674551
0.165014 0.633778
0.357189 0.0180364
0.942839 0.559648
0.841456 0.784417
0.269539 0.80932
0.291421 0.0408338
0.923521 0.517045
0.273659 0.594745
0.953276 0.746849
0.978088 0.0944243
0.991028 0.7369
0.18717 0.893918
0.0783105 0.250282
0.11359 0.412427
0.115665 0.555895
0.733451 0.938292
0.82342 0.252693
0.46025 0.602832
0.566363 0.390515
0.025544 0.278695
0.021363 0.939482
0.47795 0.57387
0.672353 0.827601
0.0159917 0.157842
0.259529 0.970611
0.00201422 0.567827
0.872494 0.264687
0.863643 0.732597
0.13358 0.525712
0.926664 0.732047
0.396008 0.662709
0.25428 0.0656148
0.992859 0.226783
0.680898 0.742729
0.839869 0.875973
0.709525 0.913694
0.579119 0.762108
0.53093 0.830805
0.770959 0.255745
0.850429 0.19068
0.992462 0.439924
0.986633 0.801416
0.870296 0.866634
0.968169 0.484451
0.296457 0.911924
0.00820948 0.0999786
0.7734 0.439314
0.858882 0.456374
0.414869 0.969481
0.840663 0.71511
0.952025 0.225623
0.417981 0.90994
0.486251 0.79461
0.667409 0.177801
0.692312 0.369396
0.445753 0.121982
0.760887 0.771905
0.360424 0.371868
0.882076 0.607105
0.744804 0.22898
0.122562 0.214667
0.155309 0.578326
0.997772 0.320566
0.0132145 0.00277718
0.708274 0.665334
0.711875 0.518754
0.740898 0.905454
0.248726 0.527726
0.72808 0.206
0.523484 0.44731
0.643941 0.923582
0.191595 0.310617
0.729484 0.299234
0.46321 0.833979
0.495773 0.179479
0.799707 0.159185
0.687033 0.997223
0.482437 0.297983
0.849696 0.0910367
0.477248 0.223853
0.995666 0.908658
0.537736 0.0780358
0.195135 0.121342
0.428114 0.858669
0.0261238 0.995483
0.826472 0.902921
0.555925 0.103641
0.431104 0.564379
0.79577 0.711844
0.807611 0.354686
0.437727 0.478195
0.225654 0.252235
0.950102 0.345561
0.722282 0.602985
0.799097 0.82638
0.612964 0.494552
0.493667 0.740867
0.649373 0.808161
0.717826 0.774285
0.418653 0.364574
0.789666 0.388043
0.725394 0.473434
0.975982 0.647908
0.306436 0.642384
0.7004 0.110263
0.883114 0.996674
0.449202 0.54329
0.977996 0.200415
0.144505 0.68273
0.290109 0.330149
0.990509 0.768487
0.587176 0.427595
0.461531 0.77752
0.214911 0.412152
0.304178 0.416791
0.926054 0.762078
0.576922 0.928098
0.10303 0.238044
0.317576 0.732139
0.934233 0.870357
0.577685 0.896512
0.816095 0.563982
0.0953703 0.60509
0.242805 1
0.95526 0.0186468
0.957427 0.371807
0.132389 0.820307
0.421918 0.775567
0.927061 0.661
0.524094 0.0386364
0.121006 0.973022
0.903165 0.871303
0.0951567 0.659169
0.107547 0.149083
0.91586 0.791192
0.160131 0.269082
0.538652 0.918302
0.990875 0.119602
0.288858 0.36314
0.331431 0.385327
0.118107 0.879635
0.0745567 0.852046
0.341899 0.309275
0.342296 0.0914945
0.914335 0.698508
0.275277 0.94763
0.923429 0.28196
0.239143 0.903073
0.239967 0.654897
0.203681 0.68273
0.965697 0.055269
0.668905 0.213507
0.0960723 0.390332
0.386212 0.830287
0.281594 0.66332
0.0460829 0.151372
0.717826 0.574664
0.799616 0.453139
0.068453 0.977264
0.84109 0.996185
0.607532 0.900174
0.169744 0.528825
0.475906 0.398236
0.230415 0.60741
0.502152 0.0600909
0.2884 0.225227
0.0036317 0.962645
0.999878 0.376415
0.304666 0.136174
0.460524 0.493362
0.560991 0.510758
0.299692 0.569719
0.00491348 0.893643
0.634938 0.839442
0.165136 0.70043
0.368969 0.312143
0.688223 0.557421
0.918546 0.976134
0.199408 0.781945
0.12598 0.185095
0.583422 0.710654
0.517136 0.719901
0.357677 0.736717
0.520524 0.142399
0.687613 0.692221
0.554125 0.0514847
0.375164 0.570666
0.855251 0.0549638
0.10828 0.939207
0.901578 0.404492
0.95938 0.90231
0.53206 0.760063
0.365429 0.262032
0.332316 0.563341
0.915769 0.127171
0.181127 0.0107425
0.385266 0.166234
0.651479 0.152684
0.739128 0.972137
0.468581 0.466994
0.58797 0.478469
0.835017 0.491379
0.431867 0.242714
0.562242 0.169652
0.164464 0.125401
0.44203 0.398724
0.180578 0.75045
0.849208 0.0200812
0.07416 0.320658
0.396527 0.86932
0.825251 0.443312
0.586688 0.606738
0.959838 0.526597
0.130284 0.494644
0.687826 0.937925
0.898617 0.345103
0.880642 0.22367
0.416822 0.719779
0.995361 0.177007
0.513108 0.00863674
0.959563 0.424635
0.156011 0.977813
0.731162 0.808649
0.79693 0.0206305
0.341227 0.876919
0.24781 0.579913
0.732475 0.055208
0.721946 0.405438
0.312632 0.0740684
0.847377 0.588641
0.109958 0.0941191
0.417219 0.142918
0.678121 0.800562
0.145268 0.015595
0.863918 0.681082
0.424085 0.269112
0.00384533 0.672811
0.644734 0.436964
0.225166 0.323923
0.250862 0.724693
0.812372 0.225257
0.447707 0.663442
0.776849 0.504196
0.686697 0.634053
0.00851466 0.535173
0.138524 0.789026
0.601306 0.99823
0.915403 0.168889
0.678518 0.00427259
0.74691 0.172002
0.257271 0.339152
0.369549 0.436537
0.0298776 0.571307
0.314737 0.306955
0.850917 0.965819
0.900784 0.550584
0.579394 0.540818
0.0820643 0.557512
0.379284 0.52855
0.655385 0.721641
0.893338 0.580767
0.321024 0.527573
0.00814844 0.704276
0.0326853 0.126743
0.691183 0.0795007
0.168615 0.486557
0.863186 0.502152
0.439467 0.890927
0.00134281 0.735069
0.450453 0.00595111
0.423231 0.00350963
0.0369274 0.452254
0.413221 0.93701
0.365429 0.0550249
0.309061 0.271157
0.750847 0.000976592
0.787347 0.675588
0.278542 0.30253
0.889187 0.48088
0.76165 0.99118
0.478256 0.364208
0.195227 0.601093
0.682852 0.517655
0.673391 0.441939
0.661641 0.858516
0.0762963 0.69573
0.549974 0.701529
0.941984 0.148259
0.00216681 0.476821
0.0578631 0.491623
0.764672 0.881252
0.370586 0.468062
0.999268 0.941465
0.21543 0.74926
0.0239875 0.645192
0.53444 0.565966
0.777734 0.178381
0.547014 0.663198
0.869411 0.766655
0.186987 0.162969
0.0903043 0.123081
0.522202 0.187994
0.00357067 0.222266
0.813471 0.772454
0.00469985 0.0289315
0.696707 0.265358
0.546678 0.224097
0.786706 0.543931
0.598437 0.243843
0.895901 0.0687582
0.649281 0.973571
0.320902 0.461715
0.461989 0.255562
0.848201 0.849391
0.966399 0.716391
0.415387 0.825373
0.274453 0.0155644
0.570238 0.844386
0.856166 0.118015
0.536088 0.417371
0.251045 0.93289
0.0501724 0.297342
0.825465 0.170476
0.118442 0.674367
0.340159 0.955199
0.0620441 0.792871
0.248939 0.4026
0.826594 0.129429
0.86932 0.294931
0.581866 0.120884
0.255104 0.239082
0.0731834 0.880581
0.509537 0.553697
0.227546 0.0489517
0.99762 0.568651
0.0992767 0.835658
0.653615 0.244972
0.362102 0.400006
0.458602 0.911313
0.0662862 0.193121
0.931608 0.617512
0.158818 0.807672
0.838038 0.752525
0.656514 0.621204
0.963469 0.59093
0.179724 0.0584429
0.0675069 0.580767
0.57271 0.330851
0.119755 0.734123
0.111393 0.307382
0.958861 0.62096
0.454146 0.284402
0.124271 0.704367
0.277871 0.775384
0.667287 0.100528
0.184973 0.250099
0.0917081 0.43907
0.730247 0.744407
0.139622 0.644765
0.584124 0.357402
0.713553 0.176977
0.93466 0.950316
0.0277413 0.799402
0.00228889 0.0658589
0.704886 0.9653
0.0661641 0.380749
0.0541398 0.263894
0.820856 0.0954924
0.417615 0.748314
0.590716 0.175603
0.39848 0.993316
0.493088 0.838099
0.338542 0.708548
0.355693 0.34022
0.175085 0.407636
0.823969 0.634938
0.00103763 0.192999
0.362957 0.902982
0.521775 0.286904
0.743217 0.428602
0.0408032 0.0951262
0.835536 0.415357
0.939329 0.494797
0.63744 0.127018
0.148839 0.737907
0.683584 0.238472
0.476211 0.15421
0.992981 0.0267953
0.365642 0.966643
0.766594 0.478622
0.363445 0.132878
0.787561 0.588977
0.704001 0.817347
0.0588702 0.0611591
0.760857 0.668996
0.778008 0.000549333
0.212989 0.00173955
0.54741 0.612812
0.9111 0.308512
0.996551 0.626942
0.840876 0.362835
0.724906 0.995849
0.895993 0.677267
0.365307 0.229011
0.449141 0.365795
0.246284 0.75338
0.2772 0.124943
0.392865 0.607654
0.217658 0.137059
0.132542 0.0558489
0.768334 0.956511
0.76812 0.409864
0.757714 0.284555
0.146855 0.465835
0.0609455 0.910825
0.829066 0.5197
0.658345 0.999695
0.850581 0.388928
0.141911 0.907681
0.0445875 0.0292062
0.318064 0.762322
0.983642 0.833674
0.556688 0.00817896
0.348399 0.521226
0.134312 0.249123
0.408765 0.320597
0.881802 0.194586
0.810114 0.992462
0.720878 0.886685
0.612629 0.0714438
0.81872 0.804407
0.895199 0.286172
0.18186 0.0907926
0.987182 0.50441
0.749229 0.503555
0.545824 0.945006
0.000549333 0.804773
0.473983 0.688406
0.62038 0.0137028
0.700552 0.202277
0.111911 0.338267
0.596393 0.401776
0.183721 0.653554
0.417035 0.213904
0.808679 0.192572
0.623188 0.556688
0.636372 0.651875
0.755791 0.199499
0.291696 0.883938
0.49617 0.61507
0.0753807 0.635517
0.506668 0.522233
0.574297 0.227088
0.499374 0.466567
0.568041 0.196844
0.211432 0.989013
0.256081 0.835017
0.93292 0.00231941
0.266671 0.905515
0.693197 0.87109
0.369549 0.874111
0.844783 0.561052
0.665212 0.366405
0.143956 0.551744
0.669271 0.300912
0.954131 0.283975
0.597064 0.831355
0.22425 0.515824
0.212134 0.906247
0.414869 0.400342
0.223609 0.879086
0.63918 0.378033
0.911466 0.0921049
0.17365 0.555742
0.0327464 0.968474
0.808618 0.484756
0.182958 0.353191
0.726157 0.377514
0.924558 0.841884
0.115818 0.0119327
0.504868 0.415571
0.64742 0.494613
0.662893 0.948973
0.00292978 0.507187
0.551469 0.542894
0.819727 0.00589007
0.432997 0.594378
0.0904874 0.467879
0.0961943 0.201819
0.768365 0.0838954
0.971587 0.552232
0.444624 0.965667
0.133274 0.615833
0.670644 0.131718
0.344005 0.282205
0.55327 0.778252
0.0622272 0.124119
0.886441 0.126286
0.560045 0.48207
0.552782 0.288156
0.935484 0.810114
0.749077 0.0291147
0.292093 0.484787
0.216681 0.582537
0.262062 0.465773
0.222816 0.106326
0.572802 0.0307321
0.239906 0.553697
0.760582 0.535813
0.37785 3.05185e-05
0.35612 0.547624
0.993438 0.707633
0.484787 0.32551
0.200385 0.487564
0.0323496 0.521287
0.466414 0.100406
0.000701926 0.630238
0.259407 0.0929899
0.868404 0.3408
0.400342 0.634693
0.330058 0.814722
0.890652 0.844935
0.907376 0.936613
0.313364 0.865566
0.757622 0.637165
0.333659 0.593005
0.818628 0.696921
0.99588 0.147069
0.454634 0.423811
0.253273 0.269021
0.87875 0.926359
0.224189 0.385083
0.330393 0.0255135
0.666036 0.541581
0.610126 0.119755
0.290811 0.970275
0.429579 0.338145
0.605792 0.693045
0.775689 0.362102
0.127812 0.436781
0.113102 0.801141
0.822291 0.965911
0.52382 0.364147
0.347667 0.452925
0.446211 0.716422
0.797845 0.262795
0.000396741 0.289804
0.385357 0.925047
0.173742 0.949492
0.629109 0.998596
0.593768 0.95117
0.482711 0.933378
0.7051 0.0548418
0.565752 0.999329
0.443586 0.150487
0.744468 0.58681
0.588946 0.50737
3.05185e-05 0.394574
0.811335 0.65981
0.498795 0.382061
0.422376 0.0650349
0.173498 0.918119
0.45085 0.0647908
0.733818 0.835841
0.655965 0.0282601
0.000305185 0.922086
0.754082 0.31196
0.70513 0.491928
0.486648 0.888882
0.670492 0.91702
0.847987 0.650075
0.083346 0.775262
0.0843837 0.924528
0.40965 0.0911588
