945
0.817865 0.476302
0.227302 0.812159
0.992767 0.799554
0.372143 0.0595721
0.128574 0.986206
0.344218 0.604022
0.943541 0.706442
0.158849 0.821833
0.541368 0.45024
0.442366 0.0454115
0.79049 0.515274
0.0933866 0.704611
0.525193 0.52794
0.34434 0.266427
0.350566 0.154057
0.254952 0.88052
0.168218 0.135411
0.350536 0.446486
0.406384 0.313761
0.019013 0.185034
0.649586 0.443831
0.770501 0.343577
0.421552 0.926298
0.305094 0.662862
0.0870083 0.882137
0.113987 0.607379
0.938688 0.875301
0.679525 0.707236
0.954894 0.764122
0.692526 0.147923
0.606616 0.647938
0.095645 0.0662557
0.62682 0.787316
0.50148 0.105533
0.624866 0.570849
0.621387 0.923002
0.802667 0.878079
0.805048 0.175237
0.278817 0.823023
0.633198 0.352245
0.908353 0.836238
0.387127 0.212622
0.355724 0.404859
0.310038 0.473556
0.736076 0.018891
0.470504 0.181585
0.451796 0.127537
0.0507828 0.700644
0.179327 0.897488
0.463332 0.555559
0.557482 0.272195
0.798212 0.215033
0.463942 0.267403
0.561388 0.00125126
0.911039 0.409223
0.985626 0.28309
0.694418 0.608325
0.606738 0.165777
0.00106815 0.932035
0.473983 0.589068
0.0975372 0.219398
0.665273 0.147191
0.580981 0.634602
0.928007 0.627827
0.459792 0.655385
0.0365612 0.361461
0.363659 0.779534
0.946318 0.460677
0.830103 0.341044
0.988617 0.104587
0.123783 0.169164
0.610401 0.395947
0.687765 0.438734
0.0912198 0.563463
0.850307 0.784875
0.626789 0.0864895
0.563707 0.995605
0.84579 0.185125
0.653798 0.0819422
0.911588 0.730308
0.90173 0.353893
0.0505387 0.443129
0.391552 0.946654
0.243751 0.474654
0.780267 0.590869
0.691671 0.554613
0.680197 0.0288705
0.700583 0.349864
0.455458 0.339305
0.503281 0.812311
0.239875 0.121158
0.801111 0.842189
0.819544 0.0557573
0.931425 0.783441
0.775872 0.823695
0.0052797 0.564776
0.834712 0.896237
0.748436 0.24015
0.226081 0.0736717
0.047853 0.275155
0.541551 0.203833
0.229621 0.198309
0.277169 0.751213
0.700705 0.727226
0.335032 0.679128
0.978637 0.609821
0.713462 0.173589
0.766198 0.953795
0.77105 0.00335704
0.831019 0.412244
0.194555 0.370525
0.389447 0.0375378
0.580004 0.906186
0.554369 0.684194
0.707816 0.989044
0.815149 0.649464
0.743034 0.56859
0.585192 0.119449
0.0725425 0.121311
0.219916 0.69042
0.659841 0.282357
0.325877 0.627674
0.740074 0.393994
0.825404 0.75161
0.612049 0.712729
0.403943 0.833918
0.710288 0.839198
0.367779 0.654622
0.820368 0.812403
0.16483 0.232643
0.821162 0.677602
0.481643 0.382153
0.0172735 0.322001
0.167791 0.291086
0.809229 0.127445
0.444838 0.505936
0.36668 0.568529
0.295785 0.886654
0.983245 0.0250252
0.588122 0.283853
0.189581 0.549852
0.568438 0.719901
0.0487686 0.928709
0.774468 0.438185
0.370861 0.720695
0.777429 0.984222
0.88934 0.231849
0.627796 0.877865
0.188635 0.449812
0.456374 0.454634
0.741356 0.530564
0.233924 0.353648
0.56444 0.325144
0.205115 0.93585
0.56093 0.946165
0.850581 0.50853
0.158422 0.678793
0.127384 0.0322275
0.431532 0.621387
0.99292 0.43556
0.794824 0.0786157
0.372417 0.865444
0.332987 0.381268
0.511917 0.9082
0.229316 0.65334
0.428571 0.111057
0.089114 0.427534
0.648396 0.181158
0.650197 0.55034
0.900357 0.282662
0.588153 0.565752
0.69631 0.377697
0.824854 0.378246
0.427595 0.468795
0.74807 0.872005
0.619373 0.206824
0.459426 0.0755028
0.215278 0.419172
0.675741 0.588031
0.845973 0.832911
0.341319 0.0796838
0.099704 0.534776
0.526536 0.737785
0.248634 0.0133976
0.770318 0.316233
0.484054 0.501419
0.557024 0.227515
0.760857 0.769951
0.6845 0.308176
0.256539 0.689077
0.851039 0.609241
0.234535 0.261788
0.161412 0.945677
0.13184 0.249855
0.477828 0.918393
0.433851 0.197729
0.00994903 0.657552
0.214179 0.172857
0.933805 0.534959
0.244972 0.939085
0.790246 0.719108
0.861751 0.386822
0.380871 0.27073
0.720969 0.0949126
0.0583209 0.245735
0.950224 0.0382092
0.191931 0.777947
0.32313 0.519639
0.834864 0.306894
0.47438 0.703055
0.877926 0.108066
0.641072 0.40846
0.397412 0.886624
0.561968 0.0734886
0.598285 0.981048
0.0400403 0.797327
0.980499 0.522721
0.70629 0.416242
0.0565813 0.982574
0.0734581 0.299051
0.191015 0.840602
0.385205 0.479782
0.885433 0.476791
0.26072 0.974487
0.0209357 0.261238
0.0724204 0.528642
0.533311 0.771996
0.672445 0.344981
0.921384 0.218513
0.618763 0.454604
0.181646 0.160955
0.222571 0.76278
0.512406 0.584002
0.19953 0.10007
0.52504 0.985137
0.479324 0.82638
0.265511 0.156987
0.406049 0.737632
0.459212 0.787744
0.896084 0.0681173
0.67156 0.499374
0.633229 0.0289926
0.55327 0.569567
0.491501 0.0607318
0.105106 0.943724
0.677511 0.922422
0.296335 0.935942
0.401349 0.987487
0.0513321 0.840022
0.422956 0.811457
0.523759 0.855098
0.916837 0.319956
0.579363 0.192938
0.28196 0.410657
0.546983 0.108554
0.898953 0.0102847
0.0628376 0.658162
0.254555 0.0425123
0.274636 0.30726
0.971221 0.34788
0.650807 0.327494
0.246498 0.777337
0.508957 0.416028
0.314463 0.995941
0.550768 0.878384
0.839228 0.118961
0.142033 0.102573
0.332224 0.205573
0.710593 0.884152
0.994354 0.560808
0.770867 0.154698
0.117771 0.749474
0.197546 0.606586
0.271279 0.646352
0.672719 0.805475
0.043672 0.59389
0.404859 0.661245
0.339274 0.961333
0.634175 0.976684
0.431898 0.420331
0.611133 0.48088
0.93054 0.941526
0.718772 0.786004
0.398633 0.584094
0.0586566 0.739006
0.295419 0.604755
0.927793 0.144749
0.618824 0.272103
0.0831324 0.370708
0.778344 0.656667
0.577227 0.510941
0.0885037 0.623463
0.494766 0.650197
0.00173955 0.870113
0.264107 0.591357
0.373302 0.919065
0.0679037 0.861598
0.395306 0.145238
0.504196 0.461989
0.881283 0.509018
0.560808 0.134342
0.217872 0.297678
0.10773 0.909604
0.288369 0.777032
0.788812 0.93524
0.54741 0.493088
0.977508 0.909177
0.25959 0.232582
0.627369 0.13358
0.0435499 0.0956755
0.858608 0.00350963
0.26957 0.0968352
0.0545976 0.415052
0.710624 0.949126
0.962951 0.320994
0.189917 0.672445
0.172033 0.023133
0.311197 0.72924
0.710044 0.318308
0.575182 0.857936
0.454543 0.0150761
0.0243843 0.84875
0.943815 0.274453
0.0245064 0.686605
0.0488907 0.159978
0.00195318 0.143132
0.987945 0.254982
0.30372 0.245491
0.267281 0.518784
0.706778 0.215247
0.272713 0.450789
0.735557 0.141331
0.684988 0.238655
0.0724509 0.768365
0.651997 0.382336
0.962615 0.210089
0.0958586 0.274148
0.571917 0.662709
0.802667 0.351634
0.533891 0.829035
0.300088 0.386853
0.896206 0.701865
0.759362 0.730338
0.790094 0.467788
0.0389111 0.486923
0.0815149 0.014069
0.662648 0.254738
0.575365 0.377453
0.858058 0.350871
0.783074 0.111545
0.974548 0.149754
0.597736 0.786462
0.62093 0.838923
0.750603 0.628742
0.428144 0.383465
0.928465 0.567156
0.863979 0.299478
0.375164 0.0105289
0.989318 0.481979
0.966674 0.375927
0.803796 0.316416
0.921567 0.508591
0.683828 0.780633
0.493912 0.00103763
0.985565 0.952055
0.129521 0.135685
0.817347 0.257027
0.0968963 0.316355
0.0934172 0.80105
0.0261544 0.414045
0.514145 0.277566
0.658284 0.768761
0.99942 0.319956
0.380993 0.748283
0.967803 0.640767
0.278909 0.859523
0.733543 0.460707
0.14127 0.28431
0.15183 0.608905
0.800043 0.428297
0.748436 0.82931
0.270455 0.196448
0.880886 0.154271
0.222938 0.84405
0.51851 0.324625
0.543321 0.0505387
0.328562 0.807794
0.686819 0.651204
0.725455 0.655934
0.00277718 0.478408
0.632954 0.505264
0.383923 0.336589
0.202033 0.324992
0.0560625 0.0678426
0.657186 0.730796
0.0358592 0.636982
0.00537126 0.0633869
0.992859 0.83871
0.880276 0.426069
0.273537 0.549669
0.0229499 0.991913
0.493728 0.955168
0.746879 0.186285
0.0253609 0.0366222
0.341197 0.4738
0.0534684 0.206488
0.880734 0.854396
0.490829 0.13773
0.327525 0.295144
0.345134 0.881252
0.403943 0.771294
0.766198 0.688498
0.656331 0.616565
0.463881 0.739891
0.679678 0.0915555
0.145451 0.846156
0.151372 0.423841
0.425977 0.962737
0.779962 0.285592
0.863948 0.922269
0.118076 0.498032
0.479873 0.209265
0.656301 0.678304
0.745781 0.0545061
0.893002 0.537217
0.917875 0.183813
0.0415052 0.00485244
0.580432 0.0354015
0.455031 0.371563
0.314951 0.839778
0.945677 0.111728
0.0875576 0.461928
0.742515 0.290048
0.61037 0.523667
0.509659 0.24015
0.959197 0.837672
0.922056 0.376324
0.598315 0.358989
0.300638 0.190313
0.911588 0.879421
0.121586 0.349925
0.862484 0.654866
0.854183 0.145421
0.609424 0.327128
0.549913 0.794488
0.19187 0.0702231
0.833308 0.925291
0.0893277 0.175512
0.284249 0.357738
0.830866 0.988495
0.49913 0.536088
0.547288 0.400678
0.338359 0.912992
0.665334 0.999298
0.788324 0.760826
0.351054 0.3502
0.849879 0.967315
0.220771 0.591876
0.624439 0.239051
0.0635395 0.814905
0.493789 0.353984
0.392468 0.509598
0.576525 0.755272
0.169347 0.528672
0.124851 0.651784
0.256294 0.806207
0.159825 0.744224
0.112186 0.380688
0.147862 0.70745
0.96643 0.0661031
0.179205 0.712424
0.431074 0.559893
0.477401 0.992492
0.491592 0.78338
0.992737 0.655873
0.12595 0.562273
0.721641 0.592853
0.277047 0.25898
0.849696 0.68041
0.178899 0.418592
0.660756 0.894803
0.188238 0.501541
0.365947 0.522324
0.410749 0.281411
0.00317392 0.230506
0.817286 0.59975
0.953764 0.956816
0.478469 0.866268
0.648366 0.00274667
0.923978 0.755608
0.738456 0.909329
0.679861 0.191992
0.824671 0.207892
0.880886 0.993225
0.611255 0.676931
0.428938 0.159215
0.172277 0.865871
0.548051 0.302225
0.0319834 0.557939
0.95996 0.4897
0.244606 0.735038
0.449995 0.877377
0.764946 0.920804
0.547868 0.610767
0.97763 0.989746
0.526048 0.692282
0.582629 0.603015
0.87347 0.0459914
0.531449 0.0250252
0.157964 0.494736
0.0257576 0.885311
0.703085 0.520524
0.818262 0.704703
0.674062 0.841182
0.000244148 0.510361
0.201758 0.198157
0.314982 0.0367138
0.47438 0.0338755
0.604541 0.0705588
0.705771 0.691794
0.363353 0.62566
0.29371 0.975341
0.171728 0.0980254
0.121616 0.819941
0.850398 0.730186
0.689505 0.0564898
0.382977 0.175085
0.432051 0.649434
0.220771 0.0330515
0.447615 0.707938
0.159307 0.572069
0.897366 0.591937
0.605213 0.815668
0.404035 0.36317
0.303446 0.560259
0.858119 0.757408
0.705832 0.757622
0.755943 0.091464
0.156651 0.979888
0.146702 0.792932
0.135807 0.218024
0.547655 0.363689
0.920743 0.970092
0.497787 0.177007
0.366649 0.312632
0.461379 0.306711
0.22251 0.386883
0.0902737 0.0981475
0.160772 0.635121
0.0630818 0.898068
0.265145 0.909024
0.997925 0.714591
0.042909 0.524857
0.831446 0.446364
0.300851 0.000244148
0.918546 0.0994598
0.732017 0.700156
0.173193 0.199744
0.852077 0.544725
0.206122 0.231635
0.787927 0.552141
0.608997 0.753746
0.743187 0.994659
0.215217 0.474593
0.937346 0.423078
0.909696 0.656148
0.918607 0.256081
0.889431 0.633137
0.869533 0.263955
0.346934 0.834498
0.712058 0.276955
0.314341 0.768426
0.407056 0.0627155
0.590869 0.0102542
0.247475 0.425214
0.350627 0.739586
0.113804 0.851344
0.218543 0.504624
0.204016 0.973754
0.0956755 0.990783
0.133976 0.898404
0.00253304 0.373516
0.463057 0.404584
0.59801 0.431257
0.44673 0.988983
0.908261 0.440199
0.325663 0.111728
0.00820948 0.116428
0.832179 0.0255745
0.284341 0.697562
0.295724 0.0856654
0.568712 0.446699
0.873623 0.825709
0.162114 0.459029
0.596026 0.224403
0.861354 0.451888
0.451521 0.951537
0.603687 0.944273
0.333201 0.00616474
0.520035 0.0843837
0.15772 0.348216
0.733207 0.335429
0.952269 0.587512
0.77514 0.25016
0.305643 0.441267
0.0199591 0.453719
0.366039 0.68807
0.705039 0.473098
0.442274 0.906125
0.565966 0.540269
0.009888 0.782922
0.964995 0.794244
0.512772 0.378307
0.892239 0.759667
0.395398 0.402539
0.00701926 0.726493
0.882229 0.72805
0.983245 0.739464
0.426466 0.862148
0.453139 0.238746
0.12363 0.440199
0.0881985 0.672781
0.803003 0.784387
0.972686 0.403912
0.888882 0.9541
0.308939 0.328043
0.957854 0.242805
0.665853 0.966643
0.684896 0.867458
0.303598 0.154546
0.941404 0.913663
0.217933 0.725455
0.0893887 0.830378
0.978454 0.862026
0.79989 0.909391
0.948302 0.663564
0.298898 0.292764
0.355296 0.186895
0.934812 0.0632344
0.270547 0.72158
0.124332 0.411481
0.22486 0.889126
0.995788 0.196081
0.519791 0.633442
0.951994 0.179418
0.00506607 0.963042
0.341746 0.23896
0.851436 0.0868557
0.56444 0.825465
0.148473 0.0717795
0.510788 0.490036
0.168401 0.262886
0.915159 0.805994
0.633778 0.641133
0.814142 0.0993072
0.819666 0.535905
0.653035 0.225318
0.812708 0.954436
0.386242 0.548631
0.421064 0.0159307
0.0111087 0.601428
0.475204 0.434889
0.0693991 0.603107
0.256172 0.336619
0.0383312 0.763298
0.781396 0.388836
0.274209 0.480758
0.915586 0.476821
0.36784 0.107334
0.835902 0.235511
0.423322 0.244148
0.957274 0.00418104
0.878201 0.195685
0.146123 0.38142
0.39964 0.104587
0.203894 0.00460829
0.205786 0.6386
0.259713 0.283517
0.375408 0.369732
0.718802 0.0675069
0.495651 0.615345
0.249916 0.626301
0.100406 0.134129
0.966887 0.691671
0.72747 0.493942
0.485977 0.321177
0.405286 0.444197
0.200049 0.276864
0.879147 0.325938
0.671468 0.532731
0.753044 0.212867
0.492508 0.72808
0.0643025 0.556047
0.12946 0.681753
0.836238 0.866176
0.370373 0.994018
0.93054 0.00982696
0.00955229 0.755119
0.289987 0.0580157
0.748833 0.596759
0.0831019 0.491348
0.338328 0.709799
0.339946 0.553331
0.772301 0.892666
0.426862 0.342479
0.749657 0.423048
0.492477 0.680807
0.609149 0.596881
0.232337 0.988525
0.899655 0.923246
0.994964 0.0514237
0.46675 0.150914
0.704886 0.0134281
0.430067 0.530778
0.470992 0.629597
0.517441 0.131413
0.882168 0.89581
0.374523 0.826868
0.0484024 0.324839
0.783593 0.0412
0.177709 0.801904
0.53975 0.658467
0.537095 0.92233
0.409955 0.706076
0.503555 0.878506
0.638936 0.812799
0.145939 0.32194
0.926878 0.683523
0.029725 0.136631
0.275765 0.130314
0.882839 0.797723
0.0148625 0.29191
0.862484 0.572802
0.256142 0.389386
0.223365 0.14658
0.406873 0.633045
0.0365001 0.953459
0.44673 0.586718
0.738182 0.748711
0.301187 0.218055
0.842402 0.275552
0.0255745 0.211585
0.890194 0.389019
0.809564 0.0100101
0.368816 0.964873
0.286721 0.0302133
0.395184 0.241768
0.538835 0.159764
0.758202 0.493942
0.00286874 0.812647
0.818903 0.564806
0.777795 0.624348
0.886959 0.671773
0.116855 0.00259407
0.250282 0.836482
0.957244 0.557207
0.230079 0.536271
0.732292 0.966582
0.129307 0.530137
0.294687 0.511582
0.102115 0.77517
0.0722678 0.956358
0.436781 0.751701
0.338206 0.321177
0.122715 0.0597552
0.394208 0.801904
0.345286 0.0462661
0.913724 0.996979
0.600696 0.887631
0.448805 0.843226
0.850795 0.478683
0.180364 0.998321
0.744377 0.79873
0.135624 0.467696
0.694479 0.114536
0.0732139 0.0411695
0.984222 0.768578
0.705252 0.918241
0.864742 0.706564
0.0702536 0.345347
0.574511 0.165349
0.904935 0.038789
0.933042 0.347575
0.0140385 0.00210578
0.645527 0.473128
0.999878 0.1395
0.72631 0.368511
0.0884732 0.740532
6.1037e-05 0.404096
0.15482 0.176336
0.0838649 0.399518
0.677114 0.467666
0.121006 0.713828
0.715567 0.242622
0.899411 0.130741
0.48677 0.286325
0.670888 0.411664
0.473525 0.10593
0.822535 0.153539
0.94116 0.988403
0.119724 0.301279
0.647145 0.588031
0.636067 0.304239
0.502121 0.756493
0.655446 0.0477615
0.665914 0.119663
0.656514 0.866115
0.222907 0.44676
0.375378 0.432844
0.576678 0.410047
0.587054 0.698111
0.330515 0.417402
0.861843 0.218146
0.578295 0.251076
0.0349132 0.723563
0.994385 0.22718
0.136998 0.92935
0.576067 0.475936
0.244606 0.569018
0.995422 0.360393
0.00152593 0.345836
0.955718 0.734794
0.198218 0.12891
0.768609 0.85049
0.50972 0.209021
0.343364 0.997742
0.518723 0.557115
0.521989 0.95117
0.965728 0.438093
0.117191 0.0902432
0.0136723 0.0896939
0.719504 0.551653
0.999664 0.000427259
0.630085 0.0577105
0.81872 0.507645
0.244209 0.307413
0.130222 0.957732
0.649068 0.938078
0.723685 0.62273
0.191687 0.740959
0.700095 0.813074
0.777306 0.187567
0.0104373 0.53737
0.757408 0.123783
0.430128 0.0802942
0.0794397 0.923673
0.271859 0.948637
0.811274 0.283547
0.634236 0.695273
0.430372 0.68627
0.275735 0.99942
0.793573 0.685446
0.619373 0.999542
0.470626 0.52794
0.387524 0.609577
0.997101 0.388043
0.533464 0.255654
0.0622272 0.472213
0.40727 0.188604
0.434065 0.302347
0.319437 0.591082
0.462874 0.484298
0.0488296 0.386853
0.215003 0.561052
0.323618 0.353771
0.741752 0.93759
0.0874355 0.246498
0.00146489 0.628559
0.760948 0.464187
0.253945 0.0700095
0.712027 0.0405591
0.753655 0.365184
0.176305 0.391156
0.146916 0.00985748
0.838527 0.634022
0.346721 0.500931
0.489547 0.563951
0.142735 0.765618
0.943785 0.813776
0.999939 0.686819
0.301309 0.801538
0.169561 0.0542924
0.998016 0.883877
0.359569 0.215522
0.847346 0.0553606
0.803644 0.995941
0.416333 0.496323
0.638081 0.750297
0.201544 0.865749
0.480483 0.24366
0.311075 0.911893
0.243446 0.174291
0.313974 0.697317
0.503464 0.0361644
0.319712 0.869716
0.861293 0.877651
0.00402844 0.90466
0.327799 0.176702
0.186743 0.579211
0.324351 0.937681
0.430616 0.783441
0.945219 0.394757
0.316721 0.0660726
0.297952 0.634816
0.174169 0.320017
0.618793 0.00592059
0.775628 0.794031
0.317362 0.269906
0.435804 0.270608
0.612476 0.109806
0.995972 0.167028
0.1142 0.878994
0.414197 0.218146
0.452193 0.814875
0.339396 0.651692
0.584826 0.0913114
0.926572 0.598468
0.110416 0.19425
0.999908 0.591143
0.941771 0.301706
0.522446 0.351909
0.548753 0.971313
0.0758995 0.151677
0.327097 0.139988
0.000427259 0.433149
0.607715 0.0415357
0.193365 0.0406507
0.901151 0.56386
0.677053 0.000274667
0.272774 0.000366222
0.768578 0.531846
0.232795 0.225684
0.998535 0.0784631
3.05185e-05 0.700125
0.22599 0.918241
0.677847 0.74984
0.298044 0.113254
0.999573 0.629139
0.146031 0.873959
0.806635 0.399609
0.353862 0.938108
0.752098 0.664022
0.933042 0.848415
0.999237 0.926389
0.603381 0.860225
