964
0 0.0247436
0 0.0742308
0 0.123718
0 0.173205
0 0.222692
0 0.272179
0 0.321667
0 0.371154
0 0.420641
0 0.470128
0 0.519615
0 0.569102
0 0.61859
0 0.668077
0 0.717564
0 0.767051
0 0.816538
0 0.866025
0 0.915513
0 0.965
0.0428571 0
0.0428571 0.0494872
0.0428571 0.0989743
0.0428571 0.148462
0.0428571 0.197949
0.0428571 0.247436
0.0428571 0.296923
0.0428571 0.34641
0.0428571 0.395897
0.0428571 0.445385
0.0428571 0.494872
0.0428571 0.544359
0.0428571 0.593846
0.0428571 0.643333
0.0428571 0.69282
0.0428571 0.742308
0.0428571 0.791795
0.0428571 0.841282
0.0428571 0.890769
0.0428571 0.940256
0.0428571 0.989743
0.0857143 0.0247436
0.0857143 0.0742308
0.0857143 0.123718
0.0857143 0.173205
0.0857143 0.222692
0.0857143 0.272179
0.0857143 0.321667
0.0857143 0.371154
0.0857143 0.420641
0.0857143 0.470128
0.0857143 0.519615
0.0857143 0.569102
0.0857143 0.61859
0.0857143 0.668077
0.0857143 0.717564
0.0857143 0.767051
0.0857143 0.816538
0.0857143 0.866025
0.0857143 0.915513
0.0857143 0.965
0.128571 0
0.128571 0.0494872
0.128571 0.0989743
0.128571 0.148462
0.128571 0.197949
0.128571 0.247436
0.128571 0.296923
0.128571 0.34641
0.128571 0.395897
0.128571 0.445385
0.128571 0.494872
0.128571 0.544359
0.128571 0.593846
0.128571 0.643333
0.128571 0.69282
0.128571 0.742308
0.128571 0.791795
0.128571 0.841282
0.128571 0.890769
0.128571 0.940256
0.128571 0.989743
0.171429 0.0247436
0.171429 0.0742308
0.171429 0.123718
0.171429 0.173205
0.171429 0.222692
0.171429 0.272179
0.171429 0.321667
0.171429 0.371154
0.171429 0.420641
0.171429 0.470128
0.171429 0.519615
0.171429 0.569102
0.171429 0.61859
0.171429 0.668077
0.171429 0.717564
0.171429 0.767051
0.171429 0.816538
0.171429 0.866025
0.171429 0.915513
0.171429 0.965
0.214286 0
0.214286 0.0494872
0.214286 0.0989743
0.214286 0.148462
0.214286 0.197949
0.214286 0.247436
0.214286 0.296923
0.214286 0.34641
0.214286 0.395897
0.214286 0.445385
0.214286 0.494872
0.214286 0.544359
0.214286 0.593846
0.214286 0.643333
0.214286 0.69282
0.214286 0.742308
0.214286 0.791795
0.214286 0.841282
0.214286 0.890769
0.214286 0.940256
0.214286 0.989743
0.257143 0.0247436
0.257143 0.0742308
0.257143 0.123718
0.257143 0.173205
0.257143 0.222692
0.257143 0.272179
0.257143 0.321667
0.257143 0.371154
0.257143 0.420641
0.257143 0.470128
0.257143 0.519615
0.257143 0.569102
0.257143 0.61859
0.257143 0.668077
0.257143 0.717564
0.257143 0.767051
0.257143 0.816538
0.257143 0.866025
0.257143 0.915513
0.257143 0.965
0.3 0
0.3 0.0494872
0.3 0.0989743
0.3 0.148462
0.3 0.197949
0.3 0.247436
0.3 0.296923
0.3 0.34641
0.3 0.395897
0.3 0.445385
0.3 0.494872
0.3 0.544359
0.3 0.593846
0.3 0.643333
0.3 0.69282
0.3 0.742308
0.3 0.791795
0.3 0.841282
0.3 0.890769
0.3 0.940256
0.3 0.989743
0.342857 0.0247436
0.342857 0.0742308
0.342857 0.123718
0.342857 0.173205
0.342857 0.222692
0.342857 0.272179
0.342857 0.321667
0.342857 0.371154
0.342857 0.420641
0.342857 0.470128
0.342857 0.519615
0.342857 0.569102
0.342857 0.61859
0.342857 0.668077
0.342857 0.717564
0.342857 0.767051
0.342857 0.816538
0.342857 0.866025
0.342857 0.915513
0.342857 0.965
0.385714 0
0.385714 0.0494872
0.385714 0.0989743
0.385714 0.148462
0.385714 0.197949
0.385714 0.247436
0.385714 0.296923
0.385714 0.34641
0.385714 0.395897
0.385714 0.445385
0.385714 0.494872
0.385714 0.544359
0.385714 0.593846
0.385714 0.643333
0.385714 0.69282
0.385714 0.742308
0.385714 0.791795
0.385714 0.841282
0.385714 0.890769
0.385714 0.940256
0.385714 0.989743
0.428571 0.0247436
0.428571 0.0742308
0.428571 0.123718
0.428571 0.173205
0.428571 0.222692
0.428571 0.272179
0.428571 0.321667
0.428571 0.371154
0.428571 0.420641
0.428571 0.470128
0.428571 0.519615
0.428571 0.569102
0.428571 0.61859
0.428571 0.668077
0.428571 0.717564
0.428571 0.767051
0.428571 0.816538
0.428571 0.866025
0.428571 0.915513
0.428571 0.965
0.471429 0
0.471429 0.0494872
0.471429 0.0989743
0.471429 0.148462
0.471429 0.197949
0.471429 0.247436
0.471429 0.296923
0.471429 0.34641
0.471429 0.395897
0.471429 0.445385
0.471429 0.494872
0.471429 0.544359
0.471429 0.593846
0.471429 0.643333
0.471429 0.69282
0.471429 0.742308
0.471429 0.791795
0.471429 0.841282
0.471429 0.890769
0.471429 0.940256
0.471429 0.989743
0.514286 0.0247436
0.514286 0.0742308
0.514286 0.123718
0.514286 0.173205
0.514286 0.222692
0.514286 0.272179
0.514286 0.321667
0.514286 0.371154
0.514286 0.420641
0.514286 0.470128
0.514286 0.519615
0.514286 0.569102
0.514286 0.61859
0.514286 0.668077
0.514286 0.717564
0.514286 0.767051
0.514286 0.816538
0.514286 0.866025
0.514286 0.915513
0.514286 0.965
0.557143 0
0.557143 0.0494872
0.557143 0.0989743
0.557143 0.148462
0.557143 0.197949
0.557143 0.247436
0.557143 0.296923
0.557143 0.34641
0.557143 0.395897
0.557143 0.445385
0.557143 0.494872
0.557143 0.544359
0.557143 0.593846
0.557143 0.643333
0.557143 0.69282
0.557143 0.742308
0.557143 0.791795
0.557143 0.841282
0.557143 0.890769
0.557143 0.940256
0.557143 0.989743
0.6 0.0247436
0.6 0.0742308
0.6 0.123718
0.6 0.173205
0.6 0.222692
0.6 0.272179
0.6 0.321667
0.6 0.371154
0.6 0.420641
0.6 0.470128
0.6 0.519615
0.6 0.569102
0.6 0.61859
0.6 0.668077
0.6 0.717564
0.6 0.767051
0.6 0.816538
0.6 0.866025
0.6 0.915513
0.6 0.965
0.642857 0
0.642857 0.0494872
0.642857 0.0989743
0.642857 0.148462
0.642857 0.197949
0.642857 0.247436
0.642857 0.296923
0.642857 0.34641
0.642857 0.395897
0.642857 0.445385
0.642857 0.494872
0.642857 0.544359
0.642857 0.593846
0.642857 0.643333
0.642857 0.69282
0.642857 0.742308
0.642857 0.791795
0.642857 0.841282
0.642857 0.890769
0.642857 0.940256
0.642857 0.989743
0.685714 0.0247436
0.685714 0.0742308
0.685714 0.123718
0.685714 0.173205
0.685714 0.222692
0.685714 0.272179
0.685714 0.321667
0.685714 0.371154
0.685714 0.420641
0.685714 0.470128
0.685714 0.519615
0.685714 0.569102
0.685714 0.61859
0.685714 0.668077
0.685714 0.717564
0.685714 0.767051
0.685714 0.816538
0.685714 0.866025
0.685714 0.915513
0.685714 0.965
0.728571 0
0.728571 0.0494872
0.728571 0.0989743
0.728571 0.148462
0.728571 0.197949
0.728571 0.247436
0.728571 0.296923
0.728571 0.34641
0.728571 0.395897
0.728571 0.445385
0.728571 0.494872
0.728571 0.544359
0.728571 0.593846
0.728571 0.643333
0.728571 0.69282
0.728571 0.742308
0.728571 0.791795
0.728571 0.841282
0.728571 0.890769
0.728571 0.940256
0.728571 0.989743
0.771429 0.0247436
0.771429 0.0742308
0.771429 0.123718
0.771429 0.173205
0.771429 0.222692
0.771429 0.272179
0.771429 0.321667
0.771429 0.371154
0.771429 0.420641
0.771429 0.470128
0.771429 0.519615
0.771429 0.569102
0.771429 0.61859
0.771429 0.668077
0.771429 0.717564
0.771429 0.767051
0.771429 0.816538
0.771429 0.866025
0.771429 0.915513
0.771429 0.965
0.814286 0
0.814286 0.0494872
0.814286 0.0989743
0.814286 0.148462
0.814286 0.197949
0.814286 0.247436
0.814286 0.296923
0.814286 0.34641
0.814286 0.395897
0.814286 0.445385
0.814286 0.494872
0.814286 0.544359
0.814286 0.593846
0.814286 0.643333
0.814286 0.69282
0.814286 0.742308
0.814286 0.791795
0.814286 0.841282
0.814286 0.890769
0.814286 0.940256
0.814286 0.989743
0.857143 0.0247436
0.857143 0.0742308
0.857143 0.123718
0.857143 0.173205
0.857143 0.222692
0.857143 0.272179
0.857143 0.321667
0.857143 0.371154
0.857143 0.420641
0.857143 0.470128
0.857143 0.519615
0.857143 0.569102
0.857143 0.61859
0.857143 0.668077
0.857143 0.717564
0.857143 0.767051
0.857143 0.816538
0.857143 0.866025
0.857143 0.915513
0.857143 0.965
0.9 0
0.9 0.0494872
0.9 0.0989743
0.9 0.148462
0.9 0.197949
0.9 0.247436
0.9 0.296923
0.9 0.34641
0.9 0.395897
0.9 0.445385
0.9 0.494872
0.9 0.544359
0.9 0.593846
0.9 0.643333
0.9 0.69282
0.9 0.742308
0.9 0.791795
0.9 0.841282
0.9 0.890769
0.9 0.940256
0.9 0.989743
0.942857 0.0247436
0.942857 0.0742308
0.942857 0.123718
0.942857 0.173205
0.942857 0.222692
0.942857 0.272179
0.942857 0.321667
0.942857 0.371154
0.942857 0.420641
0.942857 0.470128
0.942857 0.519615
0.942857 0.569102
0.942857 0.61859
0.942857 0.668077
0.942857 0.717564
0.942857 0.767051
0.942857 0.816538
0.942857 0.866025
0.942857 0.915513
0.942857 0.965
0.985714 0
0.985714 0.0494872
0.985714 0.0989743
0.985714 0.148462
0.985714 0.197949
0.985714 0.247436
0.985714 0.296923
0.985714 0.34641
0.985714 0.395897
0.985714 0.445385
0.985714 0.494872
0.985714 0.544359
0.985714 0.593846
0.985714 0.643333
0.985714 0.69282
0.985714 0.742308
0.985714 0.791795
0.985714 0.841282
0.985714 0.890769
0.985714 0.940256
0.985714 0.989743
0.0142857 0
0.0142857 0.0494872
0.0142857 0.0989743
0.0142857 0.148462
0.0142857 0.197949
0.0142857 0.247436
0.0142857 0.296923
0.0142857 0.34641
0.0142857 0.395897
0.0142857 0.445385
0.0142857 0.494872
0.0142857 0.544359
0.0142857 0.593846
0.0142857 0.643333
0.0142857 0.69282
0.0142857 0.742308
0.0142857 0.791795
0.0142857 0.841282
0.0142857 0.890769
0.0142857 0.940256
0.0142857 0.989743
0.0571429 0.0247436
0.0571429 0.0742308
0.0571429 0.123718
0.0571429 0.173205
0.0571429 0.222692
0.0571429 0.272179
0.0571429 0.321667
0.0571429 0.371154
0.0571429 0.420641
0.0571429 0.470128
0.0571429 0.519615
0.0571429 0.569102
0.0571429 0.61859
0.0571429 0.668077
0.0571429 0.717564
0.0571429 0.767051
0.0571429 0.816538
0.0571429 0.866025
0.0571429 0.915513
0.0571429 0.965
0.1 0
0.1 0.0494872
0.1 0.0989743
0.1 0.148462
0.1 0.197949
0.1 0.247436
0.1 0.296923
0.1 0.34641
0.1 0.395897
0.1 0.445385
0.1 0.494872
0.1 0.544359
0.1 0.593846
0.1 0.643333
0.1 0.69282
0.1 0.742308
0.1 0.791795
0.1 0.841282
0.1 0.890769
0.1 0.940256
0.1 0.989743
0.142857 0.0247436
0.142857 0.0742308
0.142857 0.123718
0.142857 0.173205
0.142857 0.222692
0.142857 0.272179
0.142857 0.321667
0.142857 0.371154
0.142857 0.420641
0.142857 0.470128
0.142857 0.519615
0.142857 0.569102
0.142857 0.61859
0.142857 0.668077
0.142857 0.717564
0.142857 0.767051
0.142857 0.816538
0.142857 0.866025
0.142857 0.915513
0.142857 0.965
0.185714 0
0.185714 0.0494872
0.185714 0.0989743
0.185714 0.148462
0.185714 0.197949
0.185714 0.247436
0.185714 0.296923
0.185714 0.34641
0.185714 0.395897
0.185714 0.445385
0.185714 0.494872
0.185714 0.544359
0.185714 0.593846
0.185714 0.643333
0.185714 0.69282
0.185714 0.742308
0.185714 0.791795
0.185714 0.841282
0.185714 0.890769
0.185714 0.940256
0.185714 0.989743
0.228571 0.0247436
0.228571 0.0742308
0.228571 0.123718
0.228571 0.173205
0.228571 0.222692
0.228571 0.272179
0.228571 0.321667
0.228571 0.371154
0.228571 0.420641
0.228571 0.470128
0.228571 0.519615
0.228571 0.569102
0.228571 0.61859
0.228571 0.668077
0.228571 0.717564
0.228571 0.767051
0.228571 0.816538
0.228571 0.866025
0.228571 0.915513
0.228571 0.965
0.271429 0
0.271429 0.0494872
0.271429 0.0989743
0.271429 0.148462
0.271429 0.197949
0.271429 0.247436
0.271429 0.296923
0.271429 0.34641
0.271429 0.395897
0.271429 0.445385
0.271429 0.494872
0.271429 0.544359
0.271429 0.593846
0.271429 0.643333
0.271429 0.69282
0.271429 0.742308
0.271429 0.791795
0.271429 0.841282
0.271429 0.890769
0.271429 0.940256
0.271429 0.989743
0.314286 0.0247436
0.314286 0.0742308
0.314286 0.123718
0.314286 0.173205
0.314286 0.222692
0.314286 0.272179
0.314286 0.321667
0.314286 0.371154
0.314286 0.420641
0.314286 0.470128
0.314286 0.519615
0.314286 0.569102
0.314286 0.61859
0.314286 0.668077
0.314286 0.717564
0.314286 0.767051
0.314286 0.816538
0.314286 0.866025
0.314286 0.915513
0.314286 0.965
0.357143 0
0.357143 0.0494872
0.357143 0.0989743
0.357143 0.148462
0.357143 0.197949
0.357143 0.247436
0.357143 0.296923
0.357143 0.34641
0.357143 0.395897
0.357143 0.445385
0.357143 0.494872
0.357143 0.544359
0.357143 0.593846
0.357143 0.643333
0.357143 0.69282
0.357143 0.742308
0.357143 0.791795
0.357143 0.841282
0.357143 0.890769
0.357143 0.940256
0.357143 0.989743
0.4 0.0247436
0.4 0.0742308
0.4 0.123718
0.4 0.173205
0.4 0.222692
0.4 0.272179
0.4 0.321667
0.4 0.371154
0.4 0.420641
0.4 0.470128
0.4 0.519615
0.4 0.569102
0.4 0.61859
0.4 0.668077
0.4 0.717564
0.4 0.767051
0.4 0.816538
0.4 0.866025
0.4 0.915513
0.4 0.965
0.442857 0
0.442857 0.0494872
0.442857 0.0989743
0.442857 0.148462
0.442857 0.197949
0.442857 0.247436
0.442857 0.296923
0.442857 0.34641
0.442857 0.395897
0.442857 0.445385
0.442857 0.494872
0.442857 0.544359
0.442857 0.593846
0.442857 0.643333
0.442857 0.69282
0.442857 0.742308
0.442857 0.791795
0.442857 0.841282
0.442857 0.890769
0.442857 0.940256
0.442857 0.989743
0.485714 0.0247436
0.485714 0.0742308
0.485714 0.123718
0.485714 0.173205
0.485714 0.222692
0.485714 0.272179
0.485714 0.321667
0.485714 0.371154
0.485714 0.420641
0.485714 0.470128
0.485714 0.519615
0.485714 0.569102
0.485714 0.61859
0.485714 0.668077
0.485714 0.717564
0.485714 0.767051
0.485714 0.816538
0.485714 0.866025
0.485714 0.915513
0.485714 0.965
0.528571 0
0.528571 0.0494872
0.528571 0.0989743
0.528571 0.148462
0.528571 0.197949
0.528571 0.247436
0.528571 0.296923
0.528571 0.34641
0.528571 0.395897
0.528571 0.445385
0.528571 0.494872
0.528571 0.544359
0.528571 0.593846
0.528571 0.643333
0.528571 0.69282
0.528571 0.742308
0.528571 0.791795
0.528571 0.841282
0.528571 0.890769
0.528571 0.940256
0.528571 0.989743
0.571429 0.0247436
0.571429 0.0742308
0.571429 0.123718
0.571429 0.173205
0.571429 0.222692
0.571429 0.272179
0.571429 0.321667
0.571429 0.371154
0.571429 0.420641
0.571429 0.470128
0.571429 0.519615
0.571429 0.569102
0.571429 0.61859
0.571429 0.668077
0.571429 0.717564
0.571429 0.767051
0.571429 0.816538
0.571429 0.866025
0.571429 0.915513
0.571429 0.965
0.614286 0
0.614286 0.0494872
0.614286 0.0989743
0.614286 0.148462
0.614286 0.197949
0.614286 0.247436
0.614286 0.296923
0.614286 0.34641
0.614286 0.395897
0.614286 0.445385
0.614286 0.494872
0.614286 0.544359
0.614286 0.593846
0.614286 0.643333
0.614286 0.69282
0.614286 0.742308
0.614286 0.791795
0.614286 0.841282
0.614286 0.890769
0.614286 0.940256
0.614286 0.989743
0.657143 0.0247436
0.657143 0.0742308
0.657143 0.123718
0.657143 0.173205
0.657143 0.222692
0.657143 0.272179
0.657143 0.321667
0.657143 0.371154
0.657143 0.420641
0.657143 0.470128
0.657143 0.519615
0.657143 0.569102
0.657143 0.61859
0.657143 0.668077
0.657143 0.717564
0.657143 0.767051
0.657143 0.816538
0.657143 0.866025
0.657143 0.915513
0.657143 0.965
0.7 0
0.7 0.0494872
0.7 0.0989743
0.7 0.148462
0.7 0.197949
0.7 0.247436
0.7 0.296923
0.7 0.34641
0.7 0.395897
0.7 0.445385
0.7 0.494872
0.7 0.544359
0.7 0.593846
0.7 0.643333
0.7 0.69282
0.7 0.742308
0.7 0.791795
0.7 0.841282
0.7 0.890769
0.7 0.940256
0.7 0.989743
0.742857 0.0247436
0.742857 0.0742308
0.742857 0.123718
0.742857 0.173205
0.742857 0.222692
0.742857 0.272179
0.742857 0.321667
0.742857 0.371154
0.742857 0.420641
0.742857 0.470128
0.742857 0.519615
0.742857 0.569102
0.742857 0.61859
0.742857 0.668077
0.742857 0.717564
0.742857 0.767051
0.742857 0.816538
0.742857 0.866025
0.742857 0.915513
0.742857 0.965
0.785714 0
0.785714 0.0494872
0.785714 0.0989743
0.785714 0.148462
0.785714 0.197949
0.785714 0.247436
0.785714 0.296923
0.785714 0.34641
0.785714 0.395897
0.785714 0.445385
0.785714 0.494872
0.785714 0.544359
0.785714 0.593846
0.785714 0.643333
0.785714 0.69282
0.785714 0.742308
0.785714 0.791795
0.785714 0.841282
0.785714 0.890769
0.785714 0.940256
0.785714 0.989743
0.828571 0.0247436
0.828571 0.0742308
0.828571 0.123718
0.828571 0.173205
0.828571 0.222692
0.828571 0.272179
0.828571 0.321667
0.828571 0.371154
0.828571 0.420641
0.828571 0.470128
0.828571 0.519615
0.828571 0.569102
0.828571 0.61859
0.828571 0.668077
0.828571 0.717564
0.828571 0.767051
0.828571 0.816538
0.828571 0.866025
0.828571 0.915513
0.828571 0.965
0.871429 0
0.871429 0.0494872
0.871429 0.0989743
0.871429 0.148462
0.871429 0.197949
0.871429 0.247436
0.871429 0.296923
0.871429 0.34641
0.871429 0.395897
0.871429 0.445385
0.871429 0.494872
0.871429 0.544359
0.871429 0.593846
0.871429 0.643333
0.871429 0.69282
0.871429 0.742308
0.871429 0.791795
0.871429 0.841282
0.871429 0.890769
0.871429 0.940256
0.871429 0.989743
0.914286 0.0247436
0.914286 0.0742308
0.914286 0.123718
0.914286 0.173205
0.914286 0.222692
0.914286 0.272179
0.914286 0.321667
0.914286 0.371154
0.914286 0.420641
0.914286 0.470128
0.914286 0.519615
0.914286 0.569102
0.914286 0.61859
0.914286 0.668077
0.914286 0.717564
0.914286 0.767051
0.914286 0.816538
0.914286 0.866025
0.914286 0.915513
0.914286 0.965
0.957143 0
0.957143 0.0494872
0.957143 0.0989743
0.957143 0.148462
0.957143 0.197949
0.957143 0.247436
0.957143 0.296923
0.957143 0.34641
0.957143 0.395897
0.957143 0.445385
0.957143 0.494872
0.957143 0.544359
0.957143 0.593846
0.957143 0.643333
0.957143 0.69282
0.957143 0.742308
0.957143 0.791795
0.957143 0.841282
0.957143 0.890769
0.957143 0.940256
0.957143 0.989743
