943
0.230964 0.794031
0.713858 0.201117
0.277871 0.0954009
0.00860622 0.14362
0.698294 0.904752
0.925626 0.68804
0.188665 0.0335093
0.827418 0.854518
0.864803 0.105564
0.429121 0.238319
0.218513 0.311808
0.658437 0.0550859
0.107639 0.0657369
0.814386 0.289071
0.435133 0.590533
0.93115 0.226753
0.674276 0.96881
0.753471 0.155919
0.895566 0.686819
0.229316 0.512528
0.451857 0.203894
0.926511 0.255623
0.97821 0.578539
0.279458 0.752403
0.861934 0.682363
0.0722678 0.953917
0.840052 0.0332652
0.0641194 0.143376
0.879788 0.778954
0.998474 0.862117
0.0600604 0.524735
0.179113 0.898373
0.710379 0.813959
0.0383007 0.798669
0.601581 0.288034
0.401563 0.666646
0.180914 0.830225
0.444014 0.0029603
0.368755 0.912442
0.551103 0.74749
0.557115 0.224372
0.556597 0.190313
0.513718 0.283731
0.00805689 0.696158
0.655629 0.385235
0.701865 0.963836
0.691275 0.105106
0.166326 0.300333
0.767235 0.794641
0.82403 0.713065
0.678365 0.693319
0.991638 0.34022
0.244942 0.135655
0.77926 0.0101016
0.00601215 0.932829
0.969024 0.230506
0.376263 0.52678
0.676656 0.828425
0.851619 0.998505
0.452834 0.271523
0.170141 0.210517
0.98001 0.202521
0.0211493 0.217444
0.777093 0.419629
0.439589 0.0326243
0.307779 0.780023
0.588916 0.629353
0.572527 0.868526
0.95938 0.757561
0.628864 0.283303
0.817133 0.317515
0.231025 0.585803
0.513108 0.0128483
0.532304 0.308084
0.307962 0.837947
0.625416 0.731925
0.702444 0.33021
0.0998871 0.518967
0.516617 0.942198
0.360515 0.668294
0.612842 0.00701926
0.146397 0.246162
0.44142 0.727073
0.691 0.53148
0.728721 0.734428
0.71395 0.00515763
0.0581072 0.361125
0.841334 0.408277
0.658895 0.630329
0.313395 0.670705
0.283059 0.18186
0.411939 0.0393689
0.412763 0.399976
0.992676 0.422224
0.39906 0.507248
0.0600909 0.288461
0.885556 0.919309
0.828852 0.110233
0.608509 0.468551
0.177038 0.626484
0.730766 0.0283517
0.364727 0.568834
0.663839 0.119694
0.441023 0.175359
0.0820643 0.918851
0.579333 0.0616779
0.794733 0.839991
0.117313 0.107883
0.982238 0.379192
0.954009 0.955351
0.363811 0.189367
0.982025 0.526139
0.437666 0.641285
0.00628681 0.112033
0.307169 0.340464
0.808435 0.148442
0.0208747 0.276284
0.741264 0.605579
0.876949 0.0435194
0.380657 0.0220038
0.148869 0.0877102
0.396435 0.344066
0.631092 0.625935
0.837062 0.827235
0.334422 0.0468459
0.179571 0.388989
0.185583 0.27842
0.780236 0.749962
0.467544 0.777673
0.928739 0.320627
0.484054 0.413373
0.203345 0.23954
0.303781 0.544572
0.21424 0.466231
0.116245 0.881344
0.34489 0.846797
0.331828 0.138493
0.140629 0.764977
0.593768 0.505295
0.566607 0.525742
0.126926 0.664479
0.197882 0.151097
0.156072 0.472671
0.252419 0.0521256
0.753136 0.298593
0.620045 0.378765
0.31605 0.488235
0.645955 0.770714
0.240883 0.882534
0.544694 0.065981
0.978271 0.644246
0.872341 0.642201
0.0731529 0.749443
0.740349 0.42671
0.892209 0.828516
0.0947295 0.674429
0.516617 0.882595
0.698386 0.236061
0.989471 0.164739
0.228523 0.0802637
0.4597 0.825526
0.791436 0.476577
0.853633 0.381573
0.45085 0.892453
0.292764 0.396435
0.375866 0.259926
0.906003 0.978942
0.509598 0.821039
0.220679 0.386608
0.717856 0.39378
0.670553 0.250343
0.835169 0.883236
0.259468 0.568743
0.828242 0.483505
0.729667 0.315744
0.547563 0.129429
0.0783715 0.315378
0.350322 0.515
0.762047 0.336863
0.42204 0.69393
0.890591 0.153844
0.111454 0.921201
0.05356 0.0886868
0.273629 0.995972
0.737419 0.221625
0.788263 0.31135
0.370891 0.3726
0.582415 0.983489
0.162908 0.554399
0.857692 0.213263
0.303995 0.0717795
0.833521 0.341929
0.801233 0.351878
0.767418 0.259285
0.245552 0.369427
0.434339 0.997253
0.866207 0.851619
0.823054 0.512009
0.976684 0.464034
0.429579 0.534593
0.860775 0.520798
0.767754 0.847041
0.766381 0.059389
0.803766 0.770165
0.112949 0.957823
0.0430616 0.00173955
0.036317 0.91522
0.0693075 0.984252
0.359142 0.621052
0.938719 0.386181
0.211005 0.628681
0.0170904 0.474136
0.0971099 0.163335
0.906705 0.107913
0.938261 0.461043
0.403729 0.885708
0.479751 0.167241
0.797052 0.441572
0.504624 0.98587
0.656728 0.579913
0.38554 0.22425
0.648366 0.000183111
0.23777 0.649098
0.532853 0.559282
0.530259 0.166295
0.455184 0.930357
0.397229 0.808588
0.206061 0.888119
0.222724 0.719016
0.337901 0.921628
0.555834 0.489639
0.531938 0.970916
0.958495 0.0975372
0.193243 0.71514
0.903867 0.800073
0.944822 0.4326
0.230964 0.0306101
0.607471 0.769524
0.646138 0.306223
0.821009 0.197394
0.0276803 0.50914
0.687918 0.937101
0.830592 0.949339
0.529099 0.481185
0.458022 0.0721152
0.0638447 0.448439
0.30781 0.697867
0.101169 0.236732
0.989318 0.310251
0.796258 0.0458388
0.125889 0.493362
0.103885 0.644734
0.871334 0.24543
0.658315 0.22367
0.406201 0.167943
0.629139 0.672781
0.0824 0.406934
0.747154 0.362896
0.37376 0.965453
0.936644 0.511429
0.555376 0.450331
0.574725 0.802881
0.823359 0.643391
0.358531 0.471999
0.500778 0.368908
0.0851161 0.883541
0.430494 0.331889
0.0436415 0.878017
0.341929 0.950224
0.734825 0.798456
0.118595 0.835444
0.521683 0.846797
0.537767 0.512345
0.806787 0.686331
0.0802637 0.699881
0.588 0.944243
0.553697 0.680807
0.311502 0.967254
0.82281 0.369396
0.145024 0.805567
0.621174 0.699728
0.403516 0.00451674
0.827143 0.450331
0.211402 0.953062
0.992309 0.929228
0.912992 0.202582
0.538102 0.906186
0.39555 0.733573
0.915586 0.573687
0.420179 0.766289
0.0940275 0.780877
0.248512 0.440474
0.0423902 0.316111
0.918027 0.358196
0.297983 0.875973
0.00357067 0.570818
0.445692 0.960356
0.721793 0.841243
0.0466628 0.608905
0.498886 0.764122
0.510697 0.0863063
0.995697 0.495437
0.995178 0.987152
0.456801 0.431135
0.443281 0.376415
0.407239 0.929014
0.863308 0.451674
0.342387 0.714072
0.390484 0.857967
0.74218 0.91287
0.220283 0.119083
0.881863 0.199866
0.660451 0.854183
0.93582 0.983154
0.622211 0.888668
0.966338 0.803674
0.0365612 0.180761
0.486648 0.0521561
0.0206 0.407514
0.110508 0.745842
0.100589 0.273293
0.088168 0.479843
0.577685 0.704794
0.611499 0.21894
0.329722 0.999054
0.206519 0.777215
0.935667 0.00997955
0.463363 0.597095
0.051149 0.236152
0.491379 0.917844
0.13303 0.0539567
0.940794 0.784173
0.00170904 0.299905
0.411542 0.452193
0.933561 0.0829493
0.852473 0.594134
0.979156 0.0349742
0.568682 0.575213
0.738365 0.266488
0.368938 0.78225
0.803583 0.986572
0.10419 0.0283822
0.622578 0.531083
0.28843 0.300241
0.248878 0.930052
0.281167 0.362804
0.815516 0.419874
0.618274 0.859188
0.598407 0.581378
0.615558 0.830134
0.345439 0.346873
0.561907 0.310556
0.207984 0.338389
0.259285 0.276528
0.973693 0.272958
0.422346 0.839839
0.344249 0.395184
0.974548 0.727409
0.789575 0.241829
0.665426 0.463301
0.134739 0.61214
0.195807 0.420698
0.824793 0.249489
0.746178 0.969573
0.481857 0.63921
0.859157 0.298685
0.821345 0.598529
0.644581 0.162297
0.775841 0.532121
0.710044 0.0637532
0.614643 0.187353
0.268136 0.813135
0.970672 0.870663
0.225715 0.553514
0.403363 0.557451
0.64687 0.508347
0.816523 0.904446
0.186346 0.359569
0.505631 0.569933
0.920103 0.836543
0.00262459 0.847468
0.515519 0.707907
0.147618 0.183569
0.622791 0.979003
0.876186 0.727744
0.47264 0.136143
0.787072 0.633564
0.978332 0.13834
0.0338145 0.84518
0.146367 0.122745
0.942381 0.869564
0.90463 0.645589
0.366863 0.143284
0.174261 0.957244
0.611072 0.250099
0.204596 0.206336
0.330699 0.573717
0.933866 0.171392
0.566851 0.356487
0.425001 0.0731223
0.175298 0.00735496
0.00283822 0.729484
0.281655 0.223243
0.46086 0.692801
0.428968 0.140355
0.159764 0.991028
0.710227 0.638661
0.884091 0.364788
0.204108 0.743675
0.00814844 0.0529496
0.997253 0.674093
0.831355 0.555193
0.555956 0.94055
0.250801 0.476577
0.457595 0.542802
0.912931 0.757775
0.134434 0.149388
0.356456 0.428236
0.287942 0.522111
0.111637 0.302133
0.621601 0.415265
0.411206 0.631916
0.324046 0.219642
0.99881 0.772637
0.74517 0.765069
0.9335 0.12241
0.854183 0.136723
0.0862453 0.34901
0.601062 0.137608
0.297708 0.0341807
0.337992 0.289254
0.0563677 0.670278
0.191961 0.0791345
0.220588 0.00180059
0.30195 0.924894
0.526963 0.613117
0.348796 0.235542
0.66509 0.918149
0.162084 0.853786
0.731651 0.497299
0.768395 0.203589
0.213202 0.83047
0.697562 0.574297
0.898495 0.335124
0.494613 0.540941
0.76513 0.658742
0.18894 0.109561
0.730033 0.670461
0.0975677 0.609516
0.578112 0.00619526
0.67861 0.415937
0.566637 0.647084
0.446486 0.511551
0.670644 0.291452
0.993866 0.0662557
0.214454 0.276009
0.579791 0.839381
0.139286 0.729514
0.931913 0.609272
0.191076 0.678793
0.0604877 0.780938
0.547075 0.390881
0.0777917 0.185675
0.22364 0.172979
0.146702 0.368725
0.331675 0.321299
0.550432 0.00671407
0.0762047 0.571581
0.58974 0.172643
0.762658 0.933836
0.977538 0.697653
0.066744 0.810449
0.263253 0.247139
0.955351 0.363231
0.327647 0.109684
0.895047 0.260628
0.178808 0.488174
0.244453 0.221564
0.904111 0.713157
0.262734 0.313639
0.846492 0.775445
0.956481 0.899838
0.93994 0.720359
0.725822 0.0868862
0.0325632 0.536424
0.0195318 0.761345
0.87814 0.87991
0.594836 0.659658
0.127537 0.536332
0.407666 0.970428
0.107608 0.195227
0.169683 0.596301
0.580554 0.393841
0.278603 0.847255
0.149937 0.42909
0.502731 0.24601
0.620258 0.322764
0.0790735 0.106174
0.847316 0.914975
0.382885 0.0800806
0.329752 0.60979
0.674642 0.016419
0.149998 0.896786
0.170568 0.781243
0.305979 0.807459
0.477767 0.970153
0.542741 0.334574
0.507675 0.734214
0.895535 0.49675
0.590014 0.891415
0.502609 0.436048
0.686575 0.75689
0.485305 0.886319
0.940641 0.199835
0.730522 0.467208
0.655538 0.732841
0.488327 0.485519
0.376507 0.712027
0.764275 0.558214
0.348796 0.0819117
0.113193 0.406995
0.887753 0.308359
0.534654 0.651204
0.245094 0.743034
0.247291 0.695944
0.129826 0.998291
0.0243233 0.374706
0.288919 0.604663
0.766747 0.128056
0.506149 0.666951
0.719962 0.879421
0.477828 0.741264
0.00167852 0.902921
0.493637 0.792352
0.328471 0.260659
0.199194 0.993194
0.0125736 0.964873
0.372845 0.295663
0.785394 0.18186
0.850215 0.0738548
0.0731834 0.255074
0.581194 0.205817
0.265816 0.674001
0.0135502 0.652058
0.815271 0.805567
0.023072 0.0874355
0.541673 0.424268
0.741569 0.187201
0.263466 0.0135197
0.483718 0.514756
0.868892 0.421949
0.714438 0.284799
0.747978 0.00259407
0.608325 0.0960418
0.339366 0.877926
0.756493 0.697684
0.912748 0.0595111
0.705496 0.699606
0.848354 0.727226
0.868313 0.950346
0.239937 0.974914
0.469955 0.857234
0.429701 0.296731
0.71398 0.765954
0.719443 0.160985
0.735374 0.558214
0.00241096 0.337474
0.167363 0.155431
0.906491 0.00860622
0.323893 0.00628681
0.365337 0.0461135
0.399029 0.599231
0.0660421 0.843837
0.908933 0.289102
0.965178 0.550462
0.509629 0.402722
0.547502 0.2519
0.750206 0.519608
0.897275 0.606067
0.0773339 0.0143437
0.466384 0.467513
0.757164 0.0863979
0.0515458 0.41612
0.676168 0.169866
0.491928 0.208075
0.712455 0.610675
0.892392 0.454726
0.468154 0.301492
0.762169 0.879177
0.615406 0.925291
0.406934 0.312845
0.486892 0.100223
0.578112 0.762474
0.684133 0.66277
0.0498062 0.485672
0.334696 0.456771
0.53975 0.788415
0.196142 0.571184
0.174932 0.327372
0.316813 0.171148
0.0452895 0.716391
0.399213 0.136692
0.342692 0.746025
0.767876 0.495834
0.963164 0.402509
0.198004 0.92645
0.418836 0.36137
0.0933866 0.853297
0.260781 0.608783
0.347301 0.543565
0.624165 0.0725425
0.601947 0.040437
0.383648 0.449416
0.409772 0.202521
0.483077 0.00708029
0.551683 0.830439
0.651753 0.55089
0.911466 0.933073
0.685598 0.137272
0.909268 0.401166
0.790612 0.950835
0.946959 0.0418409
0.973266 0.84283
0.806909 0.00418104
0.906583 0.889859
0.702933 0.470382
0.319102 0.424512
0.160802 0.0306406
0.675161 0.495163
0.796167 0.504898
0.183019 0.524216
0.279458 0.143284
0.267251 0.715323
0.638417 0.0982391
0.117038 0.453444
0.0660726 0.0457472
0.683401 0.792535
0.799951 0.87994
0.516648 0.0432752
0.792749 0.389416
0.665517 0.357891
0.141209 0.396741
0.320811 0.51561
0.564257 0.282083
0.982208 0.956816
0.372387 0.994415
0.961577 0.320627
0.120487 0.360637
0.276467 0.454695
0.260475 0.778069
0.57387 0.427686
0.266579 0.417066
0.646413 0.823695
0.134007 0.571673
0.0421155 0.117832
0.0356151 0.945921
0.65154 0.880734
0.774438 0.990967
0.419996 0.479751
0.459334 0.108158
0.248482 0.338725
0.740165 0.118778
0.62154 0.797632
0.791009 0.600726
0.0367443 0.0516984
0.847774 0.264962
0.573748 0.146825
0.37083 0.824763
0.0130314 0.439039
0.504898 0.316691
0.593493 0.540452
0.0715049 0.630421
0.714713 0.444472
0.292886 0.636311
0.668355 0.197272
0.837886 0.172308
0.961028 0.6133
0.00357067 0.816584
0.568163 0.0885342
0.287698 0.267861
0.861049 0.550462
0.499588 0.125156
0.0996429 0.985687
0.151463 0.683706
0.580462 0.243233
0.235023 0.412183
0.154057 0.51915
0.695273 0.358684
0.987121 0.11182
0.874691 0.0117191
0.110538 0.699484
0.300699 0.116886
0.865566 0.812647
0.171178 0.747673
0.943083 0.56914
0.991729 0.603473
0.000824 0.606037
0.409528 0.108249
0.151006 0.936003
0.476424 0.333781
0.649251 0.699088
0.999023 0.229469
0.552232 0.598987
0.588214 0.331065
0.490463 0.690542
0.968169 0.495407
0.00680563 0.178899
0.595874 0.73751
0.650105 0.415113
0.782617 0.902707
0.249245 0.53563
0.669729 0.323435
0.694937 0.867763
0.257118 0.504685
0.273385 0.89761
0.793634 0.72338
0.00756859 0.00976592
0.255348 0.183447
0.951048 0.147588
0.47084 0.233497
0.935453 0.652791
0.602374 0.355754
0.135502 0.3314
0.960356 0.671377
0.884823 0.0789514
0.795495 0.0872829
0.235511 0.252998
0.684744 0.384808
0.695791 0.727439
0.483444 0.278512
0.523453 0.203131
0.626667 0.586169
0.878262 0.986236
0.00442518 0.528947
0.440626 0.866726
0.703726 0.504105
0.996948 0.00305185
0.674703 0.602741
0.20954 0.860713
0.0930204 0.433485
0.129398 0.214301
0.641682 0.935026
0.0294504 0.343333
0.631367 0.136753
0.817438 0.0668966
0.637898 0.475204
0.914457 0.544939
0.323435 0.639943
0.88403 0.578661
0.223731 0.674093
0.438124 0.798669
0.728111 0.940245
0.0129398 0.873165
0.722434 0.350017
0.534593 0.100681
0.119663 0.794153
0.917997 0.480026
0.0319224 0.569262
0.375133 0.399945
0.545854 0.877102
0.999603 0.819056
0.803247 0.540147
0.695578 0.996857
0.865322 0.489242
0.316141 0.733268
0.0746788 0.219794
0.548509 0.713797
0.0029603 0.241615
0.268044 0.954344
0.421216 0.264901
0.756188 0.735191
0.30256 0.202094
0.797143 0.569597
0.189428 0.803339
0.468184 0.665853
0.184698 0.180395
0.343944 0.811029
0.244423 0.842982
0.449416 0.755425
0.100833 0.130375
0.868801 0.171575
0.108005 0.330424
0.375133 0.324747
0.0021363 0.996429
0.662587 0.0849635
0.188147 0.448897
0.276711 0.0654317
0.639637 0.0277413
0.107303 0.55974
0.96585 0.0670492
0.758446 0.455184
0.154271 0.654256
0.335948 0.773949
0.74868 0.634785
0.150517 0.276223
0.469893 0.366924
0.697439 0.0340587
0.250771 0.106784
0.950041 0.295419
0.198645 0.5992
0.659474 0.994903
0.556749 0.0344554
0.365154 0.104007
0.749565 0.395428
0.62917 0.444075
0.962889 0.989654
0.78811 0.278237
0.0824 0.376537
0.211646 0.0556658
0.426466 0.907346
0.865505 0.753227
0.89291 0.524918
0.461684 0.992889
0.929685 0.907193
0.322642 0.373028
0.573565 0.116184
0.86404 0.327372
0.145116 0.00708029
0.366924 0.876705
0.643391 0.257759
0.737724 0.0552385
0.383099 0.637806
0.636494 0.354106
0.205298 0.49617
0.0401318 0.990875
0.514725 0.343638
0.292703 0.573321
0.71279 0.123325
0.0215461 0.625416
0.850887 0.622211
0.0785852 0.0770287
0.476241 0.566393
0.454604 0.403119
0.283792 0.48793
0.963561 0.00320444
0.138981 0.968566
0.996399 0.556536
0.495956 0.607593
0.795465 0.121067
0.925504 0.957091
0.570421 0.911893
0.546373 0.99942
0.833674 0.669332
0.895688 0.223884
0.579882 0.470107
0.50911 0.634541
0.306131 0.460128
0.0282907 0.677206
0.601001 0.437452
0.0426038 0.746361
0.0959502 0.81399
0.827753 0.747215
0.744529 0.999634
0.504471 0.182867
0.526627 0.763512
0.317454 0.901486
0.392376 0.763756
0.963256 0.176946
0.998566 0.261299
0.160222 0.710471
0.35139 0.0175176
0.53737 0.362865
0.74984 0.821711
0.169774 0.0611286
0.305155 0.24543
0.913541 0.430006
0.392224 0.422071
0.4373 0.669881
0.506668 0.463881
0.836177 0.000579852
0.74105 0.861446
0.774285 0.367656
0.0886563 0.726463
0.336192 0.193976
0.996521 0.891873
0.94058 0.817469
0.0476394 0.208258
0.0817286 0.544267
0.228614 0.907285
0.788598 0.813227
0.903073 0.859401
0.877621 0.395184
0.759728 0.0325022
0.371288 0.496353
0.920286 0.146916
0.00021363 0.500107
0.347453 0.165624
0.618397 0.559954
0.995636 0.74514
0.430891 0.421796
0.293924 0.00640889
0.720298 0.984954
0.292093 0.430341
0.107212 0.000183111
0.798273 0.659139
0.656209 0.668233
0.220588 0.438337
0.646901 0.964629
0.798822 0.215522
0.400159 0.998291
0.720176 0.533372
0.19248 0.649953
0.174261 0.250221
0.763482 0.586138
0.265114 0.639607
0.00158696 0.78573
0.184088 0.87109
0.433241 0.561815
0.370495 0.745079
0.848079 0.97116
0.511032 0.504166
0.0374767 0.151097
0.390515 0.476363
0.0530106 0.388684
0.399915 0.28605
0.0621052 0.898495
0.505936 0.153447
0.378491 0.938414
0.884945 0.125156
0.962035 0.928861
0.640522 0.199988
0.302011 0.995178
0.467696 0.0319529
0.781121 0.151799
0.0550554 0.553514
0.581103 0.603015
0.440382 0.454878
0.0448927 0.640522
0.723655 0.583026
0.348552 0.978667
0.696615 0.263649
0.0364391 0.454451
0.526658 0.231483
0.684866 0.443464
0.370922 0.596179
0.619556 0.495773
0.655965 0.797632
0.763482 0.231391
0.265725 0.389294
0.497513 0.85989
0.608509 0.608783
0.000244148 0.388745
0.134983 0.85931
