3721
0 0
0 0.0164286
0 0.0328571
0 0.0492857
0 0.0657143
0 0.0821429
0 0.0985714
0 0.115
0 0.131429
0 0.147857
0 0.164286
0 0.180714
0 0.197143
0 0.213571
0 0.23
0 0.246429
0 0.262857
0 0.279286
0 0.295714
0 0.312143
0 0.328571
0 0.345
0 0.361429
0 0.377857
0 0.394286
0 0.410714
0 0.427143
0 0.443571
0 0.46
0 0.476429
0 0.492857
0 0.509286
0 0.525714
0 0.542143
0 0.558571
0 0.575
0 0.591429
0 0.607857
0 0.624286
0 0.640714
0 0.657143
0 0.673571
0 0.69
0 0.706429
0 0.722857
0 0.739286
0 0.755714
0 0.772143
0 0.788571
0 0.805
0 0.821429
0 0.837857
0 0.854286
0 0.870714
0 0.887143
0 0.903571
0 0.92
0 0.936429
0 0.952857
0 0.969286
0 0.985714
0.0164286 0
0.0164286 0.0164286
0.0164286 0.0328571
0.0164286 0.0492857
0.0164286 0.0657143
0.0164286 0.0821429
0.0164286 0.0985714
0.0164286 0.115
0.0164286 0.131429
0.0164286 0.147857
0.0164286 0.164286
0.0164286 0.180714
0.0164286 0.197143
0.0164286 0.213571
0.0164286 0.23
0.0164286 0.246429
0.0164286 0.262857
0.0164286 0.279286
0.0164286 0.295714
0.0164286 0.312143
0.0164286 0.328571
0.0164286 0.345
0.0164286 0.361429
0.0164286 0.377857
0.0164286 0.394286
0.0164286 0.410714
0.0164286 0.427143
0.0164286 0.443571
0.0164286 0.46
0.0164286 0.476429
0.0164286 0.492857
0.0164286 0.509286
0.0164286 0.525714
0.0164286 0.542143
0.0164286 0.558571
0.0164286 0.575
0.0164286 0.591429
0.0164286 0.607857
0.0164286 0.624286
0.0164286 0.640714
0.0164286 0.657143
0.0164286 0.673571
0.0164286 0.69
0.0164286 0.706429
0.0164286 0.722857
0.0164286 0.739286
0.0164286 0.755714
0.0164286 0.772143
0.0164286 0.788571
0.0164286 0.805
0.0164286 0.821429
0.0164286 0.837857
0.0164286 0.854286
0.0164286 0.870714
0.0164286 0.887143
0.0164286 0.903571
0.0164286 0.92
0.0164286 0.936429
0.0164286 0.952857
0.0164286 0.969286
0.0164286 0.985714
0.0328571 0
0.0328571 0.0164286
0.0328571 0.0328571
0.0328571 0.0492857
0.0328571 0.0657143
0.0328571 0.0821429
0.0328571 0.0985714
0.0328571 0.115
0.0328571 0.131429
0.0328571 0.147857
0.0328571 0.164286
0.0328571 0.180714
0.0328571 0.197143
0.0328571 0.213571
0.0328571 0.23
0.0328571 0.246429
0.0328571 0.262857
0.0328571 0.279286
0.0328571 0.295714
0.0328571 0.312143
0.0328571 0.328571
0.0328571 0.345
0.0328571 0.361429
0.0328571 0.377857
0.0328571 0.394286
0.0328571 0.410714
0.0328571 0.427143
0.0328571 0.443571
0.0328571 0.46
0.0328571 0.476429
0.0328571 0.492857
0.0328571 0.509286
0.0328571 0.525714
0.0328571 0.542143
0.0328571 0.558571
0.0328571 0.575
0.0328571 0.591429
0.0328571 0.607857
0.0328571 0.624286
0.0328571 0.640714
0.0328571 0.657143
0.0328571 0.673571
0.0328571 0.69
0.0328571 0.706429
0.0328571 0.722857
0.0328571 0.739286
0.0328571 0.755714
0.0328571 0.772143
0.0328571 0.788571
0.0328571 0.805
0.0328571 0.821429
0.0328571 0.837857
0.0328571 0.854286
0.0328571 0.870714
0.0328571 0.887143
0.0328571 0.903571
0.0328571 0.92
0.0328571 0.936429
0.0328571 0.952857
0.0328571 0.969286
0.0328571 0.985714
0.0492857 0
0.0492857 0.0164286
0.0492857 0.0328571
0.0492857 0.0492857
0.0492857 0.0657143
0.0492857 0.0821429
0.0492857 0.0985714
0.0492857 0.115
0.0492857 0.131429
0.0492857 0.147857
0.0492857 0.164286
0.0492857 0.180714
0.0492857 0.197143
0.0492857 0.213571
0.0492857 0.23
0.0492857 0.246429
0.0492857 0.262857
0.0492857 0.279286
0.0492857 0.295714
0.0492857 0.312143
0.0492857 0.328571
0.0492857 0.345
0.0492857 0.361429
0.0492857 0.377857
0.0492857 0.394286
0.0492857 0.410714
0.0492857 0.427143
0.0492857 0.443571
0.0492857 0.46
0.0492857 0.476429
0.0492857 0.492857
0.0492857 0.509286
0.0492857 0.525714
0.0492857 0.542143
0.0492857 0.558571
0.0492857 0.575
0.0492857 0.591429
0.0492857 0.607857
0.0492857 0.624286
0.0492857 0.640714
0.0492857 0.657143
0.0492857 0.673571
0.0492857 0.69
0.0492857 0.706429
0.0492857 0.722857
0.0492857 0.739286
0.0492857 0.755714
0.0492857 0.772143
0.0492857 0.788571
0.0492857 0.805
0.0492857 0.821429
0.0492857 0.837857
0.0492857 0.854286
0.0492857 0.870714
0.0492857 0.887143
0.0492857 0.903571
0.0492857 0.92
0.0492857 0.936429
0.0492857 0.952857
0.0492857 0.969286
0.0492857 0.985714
0.0657143 0
0.0657143 0.0164286
0.0657143 0.0328571
0.0657143 0.0492857
0.0657143 0.0657143
0.0657143 0.0821429
0.0657143 0.0985714
0.0657143 0.115
0.0657143 0.131429
0.0657143 0.147857
0.0657143 0.164286
0.0657143 0.180714
0.0657143 0.197143
0.0657143 0.213571
0.0657143 0.23
0.0657143 0.246429
0.0657143 0.262857
0.0657143 0.279286
0.0657143 0.295714
0.0657143 0.312143
0.0657143 0.328571
0.0657143 0.345
0.0657143 0.361429
0.0657143 0.377857
0.0657143 0.394286
0.0657143 0.410714
0.0657143 0.427143
0.0657143 0.443571
0.0657143 0.46
0.0657143 0.476429
0.0657143 0.492857
0.0657143 0.509286
0.0657143 0.525714
0.0657143 0.542143
0.0657143 0.558571
0.0657143 0.575
0.0657143 0.591429
0.0657143 0.607857
0.0657143 0.624286
0.0657143 0.640714
0.0657143 0.657143
0.0657143 0.673571
0.0657143 0.69
0.0657143 0.706429
0.0657143 0.722857
0.0657143 0.739286
0.0657143 0.755714
0.0657143 0.772143
0.0657143 0.788571
0.0657143 0.805
0.0657143 0.821429
0.0657143 0.837857
0.0657143 0.854286
0.0657143 0.870714
0.0657143 0.887143
0.0657143 0.903571
0.0657143 0.92
0.0657143 0.936429
0.0657143 0.952857
0.0657143 0.969286
0.0657143 0.985714
0.0821429 0
0.0821429 0.0164286
0.0821429 0.0328571
0.0821429 0.0492857
0.0821429 0.0657143
0.0821429 0.0821429
0.0821429 0.0985714
0.0821429 0.115
0.0821429 0.131429
0.0821429 0.147857
0.0821429 0.164286
0.0821429 0.180714
0.0821429 0.197143
0.0821429 0.213571
0.0821429 0.23
0.0821429 0.246429
0.0821429 0.262857
0.0821429 0.279286
0.0821429 0.295714
0.0821429 0.312143
0.0821429 0.328571
0.0821429 0.345
0.0821429 0.361429
0.0821429 0.377857
0.0821429 0.394286
0.0821429 0.410714
0.0821429 0.427143
0.0821429 0.443571
0.0821429 0.46
0.0821429 0.476429
0.0821429 0.492857
0.0821429 0.509286
0.0821429 0.525714
0.0821429 0.542143
0.0821429 0.558571
0.0821429 0.575
0.0821429 0.591429
0.0821429 0.607857
0.0821429 0.624286
0.0821429 0.640714
0.0821429 0.657143
0.0821429 0.673571
0.0821429 0.69
0.0821429 0.706429
0.0821429 0.722857
0.0821429 0.739286
0.0821429 0.755714
0.0821429 0.772143
0.0821429 0.788571
0.0821429 0.805
0.0821429 0.821429
0.0821429 0.837857
0.0821429 0.854286
0.0821429 0.870714
0.0821429 0.887143
0.0821429 0.903571
0.0821429 0.92
0.0821429 0.936429
0.0821429 0.952857
0.0821429 0.969286
0.0821429 0.985714
0.0985714 0
0.0985714 0.0164286
0.0985714 0.0328571
0.0985714 0.0492857
0.0985714 0.0657143
0.0985714 0.0821429
0.0985714 0.0985714
0.0985714 0.115
0.0985714 0.131429
0.0985714 0.147857
0.0985714 0.164286
0.0985714 0.180714
0.0985714 0.197143
0.0985714 0.213571
0.0985714 0.23
0.0985714 0.246429
0.0985714 0.262857
0.0985714 0.279286
0.0985714 0.295714
0.0985714 0.312143
0.0985714 0.328571
0.0985714 0.345
0.0985714 0.361429
0.0985714 0.377857
0.0985714 0.394286
0.0985714 0.410714
0.0985714 0.427143
0.0985714 0.443571
0.0985714 0.46
0.0985714 0.476429
0.0985714 0.492857
0.0985714 0.509286
0.0985714 0.525714
0.0985714 0.542143
0.0985714 0.558571
0.0985714 0.575
0.0985714 0.591429
0.0985714 0.607857
0.0985714 0.624286
0.0985714 0.640714
0.0985714 0.657143
0.0985714 0.673571
0.0985714 0.69
0.0985714 0.706429
0.0985714 0.722857
0.0985714 0.739286
0.0985714 0.755714
0.0985714 0.772143
0.0985714 0.788571
0.0985714 0.805
0.0985714 0.821429
0.0985714 0.837857
0.0985714 0.854286
0.0985714 0.870714
0.0985714 0.887143
0.0985714 0.903571
0.0985714 0.92
0.0985714 0.936429
0.0985714 0.952857
0.0985714 0.969286
0.0985714 0.985714
0.115 0
0.115 0.0164286
0.115 0.0328571
0.115 0.0492857
0.115 0.0657143
0.115 0.0821429
0.115 0.0985714
0.115 0.115
0.115 0.131429
0.115 0.147857
0.115 0.164286
0.115 0.180714
0.115 0.197143
0.115 0.213571
0.115 0.23
0.115 0.246429
0.115 0.262857
0.115 0.279286
0.115 0.295714
0.115 0.312143
0.115 0.328571
0.115 0.345
0.115 0.361429
0.115 0.377857
0.115 0.394286
0.115 0.410714
0.115 0.427143
0.115 0.443571
0.115 0.46
0.115 0.476429
0.115 0.492857
0.115 0.509286
0.115 0.525714
0.115 0.542143
0.115 0.558571
0.115 0.575
0.115 0.591429
0.115 0.607857
0.115 0.624286
0.115 0.640714
0.115 0.657143
0.115 0.673571
0.115 0.69
0.115 0.706429
0.115 0.722857
0.115 0.739286
0.115 0.755714
0.115 0.772143
0.115 0.788571
0.115 0.805
0.115 0.821429
0.115 0.837857
0.115 0.854286
0.115 0.870714
0.115 0.887143
0.115 0.903571
0.115 0.92
0.115 0.936429
0.115 0.952857
0.115 0.969286
0.115 0.985714
0.131429 0
0.131429 0.0164286
0.131429 0.0328571
0.131429 0.0492857
0.131429 0.0657143
0.131429 0.0821429
0.131429 0.0985714
0.131429 0.115
0.131429 0.131429
0.131429 0.147857
0.131429 0.164286
0.131429 0.180714
0.131429 0.197143
0.131429 0.213571
0.131429 0.23
0.131429 0.246429
0.131429 0.262857
0.131429 0.279286
0.131429 0.295714
0.131429 0.312143
0.131429 0.328571
0.131429 0.345
0.131429 0.361429
0.131429 0.377857
0.131429 0.394286
0.131429 0.410714
0.131429 0.427143
0.131429 0.443571
0.131429 0.46
0.131429 0.476429
0.131429 0.492857
0.131429 0.509286
0.131429 0.525714
0.131429 0.542143
0.131429 0.558571
0.131429 0.575
0.131429 0.591429
0.131429 0.607857
0.131429 0.624286
0.131429 0.640714
0.131429 0.657143
0.131429 0.673571
0.131429 0.69
0.131429 0.706429
0.131429 0.722857
0.131429 0.739286
0.131429 0.755714
0.131429 0.772143
0.131429 0.788571
0.131429 0.805
0.131429 0.821429
0.131429 0.837857
0.131429 0.854286
0.131429 0.870714
0.131429 0.887143
0.131429 0.903571
0.131429 0.92
0.131429 0.936429
0.131429 0.952857
0.131429 0.969286
0.131429 0.985714
0.147857 0
0.147857 0.0164286
0.147857 0.0328571
0.147857 0.0492857
0.147857 0.0657143
0.147857 0.0821429
0.147857 0.0985714
0.147857 0.115
0.147857 0.131429
0.147857 0.147857
0.147857 0.164286
0.147857 0.180714
0.147857 0.197143
0.147857 0.213571
0.147857 0.23
0.147857 0.246429
0.147857 0.262857
0.147857 0.279286
0.147857 0.295714
0.147857 0.312143
0.147857 0.328571
0.147857 0.345
0.147857 0.361429
0.147857 0.377857
0.147857 0.394286
0.147857 0.410714
0.147857 0.427143
0.147857 0.443571
0.147857 0.46
0.147857 0.476429
0.147857 0.492857
0.147857 0.509286
0.147857 0.525714
0.147857 0.542143
0.147857 0.558571
0.147857 0.575
0.147857 0.591429
0.147857 0.607857
0.147857 0.624286
0.147857 0.640714
0.147857 0.657143
0.147857 0.673571
0.147857 0.69
0.147857 0.706429
0.147857 0.722857
0.147857 0.739286
0.147857 0.755714
0.147857 0.772143
0.147857 0.788571
0.147857 0.805
0.147857 0.821429
0.147857 0.837857
0.147857 0.854286
0.147857 0.870714
0.147857 0.887143
0.147857 0.903571
0.147857 0.92
0.147857 0.936429
0.147857 0.952857
0.147857 0.969286
0.147857 0.985714
0.164286 0
0.164286 0.0164286
0.164286 0.0328571
0.164286 0.0492857
0.164286 0.0657143
0.164286 0.0821429
0.164286 0.0985714
0.164286 0.115
0.164286 0.131429
0.164286 0.147857
0.164286 0.164286
0.164286 0.180714
0.164286 0.197143
0.164286 0.213571
0.164286 0.23
0.164286 0.246429
0.164286 0.262857
0.164286 0.279286
0.164286 0.295714
0.164286 0.312143
0.164286 0.328571
0.164286 0.345
0.164286 0.361429
0.164286 0.377857
0.164286 0.394286
0.164286 0.410714
0.164286 0.427143
0.164286 0.443571
0.164286 0.46
0.164286 0.476429
0.164286 0.492857
0.164286 0.509286
0.164286 0.525714
0.164286 0.542143
0.164286 0.558571
0.164286 0.575
0.164286 0.591429
0.164286 0.607857
0.164286 0.624286
0.164286 0.640714
0.164286 0.657143
0.164286 0.673571
0.164286 0.69
0.164286 0.706429
0.164286 0.722857
0.164286 0.739286
0.164286 0.755714
0.164286 0.772143
0.164286 0.788571
0.164286 0.805
0.164286 0.821429
0.164286 0.837857
0.164286 0.854286
0.164286 0.870714
0.164286 0.887143
0.164286 0.903571
0.164286 0.92
0.164286 0.936429
0.164286 0.952857
0.164286 0.969286
0.164286 0.985714
0.180714 0
0.180714 0.0164286
0.180714 0.0328571
0.180714 0.0492857
0.180714 0.0657143
0.180714 0.0821429
0.180714 0.0985714
0.180714 0.115
0.180714 0.131429
0.180714 0.147857
0.180714 0.164286
0.180714 0.180714
0.180714 0.197143
0.180714 0.213571
0.180714 0.23
0.180714 0.246429
0.180714 0.262857
0.180714 0.279286
0.180714 0.295714
0.180714 0.312143
0.180714 0.328571
0.180714 0.345
0.180714 0.361429
0.180714 0.377857
0.180714 0.394286
0.180714 0.410714
0.180714 0.427143
0.180714 0.443571
0.180714 0.46
0.180714 0.476429
0.180714 0.492857
0.180714 0.509286
0.180714 0.525714
0.180714 0.542143
0.180714 0.558571
0.180714 0.575
0.180714 0.591429
0.180714 0.607857
0.180714 0.624286
0.180714 0.640714
0.180714 0.657143
0.180714 0.673571
0.180714 0.69
0.180714 0.706429
0.180714 0.722857
0.180714 0.739286
0.180714 0.755714
0.180714 0.772143
0.180714 0.788571
0.180714 0.805
0.180714 0.821429
0.180714 0.837857
0.180714 0.854286
0.180714 0.870714
0.180714 0.887143
0.180714 0.903571
0.180714 0.92
0.180714 0.936429
0.180714 0.952857
0.180714 0.969286
0.180714 0.985714
0.197143 0
0.197143 0.0164286
0.197143 0.0328571
0.197143 0.0492857
0.197143 0.0657143
0.197143 0.0821429
0.197143 0.0985714
0.197143 0.115
0.197143 0.131429
0.197143 0.147857
0.197143 0.164286
0.197143 0.180714
0.197143 0.197143
0.197143 0.213571
0.197143 0.23
0.197143 0.246429
0.197143 0.262857
0.197143 0.279286
0.197143 0.295714
0.197143 0.312143
0.197143 0.328571
0.197143 0.345
0.197143 0.361429
0.197143 0.377857
0.197143 0.394286
0.197143 0.410714
0.197143 0.427143
0.197143 0.443571
0.197143 0.46
0.197143 0.476429
0.197143 0.492857
0.197143 0.509286
0.197143 0.525714
0.197143 0.542143
0.197143 0.558571
0.197143 0.575
0.197143 0.591429
0.197143 0.607857
0.197143 0.624286
0.197143 0.640714
0.197143 0.657143
0.197143 0.673571
0.197143 0.69
0.197143 0.706429
0.197143 0.722857
0.197143 0.739286
0.197143 0.755714
0.197143 0.772143
0.197143 0.788571
0.197143 0.805
0.197143 0.821429
0.197143 0.837857
0.197143 0.854286
0.197143 0.870714
0.197143 0.887143
0.197143 0.903571
0.197143 0.92
0.197143 0.936429
0.197143 0.952857
0.197143 0.969286
0.197143 0.985714
0.213571 0
0.213571 0.0164286
0.213571 0.0328571
0.213571 0.0492857
0.213571 0.0657143
0.213571 0.0821429
0.213571 0.0985714
0.213571 0.115
0.213571 0.131429
0.213571 0.147857
0.213571 0.164286
0.213571 0.180714
0.213571 0.197143
0.213571 0.213571
0.213571 0.23
0.213571 0.246429
0.213571 0.262857
0.213571 0.279286
0.213571 0.295714
0.213571 0.312143
0.213571 0.328571
0.213571 0.345
0.213571 0.361429
0.213571 0.377857
0.213571 0.394286
0.213571 0.410714
0.213571 0.427143
0.213571 0.443571
0.213571 0.46
0.213571 0.476429
0.213571 0.492857
0.213571 0.509286
0.213571 0.525714
0.213571 0.542143
0.213571 0.558571
0.213571 0.575
0.213571 0.591429
0.213571 0.607857
0.213571 0.624286
0.213571 0.640714
0.213571 0.657143
0.213571 0.673571
0.213571 0.69
0.213571 0.706429
0.213571 0.722857
0.213571 0.739286
0.213571 0.755714
0.213571 0.772143
0.213571 0.788571
0.213571 0.805
0.213571 0.821429
0.213571 0.837857
0.213571 0.854286
0.213571 0.870714
0.213571 0.887143
0.213571 0.903571
0.213571 0.92
0.213571 0.936429
0.213571 0.952857
0.213571 0.969286
0.213571 0.985714
0.23 0
0.23 0.0164286
0.23 0.0328571
0.23 0.0492857
0.23 0.0657143
0.23 0.0821429
0.23 0.0985714
0.23 0.115
0.23 0.131429
0.23 0.147857
0.23 0.164286
0.23 0.180714
0.23 0.197143
0.23 0.213571
0.23 0.23
0.23 0.246429
0.23 0.262857
0.23 0.279286
0.23 0.295714
0.23 0.312143
0.23 0.328571
0.23 0.345
0.23 0.361429
0.23 0.377857
0.23 0.394286
0.23 0.410714
0.23 0.427143
0.23 0.443571
0.23 0.46
0.23 0.476429
0.23 0.492857
0.23 0.509286
0.23 0.525714
0.23 0.542143
0.23 0.558571
0.23 0.575
0.23 0.591429
0.23 0.607857
0.23 0.624286
0.23 0.640714
0.23 0.657143
0.23 0.673571
0.23 0.69
0.23 0.706429
0.23 0.722857
0.23 0.739286
0.23 0.755714
0.23 0.772143
0.23 0.788571
0.23 0.805
0.23 0.821429
0.23 0.837857
0.23 0.854286
0.23 0.870714
0.23 0.887143
0.23 0.903571
0.23 0.92
0.23 0.936429
0.23 0.952857
0.23 0.969286
0.23 0.985714
0.246429 0
0.246429 0.0164286
0.246429 0.0328571
0.246429 0.0492857
0.246429 0.0657143
0.246429 0.0821429
0.246429 0.0985714
0.246429 0.115
0.246429 0.131429
0.246429 0.147857
0.246429 0.164286
0.246429 0.180714
0.246429 0.197143
0.246429 0.213571
0.246429 0.23
0.246429 0.246429
0.246429 0.262857
0.246429 0.279286
0.246429 0.295714
0.246429 0.312143
0.246429 0.328571
0.246429 0.345
0.246429 0.361429
0.246429 0.377857
0.246429 0.394286
0.246429 0.410714
0.246429 0.427143
0.246429 0.443571
0.246429 0.46
0.246429 0.476429
0.246429 0.492857
0.246429 0.509286
0.246429 0.525714
0.246429 0.542143
0.246429 0.558571
0.246429 0.575
0.246429 0.591429
0.246429 0.607857
0.246429 0.624286
0.246429 0.640714
0.246429 0.657143
0.246429 0.673571
0.246429 0.69
0.246429 0.706429
0.246429 0.722857
0.246429 0.739286
0.246429 0.755714
0.246429 0.772143
0.246429 0.788571
0.246429 0.805
0.246429 0.821429
0.246429 0.837857
0.246429 0.854286
0.246429 0.870714
0.246429 0.887143
0.246429 0.903571
0.246429 0.92
0.246429 0.936429
0.246429 0.952857
0.246429 0.969286
0.246429 0.985714
0.262857 0
0.262857 0.0164286
0.262857 0.0328571
0.262857 0.0492857
0.262857 0.0657143
0.262857 0.0821429
0.262857 0.0985714
0.262857 0.115
0.262857 0.131429
0.262857 0.147857
0.262857 0.164286
0.262857 0.180714
0.262857 0.197143
0.262857 0.213571
0.262857 0.23
0.262857 0.246429
0.262857 0.262857
0.262857 0.279286
0.262857 0.295714
0.262857 0.312143
0.262857 0.328571
0.262857 0.345
0.262857 0.361429
0.262857 0.377857
0.262857 0.394286
0.262857 0.410714
0.262857 0.427143
0.262857 0.443571
0.262857 0.46
0.262857 0.476429
0.262857 0.492857
0.262857 0.509286
0.262857 0.525714
0.262857 0.542143
0.262857 0.558571
0.262857 0.575
0.262857 0.591429
0.262857 0.607857
0.262857 0.624286
0.262857 0.640714
0.262857 0.657143
0.262857 0.673571
0.262857 0.69
0.262857 0.706429
0.262857 0.722857
0.262857 0.739286
0.262857 0.755714
0.262857 0.772143
0.262857 0.788571
0.262857 0.805
0.262857 0.821429
0.262857 0.837857
0.262857 0.854286
0.262857 0.870714
0.262857 0.887143
0.262857 0.903571
0.262857 0.92
0.262857 0.936429
0.262857 0.952857
0.262857 0.969286
0.262857 0.985714
0.279286 0
0.279286 0.0164286
0.279286 0.0328571
0.279286 0.0492857
0.279286 0.0657143
0.279286 0.0821429
0.279286 0.0985714
0.279286 0.115
0.279286 0.131429
0.279286 0.147857
0.279286 0.164286
0.279286 0.180714
0.279286 0.197143
0.279286 0.213571
0.279286 0.23
0.279286 0.246429
0.279286 0.262857
0.279286 0.279286
0.279286 0.295714
0.279286 0.312143
0.279286 0.328571
0.279286 0.345
0.279286 0.361429
0.279286 0.377857
0.279286 0.394286
0.279286 0.410714
0.279286 0.427143
0.279286 0.443571
0.279286 0.46
0.279286 0.476429
0.279286 0.492857
0.279286 0.509286
0.279286 0.525714
0.279286 0.542143
0.279286 0.558571
0.279286 0.575
0.279286 0.591429
0.279286 0.607857
0.279286 0.624286
0.279286 0.640714
0.279286 0.657143
0.279286 0.673571
0.279286 0.69
0.279286 0.706429
0.279286 0.722857
0.279286 0.739286
0.279286 0.755714
0.279286 0.772143
0.279286 0.788571
0.279286 0.805
0.279286 0.821429
0.279286 0.837857
0.279286 0.854286
0.279286 0.870714
0.279286 0.887143
0.279286 0.903571
0.279286 0.92
0.279286 0.936429
0.279286 0.952857
0.279286 0.969286
0.279286 0.985714
0.295714 0
0.295714 0.0164286
0.295714 0.0328571
0.295714 0.0492857
0.295714 0.0657143
0.295714 0.0821429
0.295714 0.0985714
0.295714 0.115
0.295714 0.131429
0.295714 0.147857
0.295714 0.164286
0.295714 0.180714
0.295714 0.197143
0.295714 0.213571
0.295714 0.23
0.295714 0.246429
0.295714 0.262857
0.295714 0.279286
0.295714 0.295714
0.295714 0.312143
0.295714 0.328571
0.295714 0.345
0.295714 0.361429
0.295714 0.377857
0.295714 0.394286
0.295714 0.410714
0.295714 0.427143
0.295714 0.443571
0.295714 0.46
0.295714 0.476429
0.295714 0.492857
0.295714 0.509286
0.295714 0.525714
0.295714 0.542143
0.295714 0.558571
0.295714 0.575
0.295714 0.591429
0.295714 0.607857
0.295714 0.624286
0.295714 0.640714
0.295714 0.657143
0.295714 0.673571
0.295714 0.69
0.295714 0.706429
0.295714 0.722857
0.295714 0.739286
0.295714 0.755714
0.295714 0.772143
0.295714 0.788571
0.295714 0.805
0.295714 0.821429
0.295714 0.837857
0.295714 0.854286
0.295714 0.870714
0.295714 0.887143
0.295714 0.903571
0.295714 0.92
0.295714 0.936429
0.295714 0.952857
0.295714 0.969286
0.295714 0.985714
0.312143 0
0.312143 0.0164286
0.312143 0.0328571
0.312143 0.0492857
0.312143 0.0657143
0.312143 0.0821429
0.312143 0.0985714
0.312143 0.115
0.312143 0.131429
0.312143 0.147857
0.312143 0.164286
0.312143 0.180714
0.312143 0.197143
0.312143 0.213571
0.312143 0.23
0.312143 0.246429
0.312143 0.262857
0.312143 0.279286
0.312143 0.295714
0.312143 0.312143
0.312143 0.328571
0.312143 0.345
0.312143 0.361429
0.312143 0.377857
0.312143 0.394286
0.312143 0.410714
0.312143 0.427143
0.312143 0.443571
0.312143 0.46
0.312143 0.476429
0.312143 0.492857
0.312143 0.509286
0.312143 0.525714
0.312143 0.542143
0.312143 0.558571
0.312143 0.575
0.312143 0.591429
0.312143 0.607857
0.312143 0.624286
0.312143 0.640714
0.312143 0.657143
0.312143 0.673571
0.312143 0.69
0.312143 0.706429
0.312143 0.722857
0.312143 0.739286
0.312143 0.755714
0.312143 0.772143
0.312143 0.788571
0.312143 0.805
0.312143 0.821429
0.312143 0.837857
0.312143 0.854286
0.312143 0.870714
0.312143 0.887143
0.312143 0.903571
0.312143 0.92
0.312143 0.936429
0.312143 0.952857
0.312143 0.969286
0.312143 0.985714
0.328571 0
0.328571 0.0164286
0.328571 0.0328571
0.328571 0.0492857
0.328571 0.0657143
0.328571 0.0821429
0.328571 0.0985714
0.328571 0.115
0.328571 0.131429
0.328571 0.147857
0.328571 0.164286
0.328571 0.180714
0.328571 0.197143
0.328571 0.213571
0.328571 0.23
0.328571 0.246429
0.328571 0.262857
0.328571 0.279286
0.328571 0.295714
0.328571 0.312143
0.328571 0.328571
0.328571 0.345
0.328571 0.361429
0.328571 0.377857
0.328571 0.394286
0.328571 0.410714
0.328571 0.427143
0.328571 0.443571
0.328571 0.46
0.328571 0.476429
0.328571 0.492857
0.328571 0.509286
0.328571 0.525714
0.328571 0.542143
0.328571 0.558571
0.328571 0.575
0.328571 0.591429
0.328571 0.607857
0.328571 0.624286
0.328571 0.640714
0.328571 0.657143
0.328571 0.673571
0.328571 0.69
0.328571 0.706429
0.328571 0.722857
0.328571 0.739286
0.328571 0.755714
0.328571 0.772143
0.328571 0.788571
0.328571 0.805
0.328571 0.821429
0.328571 0.837857
0.328571 0.854286
0.328571 0.870714
0.328571 0.887143
0.328571 0.903571
0.328571 0.92
0.328571 0.936429
0.328571 0.952857
0.328571 0.969286
0.328571 0.985714
0.345 0
0.345 0.0164286
0.345 0.0328571
0.345 0.0492857
0.345 0.0657143
0.345 0.0821429
0.345 0.0985714
0.345 0.115
0.345 0.131429
0.345 0.147857
0.345 0.164286
0.345 0.180714
0.345 0.197143
0.345 0.213571
0.345 0.23
0.345 0.246429
0.345 0.262857
0.345 0.279286
0.345 0.295714
0.345 0.312143
0.345 0.328571
0.345 0.345
0.345 0.361429
0.345 0.377857
0.345 0.394286
0.345 0.410714
0.345 0.427143
0.345 0.443571
0.345 0.46
0.345 0.476429
0.345 0.492857
0.345 0.509286
0.345 0.525714
0.345 0.542143
0.345 0.558571
0.345 0.575
0.345 0.591429
0.345 0.607857
0.345 0.624286
0.345 0.640714
0.345 0.657143
0.345 0.673571
0.345 0.69
0.345 0.706429
0.345 0.722857
0.345 0.739286
0.345 0.755714
0.345 0.772143
0.345 0.788571
0.345 0.805
0.345 0.821429
0.345 0.837857
0.345 0.854286
0.345 0.870714
0.345 0.887143
0.345 0.903571
0.345 0.92
0.345 0.936429
0.345 0.952857
0.345 0.969286
0.345 0.985714
0.361429 0
0.361429 0.0164286
0.361429 0.0328571
0.361429 0.0492857
0.361429 0.0657143
0.361429 0.0821429
0.361429 0.0985714
0.361429 0.115
0.361429 0.131429
0.361429 0.147857
0.361429 0.164286
0.361429 0.180714
0.361429 0.197143
0.361429 0.213571
0.361429 0.23
0.361429 0.246429
0.361429 0.262857
0.361429 0.279286
0.361429 0.295714
0.361429 0.312143
0.361429 0.328571
0.361429 0.345
0.361429 0.361429
0.361429 0.377857
0.361429 0.394286
0.361429 0.410714
0.361429 0.427143
0.361429 0.443571
0.361429 0.46
0.361429 0.476429
0.361429 0.492857
0.361429 0.509286
0.361429 0.525714
0.361429 0.542143
0.361429 0.558571
0.361429 0.575
0.361429 0.591429
0.361429 0.607857
0.361429 0.624286
0.361429 0.640714
0.361429 0.657143
0.361429 0.673571
0.361429 0.69
0.361429 0.706429
0.361429 0.722857
0.361429 0.739286
0.361429 0.755714
0.361429 0.772143
0.361429 0.788571
0.361429 0.805
0.361429 0.821429
0.361429 0.837857
0.361429 0.854286
0.361429 0.870714
0.361429 0.887143
0.361429 0.903571
0.361429 0.92
0.361429 0.936429
0.361429 0.952857
0.361429 0.969286
0.361429 0.985714
0.377857 0
0.377857 0.0164286
0.377857 0.0328571
0.377857 0.0492857
0.377857 0.0657143
0.377857 0.0821429
0.377857 0.0985714
0.377857 0.115
0.377857 0.131429
0.377857 0.147857
0.377857 0.164286
0.377857 0.180714
0.377857 0.197143
0.377857 0.213571
0.377857 0.23
0.377857 0.246429
0.377857 0.262857
0.377857 0.279286
0.377857 0.295714
0.377857 0.312143
0.377857 0.328571
0.377857 0.345
0.377857 0.361429
0.377857 0.377857
0.377857 0.394286
0.377857 0.410714
0.377857 0.427143
0.377857 0.443571
0.377857 0.46
0.377857 0.476429
0.377857 0.492857
0.377857 0.509286
0.377857 0.525714
0.377857 0.542143
0.377857 0.558571
0.377857 0.575
0.377857 0.591429
0.377857 0.607857
0.377857 0.624286
0.377857 0.640714
0.377857 0.657143
0.377857 0.673571
0.377857 0.69
0.377857 0.706429
0.377857 0.722857
0.377857 0.739286
0.377857 0.755714
0.377857 0.772143
0.377857 0.788571
0.377857 0.805
0.377857 0.821429
0.377857 0.837857
0.377857 0.854286
0.377857 0.870714
0.377857 0.887143
0.377857 0.903571
0.377857 0.92
0.377857 0.936429
0.377857 0.952857
0.377857 0.969286
0.377857 0.985714
0.394286 0
0.394286 0.0164286
0.394286 0.0328571
0.394286 0.0492857
0.394286 0.0657143
0.394286 0.0821429
0.394286 0.0985714
0.394286 0.115
0.394286 0.131429
0.394286 0.147857
0.394286 0.164286
0.394286 0.180714
0.394286 0.197143
0.394286 0.213571
0.394286 0.23
0.394286 0.246429
0.394286 0.262857
0.394286 0.279286
0.394286 0.295714
0.394286 0.312143
0.394286 0.328571
0.394286 0.345
0.394286 0.361429
0.394286 0.377857
0.394286 0.394286
0.394286 0.410714
0.394286 0.427143
0.394286 0.443571
0.394286 0.46
0.394286 0.476429
0.394286 0.492857
0.394286 0.509286
0.394286 0.525714
0.394286 0.542143
0.394286 0.558571
0.394286 0.575
0.394286 0.591429
0.394286 0.607857
0.394286 0.624286
0.394286 0.640714
0.394286 0.657143
0.394286 0.673571
0.394286 0.69
0.394286 0.706429
0.394286 0.722857
0.394286 0.739286
0.394286 0.755714
0.394286 0.772143
0.394286 0.788571
0.394286 0.805
0.394286 0.821429
0.394286 0.837857
0.394286 0.854286
0.394286 0.870714
0.394286 0.887143
0.394286 0.903571
0.394286 0.92
0.394286 0.936429
0.394286 0.952857
0.394286 0.969286
0.394286 0.985714
0.410714 0
0.410714 0.0164286
0.410714 0.0328571
0.410714 0.0492857
0.410714 0.0657143
0.410714 0.0821429
0.410714 0.0985714
0.410714 0.115
0.410714 0.131429
0.410714 0.147857
0.410714 0.164286
0.410714 0.180714
0.410714 0.197143
0.410714 0.213571
0.410714 0.23
0.410714 0.246429
0.410714 0.262857
0.410714 0.279286
0.410714 0.295714
0.410714 0.312143
0.410714 0.328571
0.410714 0.345
0.410714 0.361429
0.410714 0.377857
0.410714 0.394286
0.410714 0.410714
0.410714 0.427143
0.410714 0.443571
0.410714 0.46
0.410714 0.476429
0.410714 0.492857
0.410714 0.509286
0.410714 0.525714
0.410714 0.542143
0.410714 0.558571
0.410714 0.575
0.410714 0.591429
0.410714 0.607857
0.410714 0.624286
0.410714 0.640714
0.410714 0.657143
0.410714 0.673571
0.410714 0.69
0.410714 0.706429
0.410714 0.722857
0.410714 0.739286
0.410714 0.755714
0.410714 0.772143
0.410714 0.788571
0.410714 0.805
0.410714 0.821429
0.410714 0.837857
0.410714 0.854286
0.410714 0.870714
0.410714 0.887143
0.410714 0.903571
0.410714 0.92
0.410714 0.936429
0.410714 0.952857
0.410714 0.969286
0.410714 0.985714
0.427143 0
0.427143 0.0164286
0.427143 0.0328571
0.427143 0.0492857
0.427143 0.0657143
0.427143 0.0821429
0.427143 0.0985714
0.427143 0.115
0.427143 0.131429
0.427143 0.147857
0.427143 0.164286
0.427143 0.180714
0.427143 0.197143
0.427143 0.213571
0.427143 0.23
0.427143 0.246429
0.427143 0.262857
0.427143 0.279286
0.427143 0.295714
0.427143 0.312143
0.427143 0.328571
0.427143 0.345
0.427143 0.361429
0.427143 0.377857
0.427143 0.394286
0.427143 0.410714
0.427143 0.427143
0.427143 0.443571
0.427143 0.46
0.427143 0.476429
0.427143 0.492857
0.427143 0.509286
0.427143 0.525714
0.427143 0.542143
0.427143 0.558571
0.427143 0.575
0.427143 0.591429
0.427143 0.607857
0.427143 0.624286
0.427143 0.640714
0.427143 0.657143
0.427143 0.673571
0.427143 0.69
0.427143 0.706429
0.427143 0.722857
0.427143 0.739286
0.427143 0.755714
0.427143 0.772143
0.427143 0.788571
0.427143 0.805
0.427143 0.821429
0.427143 0.837857
0.427143 0.854286
0.427143 0.870714
0.427143 0.887143
0.427143 0.903571
0.427143 0.92
0.427143 0.936429
0.427143 0.952857
0.427143 0.969286
0.427143 0.985714
0.443571 0
0.443571 0.0164286
0.443571 0.0328571
0.443571 0.0492857
0.443571 0.0657143
0.443571 0.0821429
0.443571 0.0985714
0.443571 0.115
0.443571 0.131429
0.443571 0.147857
0.443571 0.164286
0.443571 0.180714
0.443571 0.197143
0.443571 0.213571
0.443571 0.23
0.443571 0.246429
0.443571 0.262857
0.443571 0.279286
0.443571 0.295714
0.443571 0.312143
0.443571 0.328571
0.443571 0.345
0.443571 0.361429
0.443571 0.377857
0.443571 0.394286
0.443571 0.410714
0.443571 0.427143
0.443571 0.443571
0.443571 0.46
0.443571 0.476429
0.443571 0.492857
0.443571 0.509286
0.443571 0.525714
0.443571 0.542143
0.443571 0.558571
0.443571 0.575
0.443571 0.591429
0.443571 0.607857
0.443571 0.624286
0.443571 0.640714
0.443571 0.657143
0.443571 0.673571
0.443571 0.69
0.443571 0.706429
0.443571 0.722857
0.443571 0.739286
0.443571 0.755714
0.443571 0.772143
0.443571 0.788571
0.443571 0.805
0.443571 0.821429
0.443571 0.837857
0.443571 0.854286
0.443571 0.870714
0.443571 0.887143
0.443571 0.903571
0.443571 0.92
0.443571 0.936429
0.443571 0.952857
0.443571 0.969286
0.443571 0.985714
0.46 0
0.46 0.0164286
0.46 0.0328571
0.46 0.0492857
0.46 0.0657143
0.46 0.0821429
0.46 0.0985714
0.46 0.115
0.46 0.131429
0.46 0.147857
0.46 0.164286
0.46 0.180714
0.46 0.197143
0.46 0.213571
0.46 0.23
0.46 0.246429
0.46 0.262857
0.46 0.279286
0.46 0.295714
0.46 0.312143
0.46 0.328571
0.46 0.345
0.46 0.361429
0.46 0.377857
0.46 0.394286
0.46 0.410714
0.46 0.427143
0.46 0.443571
0.46 0.46
0.46 0.476429
0.46 0.492857
0.46 0.509286
0.46 0.525714
0.46 0.542143
0.46 0.558571
0.46 0.575
0.46 0.591429
0.46 0.607857
0.46 0.624286
0.46 0.640714
0.46 0.657143
0.46 0.673571
0.46 0.69
0.46 0.706429
0.46 0.722857
0.46 0.739286
0.46 0.755714
0.46 0.772143
0.46 0.788571
0.46 0.805
0.46 0.821429
0.46 0.837857
0.46 0.854286
0.46 0.870714
0.46 0.887143
0.46 0.903571
0.46 0.92
0.46 0.936429
0.46 0.952857
0.46 0.969286
0.46 0.985714
0.476429 0
0.476429 0.0164286
0.476429 0.0328571
0.476429 0.0492857
0.476429 0.0657143
0.476429 0.0821429
0.476429 0.0985714
0.476429 0.115
0.476429 0.131429
0.476429 0.147857
0.476429 0.164286
0.476429 0.180714
0.476429 0.197143
0.476429 0.213571
0.476429 0.23
0.476429 0.246429
0.476429 0.262857
0.476429 0.279286
0.476429 0.295714
0.476429 0.312143
0.476429 0.328571
0.476429 0.345
0.476429 0.361429
0.476429 0.377857
0.476429 0.394286
0.476429 0.410714
0.476429 0.427143
0.476429 0.443571
0.476429 0.46
0.476429 0.476429
0.476429 0.492857
0.476429 0.509286
0.476429 0.525714
0.476429 0.542143
0.476429 0.558571
0.476429 0.575
0.476429 0.591429
0.476429 0.607857
0.476429 0.624286
0.476429 0.640714
0.476429 0.657143
0.476429 0.673571
0.476429 0.69
0.476429 0.706429
0.476429 0.722857
0.476429 0.739286
0.476429 0.755714
0.476429 0.772143
0.476429 0.788571
0.476429 0.805
0.476429 0.821429
0.476429 0.837857
0.476429 0.854286
0.476429 0.870714
0.476429 0.887143
0.476429 0.903571
0.476429 0.92
0.476429 0.936429
0.476429 0.952857
0.476429 0.969286
0.476429 0.985714
0.492857 0
0.492857 0.0164286
0.492857 0.0328571
0.492857 0.0492857
0.492857 0.0657143
0.492857 0.0821429
0.492857 0.0985714
0.492857 0.115
0.492857 0.131429
0.492857 0.147857
0.492857 0.164286
0.492857 0.180714
0.492857 0.197143
0.492857 0.213571
0.492857 0.23
0.492857 0.246429
0.492857 0.262857
0.492857 0.279286
0.492857 0.295714
0.492857 0.312143
0.492857 0.328571
0.492857 0.345
0.492857 0.361429
0.492857 0.377857
0.492857 0.394286
0.492857 0.410714
0.492857 0.427143
0.492857 0.443571
0.492857 0.46
0.492857 0.476429
0.492857 0.492857
0.492857 0.509286
0.492857 0.525714
0.492857 0.542143
0.492857 0.558571
0.492857 0.575
0.492857 0.591429
0.492857 0.607857
0.492857 0.624286
0.492857 0.640714
0.492857 0.657143
0.492857 0.673571
0.492857 0.69
0.492857 0.706429
0.492857 0.722857
0.492857 0.739286
0.492857 0.755714
0.492857 0.772143
0.492857 0.788571
0.492857 0.805
0.492857 0.821429
0.492857 0.837857
0.492857 0.854286
0.492857 0.870714
0.492857 0.887143
0.492857 0.903571
0.492857 0.92
0.492857 0.936429
0.492857 0.952857
0.492857 0.969286
0.492857 0.985714
0.509286 0
0.509286 0.0164286
0.509286 0.0328571
0.509286 0.0492857
0.509286 0.0657143
0.509286 0.0821429
0.509286 0.0985714
0.509286 0.115
0.509286 0.131429
0.509286 0.147857
0.509286 0.164286
0.509286 0.180714
0.509286 0.197143
0.509286 0.213571
0.509286 0.23
0.509286 0.246429
0.509286 0.262857
0.509286 0.279286
0.509286 0.295714
0.509286 0.312143
0.509286 0.328571
0.509286 0.345
0.509286 0.361429
0.509286 0.377857
0.509286 0.394286
0.509286 0.410714
0.509286 0.427143
0.509286 0.443571
0.509286 0.46
0.509286 0.476429
0.509286 0.492857
0.509286 0.509286
0.509286 0.525714
0.509286 0.542143
0.509286 0.558571
0.509286 0.575
0.509286 0.591429
0.509286 0.607857
0.509286 0.624286
0.509286 0.640714
0.509286 0.657143
0.509286 0.673571
0.509286 0.69
0.509286 0.706429
0.509286 0.722857
0.509286 0.739286
0.509286 0.755714
0.509286 0.772143
0.509286 0.788571
0.509286 0.805
0.509286 0.821429
0.509286 0.837857
0.509286 0.854286
0.509286 0.870714
0.509286 0.887143
0.509286 0.903571
0.509286 0.92
0.509286 0.936429
0.509286 0.952857
0.509286 0.969286
0.509286 0.985714
0.525714 0
0.525714 0.0164286
0.525714 0.0328571
0.525714 0.0492857
0.525714 0.0657143
0.525714 0.0821429
0.525714 0.0985714
0.525714 0.115
0.525714 0.131429
0.525714 0.147857
0.525714 0.164286
0.525714 0.180714
0.525714 0.197143
0.525714 0.213571
0.525714 0.23
0.525714 0.246429
0.525714 0.262857
0.525714 0.279286
0.525714 0.295714
0.525714 0.312143
0.525714 0.328571
0.525714 0.345
0.525714 0.361429
0.525714 0.377857
0.525714 0.394286
0.525714 0.410714
0.525714 0.427143
0.525714 0.443571
0.525714 0.46
0.525714 0.476429
0.525714 0.492857
0.525714 0.509286
0.525714 0.525714
0.525714 0.542143
0.525714 0.558571
0.525714 0.575
0.525714 0.591429
0.525714 0.607857
0.525714 0.624286
0.525714 0.640714
0.525714 0.657143
0.525714 0.673571
0.525714 0.69
0.525714 0.706429
0.525714 0.722857
0.525714 0.739286
0.525714 0.755714
0.525714 0.772143
0.525714 0.788571
0.525714 0.805
0.525714 0.821429
0.525714 0.837857
0.525714 0.854286
0.525714 0.870714
0.525714 0.887143
0.525714 0.903571
0.525714 0.92
0.525714 0.936429
0.525714 0.952857
0.525714 0.969286
0.525714 0.985714
0.542143 0
0.542143 0.0164286
0.542143 0.0328571
0.542143 0.0492857
0.542143 0.0657143
0.542143 0.0821429
0.542143 0.0985714
0.542143 0.115
0.542143 0.131429
0.542143 0.147857
0.542143 0.164286
0.542143 0.180714
0.542143 0.197143
0.542143 0.213571
0.542143 0.23
0.542143 0.246429
0.542143 0.262857
0.542143 0.279286
0.542143 0.295714
0.542143 0.312143
0.542143 0.328571
0.542143 0.345
0.542143 0.361429
0.542143 0.377857
0.542143 0.394286
0.542143 0.410714
0.542143 0.427143
0.542143 0.443571
0.542143 0.46
0.542143 0.476429
0.542143 0.492857
0.542143 0.509286
0.542143 0.525714
0.542143 0.542143
0.542143 0.558571
0.542143 0.575
0.542143 0.591429
0.542143 0.607857
0.542143 0.624286
0.542143 0.640714
0.542143 0.657143
0.542143 0.673571
0.542143 0.69
0.542143 0.706429
0.542143 0.722857
0.542143 0.739286
0.542143 0.755714
0.542143 0.772143
0.542143 0.788571
0.542143 0.805
0.542143 0.821429
0.542143 0.837857
0.542143 0.854286
0.542143 0.870714
0.542143 0.887143
0.542143 0.903571
0.542143 0.92
0.542143 0.936429
0.542143 0.952857
0.542143 0.969286
0.542143 0.985714
0.558571 0
0.558571 0.0164286
0.558571 0.0328571
0.558571 0.0492857
0.558571 0.0657143
0.558571 0.0821429
0.558571 0.0985714
0.558571 0.115
0.558571 0.131429
0.558571 0.147857
0.558571 0.164286
0.558571 0.180714
0.558571 0.197143
0.558571 0.213571
0.558571 0.23
0.558571 0.246429
0.558571 0.262857
0.558571 0.279286
0.558571 0.295714
0.558571 0.312143
0.558571 0.328571
0.558571 0.345
0.558571 0.361429
0.558571 0.377857
0.558571 0.394286
0.558571 0.410714
0.558571 0.427143
0.558571 0.443571
0.558571 0.46
0.558571 0.476429
0.558571 0.492857
0.558571 0.509286
0.558571 0.525714
0.558571 0.542143
0.558571 0.558571
0.558571 0.575
0.558571 0.591429
0.558571 0.607857
0.558571 0.624286
0.558571 0.640714
0.558571 0.657143
0.558571 0.673571
0.558571 0.69
0.558571 0.706429
0.558571 0.722857
0.558571 0.739286
0.558571 0.755714
0.558571 0.772143
0.558571 0.788571
0.558571 0.805
0.558571 0.821429
0.558571 0.837857
0.558571 0.854286
0.558571 0.870714
0.558571 0.887143
0.558571 0.903571
0.558571 0.92
0.558571 0.936429
0.558571 0.952857
0.558571 0.969286
0.558571 0.985714
0.575 0
0.575 0.0164286
0.575 0.0328571
0.575 0.0492857
0.575 0.0657143
0.575 0.0821429
0.575 0.0985714
0.575 0.115
0.575 0.131429
0.575 0.147857
0.575 0.164286
0.575 0.180714
0.575 0.197143
0.575 0.213571
0.575 0.23
0.575 0.246429
0.575 0.262857
0.575 0.279286
0.575 0.295714
0.575 0.312143
0.575 0.328571
0.575 0.345
0.575 0.361429
0.575 0.377857
0.575 0.394286
0.575 0.410714
0.575 0.427143
0.575 0.443571
0.575 0.46
0.575 0.476429
0.575 0.492857
0.575 0.509286
0.575 0.525714
0.575 0.542143
0.575 0.558571
0.575 0.575
0.575 0.591429
0.575 0.607857
0.575 0.624286
0.575 0.640714
0.575 0.657143
0.575 0.673571
0.575 0.69
0.575 0.706429
0.575 0.722857
0.575 0.739286
0.575 0.755714
0.575 0.772143
0.575 0.788571
0.575 0.805
0.575 0.821429
0.575 0.837857
0.575 0.854286
0.575 0.870714
0.575 0.887143
0.575 0.903571
0.575 0.92
0.575 0.936429
0.575 0.952857
0.575 0.969286
0.575 0.985714
0.591429 0
0.591429 0.0164286
0.591429 0.0328571
0.591429 0.0492857
0.591429 0.0657143
0.591429 0.0821429
0.591429 0.0985714
0.591429 0.115
0.591429 0.131429
0.591429 0.147857
0.591429 0.164286
0.591429 0.180714
0.591429 0.197143
0.591429 0.213571
0.591429 0.23
0.591429 0.246429
0.591429 0.262857
0.591429 0.279286
0.591429 0.295714
0.591429 0.312143
0.591429 0.328571
0.591429 0.345
0.591429 0.361429
0.591429 0.377857
0.591429 0.394286
0.591429 0.410714
0.591429 0.427143
0.591429 0.443571
0.591429 0.46
0.591429 0.476429
0.591429 0.492857
0.591429 0.509286
0.591429 0.525714
0.591429 0.542143
0.591429 0.558571
0.591429 0.575
0.591429 0.591429
0.591429 0.607857
0.591429 0.624286
0.591429 0.640714
0.591429 0.657143
0.591429 0.673571
0.591429 0.69
0.591429 0.706429
0.591429 0.722857
0.591429 0.739286
0.591429 0.755714
0.591429 0.772143
0.591429 0.788571
0.591429 0.805
0.591429 0.821429
0.591429 0.837857
0.591429 0.854286
0.591429 0.870714
0.591429 0.887143
0.591429 0.903571
0.591429 0.92
0.591429 0.936429
0.591429 0.952857
0.591429 0.969286
0.591429 0.985714
0.607857 0
0.607857 0.0164286
0.607857 0.0328571
0.607857 0.0492857
0.607857 0.0657143
0.607857 0.0821429
0.607857 0.0985714
0.607857 0.115
0.607857 0.131429
0.607857 0.147857
0.607857 0.164286
0.607857 0.180714
0.607857 0.197143
0.607857 0.213571
0.607857 0.23
0.607857 0.246429
0.607857 0.262857
0.607857 0.279286
0.607857 0.295714
0.607857 0.312143
0.607857 0.328571
0.607857 0.345
0.607857 0.361429
0.607857 0.377857
0.607857 0.394286
0.607857 0.410714
0.607857 0.427143
0.607857 0.443571
0.607857 0.46
0.607857 0.476429
0.607857 0.492857
0.607857 0.509286
0.607857 0.525714
0.607857 0.542143
0.607857 0.558571
0.607857 0.575
0.607857 0.591429
0.607857 0.607857
0.607857 0.624286
0.607857 0.640714
0.607857 0.657143
0.607857 0.673571
0.607857 0.69
0.607857 0.706429
0.607857 0.722857
0.607857 0.739286
0.607857 0.755714
0.607857 0.772143
0.607857 0.788571
0.607857 0.805
0.607857 0.821429
0.607857 0.837857
0.607857 0.854286
0.607857 0.870714
0.607857 0.887143
0.607857 0.903571
0.607857 0.92
0.607857 0.936429
0.607857 0.952857
0.607857 0.969286
0.607857 0.985714
0.624286 0
0.624286 0.0164286
0.624286 0.0328571
0.624286 0.0492857
0.624286 0.0657143
0.624286 0.0821429
0.624286 0.0985714
0.624286 0.115
0.624286 0.131429
0.624286 0.147857
0.624286 0.164286
0.624286 0.180714
0.624286 0.197143
0.624286 0.213571
0.624286 0.23
0.624286 0.246429
0.624286 0.262857
0.624286 0.279286
0.624286 0.295714
0.624286 0.312143
0.624286 0.328571
0.624286 0.345
0.624286 0.361429
0.624286 0.377857
0.624286 0.394286
0.624286 0.410714
0.624286 0.427143
0.624286 0.443571
0.624286 0.46
0.624286 0.476429
0.624286 0.492857
0.624286 0.509286
0.624286 0.525714
0.624286 0.542143
0.624286 0.558571
0.624286 0.575
0.624286 0.591429
0.624286 0.607857
0.624286 0.624286
0.624286 0.640714
0.624286 0.657143
0.624286 0.673571
0.624286 0.69
0.624286 0.706429
0.624286 0.722857
0.624286 0.739286
0.624286 0.755714
0.624286 0.772143
0.624286 0.788571
0.624286 0.805
0.624286 0.821429
0.624286 0.837857
0.624286 0.854286
0.624286 0.870714
0.624286 0.887143
0.624286 0.903571
0.624286 0.92
0.624286 0.936429
0.624286 0.952857
0.624286 0.969286
0.624286 0.985714
0.640714 0
0.640714 0.0164286
0.640714 0.0328571
0.640714 0.0492857
0.640714 0.0657143
0.640714 0.0821429
0.640714 0.0985714
0.640714 0.115
0.640714 0.131429
0.640714 0.147857
0.640714 0.164286
0.640714 0.180714
0.640714 0.197143
0.640714 0.213571
0.640714 0.23
0.640714 0.246429
0.640714 0.262857
0.640714 0.279286
0.640714 0.295714
0.640714 0.312143
0.640714 0.328571
0.640714 0.345
0.640714 0.361429
0.640714 0.377857
0.640714 0.394286
0.640714 0.410714
0.640714 0.427143
0.640714 0.443571
0.640714 0.46
0.640714 0.476429
0.640714 0.492857
0.640714 0.509286
0.640714 0.525714
0.640714 0.542143
0.640714 0.558571
0.640714 0.575
0.640714 0.591429
0.640714 0.607857
0.640714 0.624286
0.640714 0.640714
0.640714 0.657143
0.640714 0.673571
0.640714 0.69
0.640714 0.706429
0.640714 0.722857
0.640714 0.739286
0.640714 0.755714
0.640714 0.772143
0.640714 0.788571
0.640714 0.805
0.640714 0.821429
0.640714 0.837857
0.640714 0.854286
0.640714 0.870714
0.640714 0.887143
0.640714 0.903571
0.640714 0.92
0.640714 0.936429
0.640714 0.952857
0.640714 0.969286
0.640714 0.985714
0.657143 0
0.657143 0.0164286
0.657143 0.0328571
0.657143 0.0492857
0.657143 0.0657143
0.657143 0.0821429
0.657143 0.0985714
0.657143 0.115
0.657143 0.131429
0.657143 0.147857
0.657143 0.164286
0.657143 0.180714
0.657143 0.197143
0.657143 0.213571
0.657143 0.23
0.657143 0.246429
0.657143 0.262857
0.657143 0.279286
0.657143 0.295714
0.657143 0.312143
0.657143 0.328571
0.657143 0.345
0.657143 0.361429
0.657143 0.377857
0.657143 0.394286
0.657143 0.410714
0.657143 0.427143
0.657143 0.443571
0.657143 0.46
0.657143 0.476429
0.657143 0.492857
0.657143 0.509286
0.657143 0.525714
0.657143 0.542143
0.657143 0.558571
0.657143 0.575
0.657143 0.591429
0.657143 0.607857
0.657143 0.624286
0.657143 0.640714
0.657143 0.657143
0.657143 0.673571
0.657143 0.69
0.657143 0.706429
0.657143 0.722857
0.657143 0.739286
0.657143 0.755714
0.657143 0.772143
0.657143 0.788571
0.657143 0.805
0.657143 0.821429
0.657143 0.837857
0.657143 0.854286
0.657143 0.870714
0.657143 0.887143
0.657143 0.903571
0.657143 0.92
0.657143 0.936429
0.657143 0.952857
0.657143 0.969286
0.657143 0.985714
0.673571 0
0.673571 0.0164286
0.673571 0.0328571
0.673571 0.0492857
0.673571 0.0657143
0.673571 0.0821429
0.673571 0.0985714
0.673571 0.115
0.673571 0.131429
0.673571 0.147857
0.673571 0.164286
0.673571 0.180714
0.673571 0.197143
0.673571 0.213571
0.673571 0.23
0.673571 0.246429
0.673571 0.262857
0.673571 0.279286
0.673571 0.295714
0.673571 0.312143
0.673571 0.328571
0.673571 0.345
0.673571 0.361429
0.673571 0.377857
0.673571 0.394286
0.673571 0.410714
0.673571 0.427143
0.673571 0.443571
0.673571 0.46
0.673571 0.476429
0.673571 0.492857
0.673571 0.509286
0.673571 0.525714
0.673571 0.542143
0.673571 0.558571
0.673571 0.575
0.673571 0.591429
0.673571 0.607857
0.673571 0.624286
0.673571 0.640714
0.673571 0.657143
0.673571 0.673571
0.673571 0.69
0.673571 0.706429
0.673571 0.722857
0.673571 0.739286
0.673571 0.755714
0.673571 0.772143
0.673571 0.788571
0.673571 0.805
0.673571 0.821429
0.673571 0.837857
0.673571 0.854286
0.673571 0.870714
0.673571 0.887143
0.673571 0.903571
0.673571 0.92
0.673571 0.936429
0.673571 0.952857
0.673571 0.969286
0.673571 0.985714
0.69 0
0.69 0.0164286
0.69 0.0328571
0.69 0.0492857
0.69 0.0657143
0.69 0.0821429
0.69 0.0985714
0.69 0.115
0.69 0.131429
0.69 0.147857
0.69 0.164286
0.69 0.180714
0.69 0.197143
0.69 0.213571
0.69 0.23
0.69 0.246429
0.69 0.262857
0.69 0.279286
0.69 0.295714
0.69 0.312143
0.69 0.328571
0.69 0.345
0.69 0.361429
0.69 0.377857
0.69 0.394286
0.69 0.410714
0.69 0.427143
0.69 0.443571
0.69 0.46
0.69 0.476429
0.69 0.492857
0.69 0.509286
0.69 0.525714
0.69 0.542143
0.69 0.558571
0.69 0.575
0.69 0.591429
0.69 0.607857
0.69 0.624286
0.69 0.640714
0.69 0.657143
0.69 0.673571
0.69 0.69
0.69 0.706429
0.69 0.722857
0.69 0.739286
0.69 0.755714
0.69 0.772143
0.69 0.788571
0.69 0.805
0.69 0.821429
0.69 0.837857
0.69 0.854286
0.69 0.870714
0.69 0.887143
0.69 0.903571
0.69 0.92
0.69 0.936429
0.69 0.952857
0.69 0.969286
0.69 0.985714
0.706429 0
0.706429 0.0164286
0.706429 0.0328571
0.706429 0.0492857
0.706429 0.0657143
0.706429 0.0821429
0.706429 0.0985714
0.706429 0.115
0.706429 0.131429
0.706429 0.147857
0.706429 0.164286
0.706429 0.180714
0.706429 0.197143
0.706429 0.213571
0.706429 0.23
0.706429 0.246429
0.706429 0.262857
0.706429 0.279286
0.706429 0.295714
0.706429 0.312143
0.706429 0.328571
0.706429 0.345
0.706429 0.361429
0.706429 0.377857
0.706429 0.394286
0.706429 0.410714
0.706429 0.427143
0.706429 0.443571
0.706429 0.46
0.706429 0.476429
0.706429 0.492857
0.706429 0.509286
0.706429 0.525714
0.706429 0.542143
0.706429 0.558571
0.706429 0.575
0.706429 0.591429
0.706429 0.607857
0.706429 0.624286
0.706429 0.640714
0.706429 0.657143
0.706429 0.673571
0.706429 0.69
0.706429 0.706429
0.706429 0.722857
0.706429 0.739286
0.706429 0.755714
0.706429 0.772143
0.706429 0.788571
0.706429 0.805
0.706429 0.821429
0.706429 0.837857
0.706429 0.854286
0.706429 0.870714
0.706429 0.887143
0.706429 0.903571
0.706429 0.92
0.706429 0.936429
0.706429 0.952857
0.706429 0.969286
0.706429 0.985714
0.722857 0
0.722857 0.0164286
0.722857 0.0328571
0.722857 0.0492857
0.722857 0.0657143
0.722857 0.0821429
0.722857 0.0985714
0.722857 0.115
0.722857 0.131429
0.722857 0.147857
0.722857 0.164286
0.722857 0.180714
0.722857 0.197143
0.722857 0.213571
0.722857 0.23
0.722857 0.246429
0.722857 0.262857
0.722857 0.279286
0.722857 0.295714
0.722857 0.312143
0.722857 0.328571
0.722857 0.345
0.722857 0.361429
0.722857 0.377857
0.722857 0.394286
0.722857 0.410714
0.722857 0.427143
0.722857 0.443571
0.722857 0.46
0.722857 0.476429
0.722857 0.492857
0.722857 0.509286
0.722857 0.525714
0.722857 0.542143
0.722857 0.558571
0.722857 0.575
0.722857 0.591429
0.722857 0.607857
0.722857 0.624286
0.722857 0.640714
0.722857 0.657143
0.722857 0.673571
0.722857 0.69
0.722857 0.706429
0.722857 0.722857
0.722857 0.739286
0.722857 0.755714
0.722857 0.772143
0.722857 0.788571
0.722857 0.805
0.722857 0.821429
0.722857 0.837857
0.722857 0.854286
0.722857 0.870714
0.722857 0.887143
0.722857 0.903571
0.722857 0.92
0.722857 0.936429
0.722857 0.952857
0.722857 0.969286
0.722857 0.985714
0.739286 0
0.739286 0.0164286
0.739286 0.0328571
0.739286 0.0492857
0.739286 0.0657143
0.739286 0.0821429
0.739286 0.0985714
0.739286 0.115
0.739286 0.131429
0.739286 0.147857
0.739286 0.164286
0.739286 0.180714
0.739286 0.197143
0.739286 0.213571
0.739286 0.23
0.739286 0.246429
0.739286 0.262857
0.739286 0.279286
0.739286 0.295714
0.739286 0.312143
0.739286 0.328571
0.739286 0.345
0.739286 0.361429
0.739286 0.377857
0.739286 0.394286
0.739286 0.410714
0.739286 0.427143
0.739286 0.443571
0.739286 0.46
0.739286 0.476429
0.739286 0.492857
0.739286 0.509286
0.739286 0.525714
0.739286 0.542143
0.739286 0.558571
0.739286 0.575
0.739286 0.591429
0.739286 0.607857
0.739286 0.624286
0.739286 0.640714
0.739286 0.657143
0.739286 0.673571
0.739286 0.69
0.739286 0.706429
0.739286 0.722857
0.739286 0.739286
0.739286 0.755714
0.739286 0.772143
0.739286 0.788571
0.739286 0.805
0.739286 0.821429
0.739286 0.837857
0.739286 0.854286
0.739286 0.870714
0.739286 0.887143
0.739286 0.903571
0.739286 0.92
0.739286 0.936429
0.739286 0.952857
0.739286 0.969286
0.739286 0.985714
0.755714 0
0.755714 0.0164286
0.755714 0.0328571
0.755714 0.0492857
0.755714 0.0657143
0.755714 0.0821429
0.755714 0.0985714
0.755714 0.115
0.755714 0.131429
0.755714 0.147857
0.755714 0.164286
0.755714 0.180714
0.755714 0.197143
0.755714 0.213571
0.755714 0.23
0.755714 0.246429
0.755714 0.262857
0.755714 0.279286
0.755714 0.295714
0.755714 0.312143
0.755714 0.328571
0.755714 0.345
0.755714 0.361429
0.755714 0.377857
0.755714 0.394286
0.755714 0.410714
0.755714 0.427143
0.755714 0.443571
0.755714 0.46
0.755714 0.476429
0.755714 0.492857
0.755714 0.509286
0.755714 0.525714
0.755714 0.542143
0.755714 0.558571
0.755714 0.575
0.755714 0.591429
0.755714 0.607857
0.755714 0.624286
0.755714 0.640714
0.755714 0.657143
0.755714 0.673571
0.755714 0.69
0.755714 0.706429
0.755714 0.722857
0.755714 0.739286
0.755714 0.755714
0.755714 0.772143
0.755714 0.788571
0.755714 0.805
0.755714 0.821429
0.755714 0.837857
0.755714 0.854286
0.755714 0.870714
0.755714 0.887143
0.755714 0.903571
0.755714 0.92
0.755714 0.936429
0.755714 0.952857
0.755714 0.969286
0.755714 0.985714
0.772143 0
0.772143 0.0164286
0.772143 0.0328571
0.772143 0.0492857
0.772143 0.0657143
0.772143 0.0821429
0.772143 0.0985714
0.772143 0.115
0.772143 0.131429
0.772143 0.147857
0.772143 0.164286
0.772143 0.180714
0.772143 0.197143
0.772143 0.213571
0.772143 0.23
0.772143 0.246429
0.772143 0.262857
0.772143 0.279286
0.772143 0.295714
0.772143 0.312143
0.772143 0.328571
0.772143 0.345
0.772143 0.361429
0.772143 0.377857
0.772143 0.394286
0.772143 0.410714
0.772143 0.427143
0.772143 0.443571
0.772143 0.46
0.772143 0.476429
0.772143 0.492857
0.772143 0.509286
0.772143 0.525714
0.772143 0.542143
0.772143 0.558571
0.772143 0.575
0.772143 0.591429
0.772143 0.607857
0.772143 0.624286
0.772143 0.640714
0.772143 0.657143
0.772143 0.673571
0.772143 0.69
0.772143 0.706429
0.772143 0.722857
0.772143 0.739286
0.772143 0.755714
0.772143 0.772143
0.772143 0.788571
0.772143 0.805
0.772143 0.821429
0.772143 0.837857
0.772143 0.854286
0.772143 0.870714
0.772143 0.887143
0.772143 0.903571
0.772143 0.92
0.772143 0.936429
0.772143 0.952857
0.772143 0.969286
0.772143 0.985714
0.788571 0
0.788571 0.0164286
0.788571 0.0328571
0.788571 0.0492857
0.788571 0.0657143
0.788571 0.0821429
0.788571 0.0985714
0.788571 0.115
0.788571 0.131429
0.788571 0.147857
0.788571 0.164286
0.788571 0.180714
0.788571 0.197143
0.788571 0.213571
0.788571 0.23
0.788571 0.246429
0.788571 0.262857
0.788571 0.279286
0.788571 0.295714
0.788571 0.312143
0.788571 0.328571
0.788571 0.345
0.788571 0.361429
0.788571 0.377857
0.788571 0.394286
0.788571 0.410714
0.788571 0.427143
0.788571 0.443571
0.788571 0.46
0.788571 0.476429
0.788571 0.492857
0.788571 0.509286
0.788571 0.525714
0.788571 0.542143
0.788571 0.558571
0.788571 0.575
0.788571 0.591429
0.788571 0.607857
0.788571 0.624286
0.788571 0.640714
0.788571 0.657143
0.788571 0.673571
0.788571 0.69
0.788571 0.706429
0.788571 0.722857
0.788571 0.739286
0.788571 0.755714
0.788571 0.772143
0.788571 0.788571
0.788571 0.805
0.788571 0.821429
0.788571 0.837857
0.788571 0.854286
0.788571 0.870714
0.788571 0.887143
0.788571 0.903571
0.788571 0.92
0.788571 0.936429
0.788571 0.952857
0.788571 0.969286
0.788571 0.985714
0.805 0
0.805 0.0164286
0.805 0.0328571
0.805 0.0492857
0.805 0.0657143
0.805 0.0821429
0.805 0.0985714
0.805 0.115
0.805 0.131429
0.805 0.147857
0.805 0.164286
0.805 0.180714
0.805 0.197143
0.805 0.213571
0.805 0.23
0.805 0.246429
0.805 0.262857
0.805 0.279286
0.805 0.295714
0.805 0.312143
0.805 0.328571
0.805 0.345
0.805 0.361429
0.805 0.377857
0.805 0.394286
0.805 0.410714
0.805 0.427143
0.805 0.443571
0.805 0.46
0.805 0.476429
0.805 0.492857
0.805 0.509286
0.805 0.525714
0.805 0.542143
0.805 0.558571
0.805 0.575
0.805 0.591429
0.805 0.607857
0.805 0.624286
0.805 0.640714
0.805 0.657143
0.805 0.673571
0.805 0.69
0.805 0.706429
0.805 0.722857
0.805 0.739286
0.805 0.755714
0.805 0.772143
0.805 0.788571
0.805 0.805
0.805 0.821429
0.805 0.837857
0.805 0.854286
0.805 0.870714
0.805 0.887143
0.805 0.903571
0.805 0.92
0.805 0.936429
0.805 0.952857
0.805 0.969286
0.805 0.985714
0.821429 0
0.821429 0.0164286
0.821429 0.0328571
0.821429 0.0492857
0.821429 0.0657143
0.821429 0.0821429
0.821429 0.0985714
0.821429 0.115
0.821429 0.131429
0.821429 0.147857
0.821429 0.164286
0.821429 0.180714
0.821429 0.197143
0.821429 0.213571
0.821429 0.23
0.821429 0.246429
0.821429 0.262857
0.821429 0.279286
0.821429 0.295714
0.821429 0.312143
0.821429 0.328571
0.821429 0.345
0.821429 0.361429
0.821429 0.377857
0.821429 0.394286
0.821429 0.410714
0.821429 0.427143
0.821429 0.443571
0.821429 0.46
0.821429 0.476429
0.821429 0.492857
0.821429 0.509286
0.821429 0.525714
0.821429 0.542143
0.821429 0.558571
0.821429 0.575
0.821429 0.591429
0.821429 0.607857
0.821429 0.624286
0.821429 0.640714
0.821429 0.657143
0.821429 0.673571
0.821429 0.69
0.821429 0.706429
0.821429 0.722857
0.821429 0.739286
0.821429 0.755714
0.821429 0.772143
0.821429 0.788571
0.821429 0.805
0.821429 0.821429
0.821429 0.837857
0.821429 0.854286
0.821429 0.870714
0.821429 0.887143
0.821429 0.903571
0.821429 0.92
0.821429 0.936429
0.821429 0.952857
0.821429 0.969286
0.821429 0.985714
0.837857 0
0.837857 0.0164286
0.837857 0.0328571
0.837857 0.0492857
0.837857 0.0657143
0.837857 0.0821429
0.837857 0.0985714
0.837857 0.115
0.837857 0.131429
0.837857 0.147857
0.837857 0.164286
0.837857 0.180714
0.837857 0.197143
0.837857 0.213571
0.837857 0.23
0.837857 0.246429
0.837857 0.262857
0.837857 0.279286
0.837857 0.295714
0.837857 0.312143
0.837857 0.328571
0.837857 0.345
0.837857 0.361429
0.837857 0.377857
0.837857 0.394286
0.837857 0.410714
0.837857 0.427143
0.837857 0.443571
0.837857 0.46
0.837857 0.476429
0.837857 0.492857
0.837857 0.509286
0.837857 0.525714
0.837857 0.542143
0.837857 0.558571
0.837857 0.575
0.837857 0.591429
0.837857 0.607857
0.837857 0.624286
0.837857 0.640714
0.837857 0.657143
0.837857 0.673571
0.837857 0.69
0.837857 0.706429
0.837857 0.722857
0.837857 0.739286
0.837857 0.755714
0.837857 0.772143
0.837857 0.788571
0.837857 0.805
0.837857 0.821429
0.837857 0.837857
0.837857 0.854286
0.837857 0.870714
0.837857 0.887143
0.837857 0.903571
0.837857 0.92
0.837857 0.936429
0.837857 0.952857
0.837857 0.969286
0.837857 0.985714
0.854286 0
0.854286 0.0164286
0.854286 0.0328571
0.854286 0.0492857
0.854286 0.0657143
0.854286 0.0821429
0.854286 0.0985714
0.854286 0.115
0.854286 0.131429
0.854286 0.147857
0.854286 0.164286
0.854286 0.180714
0.854286 0.197143
0.854286 0.213571
0.854286 0.23
0.854286 0.246429
0.854286 0.262857
0.854286 0.279286
0.854286 0.295714
0.854286 0.312143
0.854286 0.328571
0.854286 0.345
0.854286 0.361429
0.854286 0.377857
0.854286 0.394286
0.854286 0.410714
0.854286 0.427143
0.854286 0.443571
0.854286 0.46
0.854286 0.476429
0.854286 0.492857
0.854286 0.509286
0.854286 0.525714
0.854286 0.542143
0.854286 0.558571
0.854286 0.575
0.854286 0.591429
0.854286 0.607857
0.854286 0.624286
0.854286 0.640714
0.854286 0.657143
0.854286 0.673571
0.854286 0.69
0.854286 0.706429
0.854286 0.722857
0.854286 0.739286
0.854286 0.755714
0.854286 0.772143
0.854286 0.788571
0.854286 0.805
0.854286 0.821429
0.854286 0.837857
0.854286 0.854286
0.854286 0.870714
0.854286 0.887143
0.854286 0.903571
0.854286 0.92
0.854286 0.936429
0.854286 0.952857
0.854286 0.969286
0.854286 0.985714
0.870714 0
0.870714 0.0164286
0.870714 0.0328571
0.870714 0.0492857
0.870714 0.0657143
0.870714 0.0821429
0.870714 0.0985714
0.870714 0.115
0.870714 0.131429
0.870714 0.147857
0.870714 0.164286
0.870714 0.180714
0.870714 0.197143
0.870714 0.213571
0.870714 0.23
0.870714 0.246429
0.870714 0.262857
0.870714 0.279286
0.870714 0.295714
0.870714 0.312143
0.870714 0.328571
0.870714 0.345
0.870714 0.361429
0.870714 0.377857
0.870714 0.394286
0.870714 0.410714
0.870714 0.427143
0.870714 0.443571
0.870714 0.46
0.870714 0.476429
0.870714 0.492857
0.870714 0.509286
0.870714 0.525714
0.870714 0.542143
0.870714 0.558571
0.870714 0.575
0.870714 0.591429
0.870714 0.607857
0.870714 0.624286
0.870714 0.640714
0.870714 0.657143
0.870714 0.673571
0.870714 0.69
0.870714 0.706429
0.870714 0.722857
0.870714 0.739286
0.870714 0.755714
0.870714 0.772143
0.870714 0.788571
0.870714 0.805
0.870714 0.821429
0.870714 0.837857
0.870714 0.854286
0.870714 0.870714
0.870714 0.887143
0.870714 0.903571
0.870714 0.92
0.870714 0.936429
0.870714 0.952857
0.870714 0.969286
0.870714 0.985714
0.887143 0
0.887143 0.0164286
0.887143 0.0328571
0.887143 0.0492857
0.887143 0.0657143
0.887143 0.0821429
0.887143 0.0985714
0.887143 0.115
0.887143 0.131429
0.887143 0.147857
0.887143 0.164286
0.887143 0.180714
0.887143 0.197143
0.887143 0.213571
0.887143 0.23
0.887143 0.246429
0.887143 0.262857
0.887143 0.279286
0.887143 0.295714
0.887143 0.312143
0.887143 0.328571
0.887143 0.345
0.887143 0.361429
0.887143 0.377857
0.887143 0.394286
0.887143 0.410714
0.887143 0.427143
0.887143 0.443571
0.887143 0.46
0.887143 0.476429
0.887143 0.492857
0.887143 0.509286
0.887143 0.525714
0.887143 0.542143
0.887143 0.558571
0.887143 0.575
0.887143 0.591429
0.887143 0.607857
0.887143 0.624286
0.887143 0.640714
0.887143 0.657143
0.887143 0.673571
0.887143 0.69
0.887143 0.706429
0.887143 0.722857
0.887143 0.739286
0.887143 0.755714
0.887143 0.772143
0.887143 0.788571
0.887143 0.805
0.887143 0.821429
0.887143 0.837857
0.887143 0.854286
0.887143 0.870714
0.887143 0.887143
0.887143 0.903571
0.887143 0.92
0.887143 0.936429
0.887143 0.952857
0.887143 0.969286
0.887143 0.985714
0.903571 0
0.903571 0.0164286
0.903571 0.0328571
0.903571 0.0492857
0.903571 0.0657143
0.903571 0.0821429
0.903571 0.0985714
0.903571 0.115
0.903571 0.131429
0.903571 0.147857
0.903571 0.164286
0.903571 0.180714
0.903571 0.197143
0.903571 0.213571
0.903571 0.23
0.903571 0.246429
0.903571 0.262857
0.903571 0.279286
0.903571 0.295714
0.903571 0.312143
0.903571 0.328571
0.903571 0.345
0.903571 0.361429
0.903571 0.377857
0.903571 0.394286
0.903571 0.410714
0.903571 0.427143
0.903571 0.443571
0.903571 0.46
0.903571 0.476429
0.903571 0.492857
0.903571 0.509286
0.903571 0.525714
0.903571 0.542143
0.903571 0.558571
0.903571 0.575
0.903571 0.591429
0.903571 0.607857
0.903571 0.624286
0.903571 0.640714
0.903571 0.657143
0.903571 0.673571
0.903571 0.69
0.903571 0.706429
0.903571 0.722857
0.903571 0.739286
0.903571 0.755714
0.903571 0.772143
0.903571 0.788571
0.903571 0.805
0.903571 0.821429
0.903571 0.837857
0.903571 0.854286
0.903571 0.870714
0.903571 0.887143
0.903571 0.903571
0.903571 0.92
0.903571 0.936429
0.903571 0.952857
0.903571 0.969286
0.903571 0.985714
0.92 0
0.92 0.0164286
0.92 0.0328571
0.92 0.0492857
0.92 0.0657143
0.92 0.0821429
0.92 0.0985714
0.92 0.115
0.92 0.131429
0.92 0.147857
0.92 0.164286
0.92 0.180714
0.92 0.197143
0.92 0.213571
0.92 0.23
0.92 0.246429
0.92 0.262857
0.92 0.279286
0.92 0.295714
0.92 0.312143
0.92 0.328571
0.92 0.345
0.92 0.361429
0.92 0.377857
0.92 0.394286
0.92 0.410714
0.92 0.427143
0.92 0.443571
0.92 0.46
0.92 0.476429
0.92 0.492857
0.92 0.509286
0.92 0.525714
0.92 0.542143
0.92 0.558571
0.92 0.575
0.92 0.591429
0.92 0.607857
0.92 0.624286
0.92 0.640714
0.92 0.657143
0.92 0.673571
0.92 0.69
0.92 0.706429
0.92 0.722857
0.92 0.739286
0.92 0.755714
0.92 0.772143
0.92 0.788571
0.92 0.805
0.92 0.821429
0.92 0.837857
0.92 0.854286
0.92 0.870714
0.92 0.887143
0.92 0.903571
0.92 0.92
0.92 0.936429
0.92 0.952857
0.92 0.969286
0.92 0.985714
0.936429 0
0.936429 0.0164286
0.936429 0.0328571
0.936429 0.0492857
0.936429 0.0657143
0.936429 0.0821429
0.936429 0.0985714
0.936429 0.115
0.936429 0.131429
0.936429 0.147857
0.936429 0.164286
0.936429 0.180714
0.936429 0.197143
0.936429 0.213571
0.936429 0.23
0.936429 0.246429
0.936429 0.262857
0.936429 0.279286
0.936429 0.295714
0.936429 0.312143
0.936429 0.328571
0.936429 0.345
0.936429 0.361429
0.936429 0.377857
0.936429 0.394286
0.936429 0.410714
0.936429 0.427143
0.936429 0.443571
0.936429 0.46
0.936429 0.476429
0.936429 0.492857
0.936429 0.509286
0.936429 0.525714
0.936429 0.542143
0.936429 0.558571
0.936429 0.575
0.936429 0.591429
0.936429 0.607857
0.936429 0.624286
0.936429 0.640714
0.936429 0.657143
0.936429 0.673571
0.936429 0.69
0.936429 0.706429
0.936429 0.722857
0.936429 0.739286
0.936429 0.755714
0.936429 0.772143
0.936429 0.788571
0.936429 0.805
0.936429 0.821429
0.936429 0.837857
0.936429 0.854286
0.936429 0.870714
0.936429 0.887143
0.936429 0.903571
0.936429 0.92
0.936429 0.936429
0.936429 0.952857
0.936429 0.969286
0.936429 0.985714
0.952857 0
0.952857 0.0164286
0.952857 0.0328571
0.952857 0.0492857
0.952857 0.0657143
0.952857 0.0821429
0.952857 0.0985714
0.952857 0.115
0.952857 0.131429
0.952857 0.147857
0.952857 0.164286
0.952857 0.180714
0.952857 0.197143
0.952857 0.213571
0.952857 0.23
0.952857 0.246429
0.952857 0.262857
0.952857 0.279286
0.952857 0.295714
0.952857 0.312143
0.952857 0.328571
0.952857 0.345
0.952857 0.361429
0.952857 0.377857
0.952857 0.394286
0.952857 0.410714
0.952857 0.427143
0.952857 0.443571
0.952857 0.46
0.952857 0.476429
0.952857 0.492857
0.952857 0.509286
0.952857 0.525714
0.952857 0.542143
0.952857 0.558571
0.952857 0.575
0.952857 0.591429
0.952857 0.607857
0.952857 0.624286
0.952857 0.640714
0.952857 0.657143
0.952857 0.673571
0.952857 0.69
0.952857 0.706429
0.952857 0.722857
0.952857 0.739286
0.952857 0.755714
0.952857 0.772143
0.952857 0.788571
0.952857 0.805
0.952857 0.821429
0.952857 0.837857
0.952857 0.854286
0.952857 0.870714
0.952857 0.887143
0.952857 0.903571
0.952857 0.92
0.952857 0.936429
0.952857 0.952857
0.952857 0.969286
0.952857 0.985714
0.969286 0
0.969286 0.0164286
0.969286 0.0328571
0.969286 0.0492857
0.969286 0.0657143
0.969286 0.0821429
0.969286 0.0985714
0.969286 0.115
0.969286 0.131429
0.969286 0.147857
0.969286 0.164286
0.969286 0.180714
0.969286 0.197143
0.969286 0.213571
0.969286 0.23
0.969286 0.246429
0.969286 0.262857
0.969286 0.279286
0.969286 0.295714
0.969286 0.312143
0.969286 0.328571
0.969286 0.345
0.969286 0.361429
0.969286 0.377857
0.969286 0.394286
0.969286 0.410714
0.969286 0.427143
0.969286 0.443571
0.969286 0.46
0.969286 0.476429
0.969286 0.492857
0.969286 0.509286
0.969286 0.525714
0.969286 0.542143
0.969286 0.558571
0.969286 0.575
0.969286 0.591429
0.969286 0.607857
0.969286 0.624286
0.969286 0.640714
0.969286 0.657143
0.969286 0.673571
0.969286 0.69
0.969286 0.706429
0.969286 0.722857
0.969286 0.739286
0.969286 0.755714
0.969286 0.772143
0.969286 0.788571
0.969286 0.805
0.969286 0.821429
0.969286 0.837857
0.969286 0.854286
0.969286 0.870714
0.969286 0.887143
0.969286 0.903571
0.969286 0.92
0.969286 0.936429
0.969286 0.952857
0.969286 0.969286
0.969286 0.985714
0.985714 0
0.985714 0.0164286
0.985714 0.0328571
0.985714 0.0492857
0.985714 0.0657143
0.985714 0.0821429
0.985714 0.0985714
0.985714 0.115
0.985714 0.131429
0.985714 0.147857
0.985714 0.164286
0.985714 0.180714
0.985714 0.197143
0.985714 0.213571
0.985714 0.23
0.985714 0.246429
0.985714 0.262857
0.985714 0.279286
0.985714 0.295714
0.985714 0.312143
0.985714 0.328571
0.985714 0.345
0.985714 0.361429
0.985714 0.377857
0.985714 0.394286
0.985714 0.410714
0.985714 0.427143
0.985714 0.443571
0.985714 0.46
0.985714 0.476429
0.985714 0.492857
0.985714 0.509286
0.985714 0.525714
0.985714 0.542143
0.985714 0.558571
0.985714 0.575
0.985714 0.591429
0.985714 0.607857
0.985714 0.624286
0.985714 0.640714
0.985714 0.657143
0.985714 0.673571
0.985714 0.69
0.985714 0.706429
0.985714 0.722857
0.985714 0.739286
0.985714 0.755714
0.985714 0.772143
0.985714 0.788571
0.985714 0.805
0.985714 0.821429
0.985714 0.837857
0.985714 0.854286
0.985714 0.870714
0.985714 0.887143
0.985714 0.903571
0.985714 0.92
0.985714 0.936429
0.985714 0.952857
0.985714 0.969286
0.985714 0.985714
