963
0.595935 0.680319
0.882656 0.897092
0.526292 0.511368
0.767601 0.375683
0.887356 0.445723
0.687155 0.122806
0.106998 0.46791
0.383709 0.323893
0.891293 0.173254
0.431104 0.677847
0.382153 0.919462
0.905118 0.0104984
0.442396 0.597247
0.19657 0.460341
0.223518 0.551347
0.373424 0.0175787
0.67333 0.683157
0.997528 0.698233
0.138829 0.266274
0.803095 0.133885
0.721671 0.506363
0.142735 0.859279
0.541124 0.375866
0.607074 0.0775475
0.562059 0.756188
0.72457 0.186254
0.143376 0.416883
0.963317 0.864742
0.231819 0.857234
0.478103 0.5927
0.288278 0.77044
0.541704 0.839747
0.814692 0.668874
0.110569 0.248787
0.515763 0.954741
0.564165 0.518937
0.119388 0.982025
0.727744 0.0126652
0.522721 0.604572
0.903561 0.731956
0.494064 0.6957
0.436903 0.244789
0.0171514 0.740196
0.0653706 0.262764
0.684469 0.279672
0.707602 0.899838
0.0452284 0.492874
0.847438 0.144047
0.315348 0.691702
0.170598 0.573687
0.609058 0.848476
0.316355 0.100009
0.450056 0.00744652
0.665792 0.105136
0.47264 0.231117
0.120243 0.216224
0.808893 0.341166
0.100681 0.342448
0.788018 0.24308
0.089938 0.650929
0.949858 0.747826
0.8493 0.81988
0.299417 0.537919
0.737785 0.0517899
0.889889 0.972137
0.625019 0.400555
0.0719932 0.961486
0.214576 0.43318
0.643269 0.0204474
0.551744 0.414045
0.624195 0.606037
0.313364 0.263619
0.603839 0.287057
0.795099 0.0896023
0.775201 0.436232
0.523942 0.875912
0.991913 0.577044
0.17597 0.354625
0.276681 0.483627
0.40199 0.153874
0.503616 0.758873
0.217902 0.251869
0.160375 0.172582
0.597034 0.540483
0.55092 0.629505
0.667104 0.425306
0.964782 0.122196
0.16776 0.441939
0.993713 0.894803
0.984985 0.44673
0.0260628 0.409406
0.349895 0.39317
0.112918 0.13477
0.922025 0.313852
0.441633 0.956481
0.793268 0.412152
0.84875 0.115574
0.71572 0.822047
0.956236 0.17423
0.218604 0.810083
0.902463 0.403546
0.930387 0.665212
0.797601 0.0416883
0.92996 0.270119
0.134587 0.686544
0.294382 0.179235
0.919584 0.23603
0.00778222 0.0284738
0.959868 0.681082
0.633778 0.442305
0.143162 0.957579
0.374432 0.211035
0.936918 0.0595416
0.26896 0.974578
0.158635 0.297128
0.529679 0.227149
0.431288 0.983489
0.295022 0.4532
0.300394 0.394665
0.998505 0.530473
0.260567 0.257363
0.369121 0.637989
0.236641 0.978454
0.379284 0.0788293
0.431715 0.0454726
0.606342 0.958922
0.570757 0.901974
0.251778 0.0881985
0.792749 0.742912
0.0143742 0.70864
0.976134 0.993561
0.369854 0.79046
0.103336 0.727317
0.602496 0.450026
0.844996 0.276711
0.344066 0.917142
0.784387 0.188452
0.225806 0.622455
0.861721 0.641163
0.671896 0.488174
0.34315 0.889706
0.389752 0.35786
0.987548 0.226661
0.818384 0.173528
0.0308542 0.240699
0.11478 0.934385
0.792199 0.842952
0.596911 0.779839
0.343364 0.323283
0.492233 0.869778
0.952818 0.950865
0.0331431 0.60332
0.802423 0.893765
0.801447 0.290506
0.415082 0.0819422
0.0118107 0.774041
0.302225 0.362499
0.478896 0.0421155
0.517258 0.153569
0.932951 0.791284
0.343394 0.656606
0.254891 0.00598163
0.135899 0.0335093
0.667562 0.717917
0.410108 0.201636
0.528703 0.0241401
0.86346 0.602496
0.412885 0.00421155
0.124454 0.8876
0.185125 0.308451
0.0601825 0.431593
0.962279 0.360973
0.394269 0.715964
0.0813623 0.930814
0.971068 0.512528
0.696371 0.1583
0.143254 0.501511
0.728843 0.331492
0.0448317 0.716575
0.0771508 0.0472426
0.943693 0.447218
0.019776 0.567522
0.0827052 0.698202
0.959777 0.577227
0.840266 0.239479
0.138249 0.592822
0.330607 0.585864
0.595325 0.197668
0.416059 0.368603
0.538987 0.263588
0.846492 0.00537126
0.136479 0.0715049
0.325968 0.750694
0.312174 0.421003
0.836421 0.922971
0.391675 0.997101
0.817591 0.445448
0.925504 0.361339
0.416639 0.806238
0.746422 0.764153
0.883969 0.559679
0.264321 0.942717
0.0673544 0.104099
0.591113 0.349681
0.0052797 0.371929
0.473739 0.934904
0.100589 0.00924711
0.328593 0.465926
0.251961 0.580554
0.192267 0.0915555
0.527909 0.0789514
0.28367 0.228675
0.446028 0.884487
0.711142 0.976562
0.0542009 0.890042
0.511582 0.200842
0.148625 0.726798
0.643391 0.346995
0.361919 0.302683
0.415387 0.898099
0.871731 0.257698
0.708701 0.641316
0.135868 0.329112
0.214179 0.113254
0.303842 0.724448
0.493606 0.515336
0.454817 0.0682394
0.642964 0.853847
0.237678 0.747337
0.486648 0.477706
0.750114 0.51204
0.0410169 0.853023
0.367962 0.958525
0.847316 0.859218
0.404584 0.597736
0.82693 0.79516
0.178442 0.898373
0.600787 0.158818
0.708274 0.749779
0.845759 0.321482
0.130558 0.174108
0.33372 0.0697043
0.461074 0.258126
0.796319 0.934049
0.645894 0.767724
0.23307 0.0351573
0.496719 0.316568
0.176885 0.749138
0.734367 0.688162
0.799188 0.774499
0.0918302 0.5833
0.655538 0.463973
0.777398 0.983489
0.46382 0.808496
0.0111393 0.488693
0.342418 0.722495
0.173467 0.954039
0.664602 0.875729
0.215308 0.7734
0.0912198 0.619953
0.21012 0.207099
0.524491 0.31489
0.213569 0.715201
0.62331 0.236366
0.716056 0.453658
0.242073 0.662008
0.752495 0.117313
0.980346 0.339579
0.466567 0.181524
0.280099 0.280831
0.493973 0.354228
0.609638 0.91232
0.564592 0.125614
0.792779 0.529221
0.240547 0.441664
0.188147 0.778558
0.00140385 0.186041
0.0872829 0.51207
0.698721 0.223151
0.966796 0.0521561
0.759972 0.0311594
0.93289 0.0923795
0.235298 0.500381
0.449354 0.39259
0.366405 0.487686
0.708762 0.860713
0.749901 0.175726
0.247597 0.37492
0.608875 0.0119633
0.129948 0.367962
0.65688 0.944914
0.609882 0.572405
0.458235 0.109531
0.338298 0.965026
0.521531 0.703116
0.775109 0.27195
0.907987 0.857936
0.0365001 0.305582
0.364238 0.169134
0.880703 0.0516373
0.601733 0.711295
0.839045 0.359905
0.958098 0.305795
0.683767 0.553087
0.183843 0.058565
0.877346 0.827692
0.718192 0.369671
0.665212 0.143895
0.11066 0.764794
0.850337 0.715995
0.889981 0.23191
0.845668 0.999176
0.282571 0.00848415
0.701682 0.681143
0.531571 0.179785
0.438826 0.143895
0.989349 0.0995819
0.9317 0.570086
0.527024 0.815149
0.517258 0.406384
0.168126 0.848933
0.0939055 0.852779
0.281167 0.89758
0.0751976 0.797357
0.00592059 0.855068
0.811365 0.984435
0.99939 0.820368
0.854945 0.472915
0.310862 0.650502
0.517563 0.655324
0.765679 0.737236
0.49617 0.256417
0.19013 0.268502
0.907773 0.807642
0.743736 0.9888
0.0855739 0.549242
0.0440382 0.155248
0.0596026 0.382
0.559923 0.33665
0.794458 0.623615
0.369121 0.690817
0.778954 0.670919
0.750542 0.800531
0.170873 0.494247
0.899411 0.107212
0.693167 0.791162
0.978423 0.417737
0.653157 0.814722
0.201941 0.849818
0.701682 0.587359
0.623615 0.883572
0.666738 0.647999
0.387524 0.573565
0.203619 0.51796
0.0690939 0.334971
0.388623 0.892117
0.205786 0.589618
0.378643 0.41615
0.91171 0.635426
0.269845 0.126621
0.679311 0.332591
0.749107 0.237037
0.460891 0.526505
0.217292 0.684683
0.555345 0.948637
0.970336 0.276162
0.311075 0.844722
0.342051 0.0158086
0.816645 0.572344
0.195807 0.176763
0.341472 0.202979
0.967925 0.819941
0.648549 0.191595
0.426466 0.777734
0.639363 0.708274
0.165716 0.994507
0.0521561 0.54912
0.820978 0.517655
0.738517 0.726402
0.0596637 0.211402
0.67394 0.915525
0.916532 0.131504
0.680166 0.386883
0.904599 0.505905
0.10126 0.180822
0.186193 0.0077517
0.624989 0.527207
0.427259 0.538926
0.280587 0.817591
0.224738 0.343425
0.576281 0.971282
0.358715 0.609027
0.287271 0.585772
0.70098 0.528031
0.0217292 0.0753807
0.638356 0.295541
0.875301 0.208075
0.315317 0.21131
0.744316 0.929502
0.967742 0.618061
0.117557 0.796136
0.452254 0.560198
0.283059 0.642292
0.095706 0.306192
0.361278 0.459822
0.854762 0.437696
0.686148 0.027131
0.172582 0.20716
0.757195 0.957823
0.327982 0.0431227
0.56624 0.213569
0.877407 0.0903043
0.984283 0.651265
0.188757 0.977233
0.488815 0.64565
0.561418 0.0476089
0.140294 0.449538
0.767754 0.855617
0.470199 0.762536
0.684652 0.190832
0.146733 0.6245
0.645283 0.669393
0.0323801 0.468245
0.379315 0.763482
0.575304 0.0800195
0.450484 0.717521
0.737571 0.14835
0.490005 0.0985748
0.247169 0.895047
0.865169 0.674306
0.150182 0.787744
0.0651875 0.631458
0.718192 0.118198
0.896969 0.586322
0.342265 0.269143
0.404096 0.969848
0.0585955 0.676077
0.227515 0.0652486
0.00824 0.660573
0.526688 0.986358
0.255898 0.175146
0.190039 0.543352
0.639759 0.74044
0.502701 0.838008
0.162999 0.697562
0.0318308 0.911466
0.456496 0.314707
0.620472 0.651509
0.566332 0.810266
0.858119 0.506119
0.895077 0.532914
0.458541 0.422071
0.510361 0.790399
0.3361 0.154485
0.840724 0.0704978
0.00216681 0.617359
0.981353 0.740898
0.158544 0.110141
0.239235 0.204413
0.509934 0.92703
0.244728 0.785546
0.776727 0.568621
0.783685 0.810175
0.312845 0.918455
0.984313 0.196844
0.65453 0.518479
0.215278 0.145268
0.568926 0.697562
0.682455 0.972076
0.297342 0.0695517
0.729881 0.395428
0.638203 0.15894
0.511826 0.447157
0.551225 0.00439466
0.86053 0.389599
0.845515 0.0414747
0.429762 0.438734
0.528581 0.736747
0.865047 0.948759
0.0233161 0.118809
0.686758 0.0563066
0.573016 0.452193
0.934416 0.871487
0.616291 0.757591
0.0240486 0.989013
0.486312 0.00878933
0.391827 0.85989
0.923795 0.19068
0.770928 0.892575
0.459822 0.688253
0.3043 0.317087
0.610492 0.477187
0.979125 0.0151372
0.603198 0.505051
0.00686666 0.31608
0.244362 0.235023
0.495437 0.0679037
0.357707 0.985717
0.817499 0.6386
0.902524 0.28547
0.581988 0.867946
0.00589007 0.532578
0.306894 0.998718
0.504807 0.129337
0.252663 0.403668
0.878719 0.864711
0.333171 0.370006
0.695486 0.711722
0.744407 0.618458
0.735557 0.537156
0.989837 0.378185
0.679342 0.822443
0.0814539 0.131748
0.197272 0.374004
0.368938 0.522263
0.463179 0.622242
0.763115 0.0652791
0.0337535 0.337962
0.492386 0.562059
0.830683 0.753929
0.5833 0.266243
0.939085 0.147984
0.144139 0.90701
0.591906 0.592822
0.670858 0.235572
0.441572 0.853084
0.0281686 0.197302
0.0431532 0.948332
0.995361 0.309305
0.392956 0.537645
0.730583 0.0798975
0.460585 0.462783
0.618152 0.806238
0.840663 0.546007
0.0166326 0.80224
0.704184 0.0879849
0.256935 0.525956
0.799982 0.384991
0.755119 0.653829
0.723319 0.789819
0.991607 0.774926
0.542375 0.109958
0.0764183 0.168889
0.944914 0.706198
0.357311 0.112094
0.875546 0.416547
0.903439 0.925993
0.899899 0.763268
0.130985 0.55797
0.459548 0.344096
0.279336 0.679372
0.946043 0.479476
0.414014 0.338969
0.963195 0.917844
0.4832 0.39378
0.533555 0.557115
0.113376 0.433576
0.314066 0.793084
0.177709 0.235145
0.65215 0.547166
0.742973 0.280465
0.616596 0.117313
0.936766 0.388348
0.595538 0.392224
0.00189215 0.943724
0.242225 0.121342
0.217872 0.921323
0.00299081 0.460829
0.765282 0.300607
0.00021363 0.252358
0.00195318 0.906308
0.988311 0.13773
0.353771 0.848994
0.804529 0.484298
0.104709 0.382458
0.167241 0.522324
0.932035 0.834437
0.0353404 0.00961333
0.476363 0.982696
0.338664 0.52736
0.58562 0.646657
0.587451 0.4185
0.764977 0.405377
0.955687 0.545671
0.0198675 0.436354
0.709128 0.298593
0.866634 0.742973
0.712332 0.937803
0.397351 0.112247
0.431318 0.629078
0.350658 0.563311
0.935789 0.600146
0.0632038 0.0733055
0.042848 0.821955
0.100192 0.1077
0.310495 0.0129093
0.530442 0.468245
0.419294 0.296548
0.16895 0.925962
0.719199 0.561846
0.953093 0.241401
0.636433 0.923399
0.420972 0.176122
0.0653401 0.0191351
0.183935 0.670644
0.446455 0.919584
0.0737938 0.753319
0.182958 0.721732
0.248054 0.835383
0.407331 0.474532
0.255501 0.320963
0.381176 0.665975
0.645009 0.261391
0.951628 0.000518815
0.11539 0.286752
0.554613 0.87933
0.869961 0.302622
0.751854 0.829371
0.418409 0.835017
0.947783 0.208655
0.997681 0.933256
0.171056 0.642872
0.774651 0.217719
0.159215 0.81637
0.00686666 0.220008
0.874081 0.0154424
0.826899 0.404004
0.494858 0.730338
0.920804 0.960662
0.418836 0.732292
0.472701 0.902982
0.502487 0.897855
0.559465 0.992615
0.216346 0.300577
0.49498 0.171026
0.0585345 0.587573
0.41084 0.652882
0.769494 0.482772
0.318644 0.621601
0.390576 0.823511
0.915036 0.69866
0.705435 0.257607
0.0365001 0.523759
0.0675985 0.292001
0.0358592 0.267617
0.774224 0.333323
0.911924 0.0737938
0.758415 0.706229
0.930937 0.517655
0.944426 0.983245
0.600055 0.0488296
0.0292978 0.683401
0.0896939 0.225654
0.265389 0.453719
0.992584 0.864193
0.244331 0.692221
0.875118 0.13712
0.386059 0.238136
0.927885 0.898373
0.29899 0.968261
0.170965 0.140904
0.908567 0.99649
0.599933 0.317057
0.366375 0.0545671
0.149449 0.224921
0.342357 0.422193
0.996643 0.0381176
0.132725 0.652455
0.262185 0.721183
0.232582 0.277841
0.0274056 0.879452
0.159215 0.382122
0.393719 0.623096
0.635182 0.093234
0.875362 0.784844
0.014069 0.154088
0.739952 0.878658
0.872768 0.329783
0.820917 0.200598
0.616687 0.996826
0.980895 0.476028
0.2125 0.960997
0.815973 0.0184942
0.388134 0.389996
0.0668355 0.472671
0.129002 0.831843
0.0947905 0.889248
0.819575 0.715751
0.272774 0.0540788
0.644215 0.124058
0.0944853 0.0773339
0.284158 0.614002
0.318705 0.507828
0.342143 0.810907
0.683828 0.763817
0.962004 0.773186
0.0762658 0.407666
0.279275 0.34785
0.551134 0.675741
0.573077 0.479568
0.538072 0.290933
0.873104 0.99469
0.834376 0.888577
0.896817 0.350719
0.399029 0.436384
0.97116 0.713279
0.309946 0.568255
0.224128 0.475387
0.175359 0.409925
0.453261 0.497269
0.178899 0.615925
0.738792 0.484481
0.343608 0.773675
0.88699 0.699149
0.671102 0.58681
0.00167852 0.285897
0.0868862 0.990387
0.412854 0.927518
0.833125 0.953124
0.0491653 0.788873
0.737144 0.429731
0.382031 0.272225
0.117038 0.628956
0.753258 0.455702
0.668783 0.619434
0.701682 0.417829
0.403516 0.0495621
0.448469 0.210303
0.577258 0.0239875
0.583331 0.927793
0.724845 0.215552
0.547716 0.442213
0.458571 0.285989
0.573138 0.17365
0.643727 0.490402
0.568773 0.729301
0.52681 0.348125
0.849635 0.175207
0.775933 0.158971
0.764733 0.000366222
0.0751366 0.725211
0.208289 0.884793
0.56624 0.561937
0.354839 0.349773
0.115696 0.52617
0.341319 0.237342
0.645283 0.0490432
0.0452895 0.758141
0.133824 0.00326548
0.550584 0.155705
0.943388 0.631672
0.785546 0.697958
0.586077 0.829737
0.408856 0.265633
0.927457 0.0325632
0.537828 0.772057
0.995483 0.0669576
0.470016 0.850215
0.9523 0.332804
0.26606 0.856288
0.916318 0.448622
0.565844 0.242805
0.758385 0.589831
0.206854 0.653554
0.639943 0.579058
0.222541 0.396313
0.976745 0.966185
0.842036 0.584246
0.303995 0.879147
0.159337 0.0142521
0.033784 0.647542
0.654927 0.994018
0.457961 0.657277
0.311136 0.135685
0.823084 0.827937
0.815729 0.602832
0.651875 0.384106
0.275796 0.427839
0.195654 0.0334178
0.550798 0.585925
0.0496841 0.978027
0.538072 0.915464
0.272225 0.558855
0.823786 0.0956145
0.0660115 0.864742
0.38908 0.182379
0.407331 0.508103
0.936796 0.926237
0.591845 0.105991
0.68627 0.449263
0.471664 0.136509
0.96411 0.394299
0.969512 0.0809961
0.102786 0.678793
0.512406 0.377239
0.591388 0.224616
0.215003 0.00338755
0.482803 0.204932
0.616993 0.362011
0.443739 0.754997
0.567125 0.301401
0.635121 0.961547
0.890103 0.663289
0.841548 0.618702
0.0880459 0.824824
0.208472 0.99765
0.839106 0.688131
0.0417188 0.0360424
0.190924 0.81521
0.297769 0.037904
0.809137 0.260994
0.936064 0.41731
0.422926 0.569231
0.996979 0.171545
0.36729 0.739128
0.268502 0.204413
0.246803 0.148259
0.139409 0.753044
0.767083 0.540666
0.890744 0.612873
0.500107 0.28898
0.378277 0.131565
0.224921 0.17893
0.600208 0.621662
0.32374 0.293069
0.887295 0.475051
0.427869 0.118686
0.306192 0.483261
0.570025 0.379894
0.684713 0.999969
0.290689 0.934751
0.997742 0.280953
0.0874966 0.448225
0.142186 0.139683
0.48973 0.429151
0.866512 0.921262
0.899594 0.257485
0.417035 0.402142
0.127934 0.111576
0.099704 0.960387
0.68038 3.05185e-05
0.661153 0.0758385
0.649892 0.899228
0.469924 0.369427
0.252724 0.608356
0.00143437 0.000915555
0.999206 0.619831
0.03708 0.366253
0.729362 0.588977
0.74691 0.354045
0.815668 0.313944
0.670095 0.305826
0.713034 0.612659
0.00180059 0.102206
0.419385 0.704184
0.819575 0.858791
0.0522477 0.182684
0.162175 0.0412915
0.109287 0.495682
0.316874 0.946959
6.1037e-05 0.400922
9.15555e-05 0.972961
0.107913 0.039613
0.283822 0.51442
0.868191 0.357341
0.665273 0.788354
0.161931 0.46849
0.548479 0.49498
0.273721 0.383038
0.210303 0.746483
0.282785 0.100772
0.780969 0.116306
0.847835 0.212348
0.699484 0.47972
0.28016 0.742485
0.867397 0.533982
0.682852 0.852412
0.509476 0.538285
0.629017 0.323649
0.621296 0.186499
0.769921 0.778771
0.164403 0.0800195
0.995697 0.499832
0.28016 0.152562
0.793145 0.00271615
0.322153 0.178381
0.198187 0.337443
0.482314 0.787927
0.710532 0.0416272
0.567217 0.782983
0.809381 0.22544
0.521653 0.0518204
0.236885 0.944212
0.642537 0.633778
0.322672 0.343699
0.839503 0.65688
0.435438 0.475906
0.252998 0.63686
0.646718 0.222205
0.787072 0.594104
0.366802 0.873989
0.74868 0.56389
0.50148 0.997253
0.849177 0.776818
0.163671 0.327006
0.999359 0.251228
0.693381 0.356883
0.0827967 0.365307
0.331095 0.86523
0.790857 0.458754
0.772088 0.920164
0.887936 0.379803
0.453963 0.999786
0.587329 0.996674
0.198157 0.488144
0.147404 0.196844
0.418958 0.870632
0.341777 0.68511
0.75103 0.203681
0.495224 0.614856
0.572649 0.61272
0.919797 0.544389
0.767357 0.0925016
0.271157 0.791833
0.156499 0.548387
0.685354 0.941679
0.594317 0.740745
0.406262 0.757195
0.00152593 0.589984
0.810388 0.0663472
0.833369 0.49089
0.916196 0.480911
0.00140385 0.827052
0.0019837 0.0557878
0.0921964 0.270363
0.41316 0.229743
0.397504 0.784905
0.0506912 0.12888
0.186865 0.118259
0.954436 0.0276498
0.50145 0.226722
0.794214 0.962004
0.0402539 0.09653
0.512894 0.000701926
0.391736 0.2978
0.728874 0.661275
0.254463 0.999756
0.610919 0.260567
0.735527 0.851863
0.195654 0.938261
0.000183111 0.34489
0.156346 0.667562
0.255501 0.29252
0.334208 0.999359
0.623127 0.686026
0.92761 0.763604
0.404065 0.681753
0.260811 0.763512
0.955199 0.891171
0.112247 0.602222
0.591174 0.133396
0.488418 0.958342
0.515061 0.577227
