866
0.112308 0.76162
0.20835 0.828394
0.155309 0.909848
0.0512406 0.0795617
0.134587 0.556841
0.0061037 0.576128
0.414991 0.844905
0.435713 0.361187
0.973052 0.0266732
0.53563 0.487075
0.234352 0.577624
0.122105 0.277047
0.413282 0.802637
0.937376 0.0344554
0.510361 0.46791
0.878506 0.980346
0.624744 0.489578
0.0569475 0.700796
0.736778 0.210211
0.093936 0.885495
0.617908 0.294504
0.55858 0.638173
0.0236518 0.775109
0.954741 0.140996
0.826136 0.280465
0.163121 0.953429
0.242012 0.975433
0.744743 0.727103
0.81286 0.245582
0.011536 0.618213
0.293191 0.657887
0.271493 0.178198
0.103458 0.226814
0.153111 0.00427259
0.503433 0.519425
0.416852 0.930875
0.142521 0.628895
0.158727 0.0434889
0.375622 0.978271
0.859127 0.0130619
0.642292 0.0573443
0.456496 0.302011
0.208258 0.945769
0.564745 0.692923
0.579028 0.131748
0.927274 0.671682
0.767296 0.223762
0.33903 0.444655
0.0668355 0.538804
0.140172 0.686117
0.292672 0.356578
0.163884 0.295206
0.0904263 0.0899991
0.577715 0.229011
0.710685 0.122532
0.325571 0.872799
0.845668 0.33311
0.36317 0.51915
0.71807 0.014893
0.867092 0.77517
0.529679 0.808252
0.148991 0.835261
0.345225 0.1095
0.223121 0.014008
0.692862 0.661275
0.762322 0.877468
0.466292 0.830012
0.0489212 0.85989
0.329905 0.792871
0.540208 0.123417
0.628925 0.718772
0.226234 0.876217
0.879299 0.140538
0.417188 0.0748009
0.039552 0.660268
0.770287 0.472549
0.922758 0.43965
0.505936 0.69277
0.459822 0.796625
0.510575 0.781182
0.475478 0.143498
0.579485 0.372662
0.925565 0.262062
0.38963 0.727714
0.654347 0.242988
0.298502 0.385815
0.707572 0.455458
0.602802 0.838588
0.709525 0.998047
0.0197455 0.0187384
0.103183 0.949217
0.903653 0.0664693
0.054384 0.617878
0.976073 0.36436
0.484146 0.750725
0.98294 0.100467
0.838099 0.506272
0.903073 0.875393
0.870266 0.450362
0.614795 0.110019
0.0509049 0.272134
0.00564592 0.526994
0.556658 0.908902
0.361888 0.473189
0.229926 0.683432
0.664846 0.655477
0.497574 0.173254
0.275613 0.120914
0.766869 0.666555
0.650716 0.741966
0.916959 0.500931
0.34434 0.918271
0.713645 0.787347
0.653127 0.896237
0.842219 0.887875
0.512223 0.644154
0.767205 0.173162
0.281594 0.621082
0.535173 0.853236
0.841517 0.363109
0.648152 0.942289
0.0160527 0.214637
0.993225 0.13184
0.00143437 0.910703
0.35667 0.387371
0.997833 0.230232
0.327555 0.194525
0.989349 0.300027
0.442091 0.744346
0.93759 0.20069
0.836116 0.0418714
0.526475 0.340312
0.904233 0.758293
0.372753 0.0575884
0.743889 0.985473
0.290658 0.991943
0.798242 0.517991
0.578753 0.479415
0.664785 0.122257
0.245125 0.843349
0.290475 0.297342
0.510636 0.832728
0.490127 0.619007
0.512436 0.7416
0.898862 0.470199
0.934873 0.922361
0.562975 0.088992
0.89523 0.639729
0.141057 0.197638
0.157903 0.359661
0.0554521 0.826136
0.156377 0.089877
0.463515 0.479843
0.540178 0.968261
0.967742 0.983032
0.946989 0.107334
0.724845 0.310404
0.32194 0.148106
0.374706 0.698447
0.192633 0.590747
0.423902 0.333811
0.400769 0.235023
0.851009 0.474563
0.206458 0.651906
0.545946 0.211219
0.482803 0.202216
0.374889 0.00149541
0.961638 0.482711
0.451033 0.243812
0.680563 0.880764
0.860958 0.396344
0.207343 0.487045
0.116947 0.499283
0.998383 0.675893
0.280709 0.569079
0.850185 0.70455
0.139561 0.0661641
0.413068 0.0270699
0.616932 0.863643
0.638752 0.575884
0.0529191 0.0293283
0.558428 0.0526139
0.45613 0.69628
0.797143 0.0106204
0.594928 0.977905
0.690298 0.621174
0.184576 0.680563
0.124577 0.820307
0.204169 0.7687
0.773766 0.54387
0.2331 0.627125
0.178533 0.46794
0.729606 0.598437
0.0251778 0.347606
0.177831 0.634022
0.906827 0.218787
0.0813623 0.50267
0.186041 0.235572
0.634907 0.202795
0.472365 0.430769
0.44731 0.860988
0.512253 0.365429
0.338298 0.950652
0.237678 0.072634
0.286538 0.805109
0.965545 0.07004
0.940825 0.872677
0.653188 0.458052
0.480605 0.972014
0.70867 0.701498
0.674001 0.520737
0.124088 0.925626
0.0589007 0.427869
0.367412 0.850246
0.674673 0.350963
0.468612 0.390515
0.807031 0.172521
0.602374 0.678152
0.888791 0.727683
0.250221 0.338908
0.783868 0.338786
0.338023 0.000732444
0.746269 0.437117
0.697134 0.0749229
0.500839 0.947172
0.730461 0.630451
0.830836 0.0788293
0.63625 0.012299
0.381298 0.356548
0.963042 0.710471
0.77691 0.1236
0.147862 0.589282
0.236213 0.135533
0.124332 0.143895
0.488021 0.664815
0.754662 0.381787
0.995697 0.00848415
0.112003 0.179662
0.31785 0.737846
0.195227 0.973968
0.434492 0.822443
0.700613 0.249001
0.749474 0.916105
0.339091 0.31428
0.035432 0.386486
0.205756 0.0560015
0.305155 0.485733
0.13477 0.403088
0.174871 0.755516
0.27427 0.941008
0.29371 0.416395
0.804468 0.887081
0.853297 0.94879
0.589801 0.525773
0.501083 0.296579
0.136601 0.31605
0.119175 0.00515763
0.848781 0.75045
0.888821 0.421796
0.816736 0.563768
0.286386 0.449416
0.876217 0.837458
0.163457 0.786889
0.922666 0.336741
0.612171 0.78695
0.0969573 0.65154
0.0704978 0.455855
0.202673 0.264748
0.938932 0.643086
0.845515 0.976653
0.818842 0.733421
0.722282 0.889279
0.94821 0.235725
0.736625 0.253334
0.156072 0.166723
0.245369 0.376385
0.322153 0.345408
0.519272 0.602374
0.0327158 0.721824
0.156896 0.515976
0.479293 0.918607
0.882839 0.611927
0.391339 0.617969
0.49855 0.561632
0.822138 0.661855
0.179144 0.419782
0.476852 0.872311
0.475173 0.531602
0.520188 0.910978
0.676626 0.839351
0.562853 0.303598
0.700369 0.537492
0.217994 0.916746
0.360393 0.181219
0.96466 0.791253
0.879513 0.174139
0.774468 0.696921
0.653127 0.695151
0.0794702 0.267373
0.75457 0.14359
0.914518 0.818628
0.457167 0.66277
0.0270089 0.818812
0.806757 0.201849
0.333689 0.254402
0.000366222 0.279946
0.799066 0.917631
0.0397046 0.55446
0.969756 0.743278
0.543321 0.159612
0.407758 0.186773
0.19425 0.529984
0.968596 0.201636
0.0446791 0.302316
0.616596 0.373974
0.916868 0.303629
0.215583 0.406812
0.963805 0.540483
0.690573 0.184759
0.631153 0.151402
0.660909 0.412824
0.606891 0.254433
0.329691 0.0770592
0.603076 0.939909
0.233833 0.535783
0.155034 0.869808
0.501877 0.112217
0.0715659 0.340892
0.874813 0.289987
0.366375 0.553545
0.0961333 0.596942
0.230689 0.176641
0.21717 0.346812
0.464583 0.00677511
0.713523 0.151402
0.699545 0.943175
0.687674 0.758049
0.945341 0.758171
0.985992 0.43202
0.820124 0.633015
0.982055 0.570391
0.261696 0.0291757
0.482711 0.344768
0.413587 0.893399
0.637654 0.345744
0.912381 0.537706
0.525529 0.880917
0.783685 0.273598
0.267891 0.719138
0.736015 0.337016
0.573626 0.166082
0.014008 0.40965
0.196173 0.0955229
0.412824 0.593066
0.12653 0.790826
0.202185 0.712088
0.395032 0.563524
0.980712 0.829585
0.295022 0.768151
0.254891 0.773614
0.282327 0.258522
0.337382 0.599933
0.000122074 0.132694
0.266427 0.518082
0.793359 0.977935
0.000885037 0.696249
0.765282 0.766442
0.616626 0.544053
0.57561 0.781213
0.0430006 0.120548
0.0789209 0.173284
0.854305 0.801386
0.867794 0.223212
0.56624 0.944639
0.404553 0.646565
0.0777306 0.724174
0.262825 0.282785
0.478378 0.263161
0.620289 0.438032
0.926878 0.383526
0.0450758 0.15894
0.578936 0.580859
0.0937529 0.698447
0.773858 0.950682
0.137669 0.434126
0.827326 0.119327
0.0177007 0.463729
0.827052 0.446211
0.987243 0.400647
0.512986 0.248207
0.766747 0.846644
0.600269 0.602313
0.511002 0.0737632
0.309275 0.700186
0.299753 0.18305
0.319529 0.644978
0.182043 0.879879
0.285409 0.0597552
0.800317 0.778039
0.366222 0.266854
0.725486 0.855159
0.294839 0.871609
0.483047 0.458968
0.094058 0.019013
0.668935 0.0239875
0.144932 0.985076
0.435743 0.21305
0.326182 0.517533
0.797327 0.397565
0.592303 0.421033
0.722434 0.418744
0.782311 0.811914
0.937346 0.572771
0.0487991 0.999451
0.401929 0.380047
0.553941 0.601215
0.449171 0.0684225
0.857753 0.53441
0.416242 0.145482
0.126469 0.88229
0.185583 0.0266121
0.334117 0.563799
0.318766 0.903378
0.790582 0.0757469
0.958647 0.281686
0.270577 0.906949
0.984924 0.939909
0.757988 0.508103
0.268441 0.477371
0.376019 0.778985
0.939085 0.988189
0.851741 0.599017
0.73162 0.545885
0.422559 0.30372
0.229347 0.789178
0.381176 0.890255
0.260567 0.232002
0.651997 0.543229
0.192419 0.183111
0.0603351 0.779534
0.587237 0.0427869
0.426893 0.447432
0.900357 0.574023
0.982116 0.604785
0.916593 0.718039
0.41612 0.420331
0.506272 0.0198981
0.943205 0.60445
0.538499 0.431806
0.258827 0.439131
0.922575 0.152654
0.660817 0.321635
0.283486 0.840236
0.18247 0.317148
0.37669 0.927885
0.987976 0.900632
0.187262 0.916868
0.614277 0.634693
0.37138 0.327647
0.178625 0.824793
0.872311 0.357158
0.23188 0.452803
0.0681478 0.199805
0.186468 0.390393
0.0328379 0.928526
0.118046 0.352336
0.623066 0.991241
0.561144 0.99942
0.287027 0.0938749
0.00567644 0.375683
0.821955 0.828455
0.705496 0.391858
0.775201 0.587573
0.659597 0.292032
0.885739 0.91409
0.597766 0.325938
0.820551 0.692251
0.902585 0.0336924
0.00509659 0.958251
0.448897 0.953978
0.581927 0.882199
0.000701926 0.796411
0.865596 0.63567
0.402417 0.476699
0.601031 0.154942
0.307596 0.12064
0.216742 0.304239
0.327311 0.287606
0.15949 0.261666
0.543657 0.00369274
0.548906 0.523759
0.104984 0.394024
0.277596 0.327586
0.717765 0.500565
0.0265511 0.887753
0.0967742 0.528336
0.429487 0.5562
0.694967 0.58272
0.633717 0.088229
0.725425 0.0668966
0.756127 0.0463881
0.454299 0.632374
0.012421 0.847743
0.444227 0.58211
0.339579 0.491317
0.76632 0.31135
0.999329 0.334056
0.622364 0.757134
0.64919 0.627247
0.78695 0.0397046
0.382488 0.14127
0.959319 0.674306
0.33607 0.983947
0.351054 0.654988
0.238075 0.94644
0.107303 0.994385
0.410718 0.679403
0.575152 0.268014
0.220038 0.234046
0.267922 0.39491
0.975585 0.636006
0.766106 0.416272
0.55977 0.815851
0.145756 0.468551
0.550523 0.742332
0.722373 0.961028
0.367656 0.237465
3.05185e-05 0.988861
0.0373547 0.494583
0.103153 0.566393
0.657857 0.97882
0.163671 0.128361
0.957121 0.337962
0.369091 0.431013
0.0667135 0.235817
0.443739 0.528611
0.143345 0.75692
0.337748 0.0299387
0.791559 0.720359
0.870785 0.680044
0.814966 0.321268
0.0636921 0.970305
0.465285 0.724448
0.023133 0.0501114
0.911008 0.969665
0.516922 0.144108
0.111728 0.73162
0.560198 0.408277
0.679006 0.149968
0.845149 0.185308
0.588977 0.723289
0.667104 0.598498
0.748344 0.0101016
0.613056 0.908261
0.340159 0.220222
0.582659 0.65511
0.311106 0.018067
0.0842311 0.830439
0.435224 0.000305185
0.653371 0.864132
0.231391 0.746879
0.997406 0.0701315
0.805658 0.597461
0.575793 0.0128788
0.12302 0.101138
0.995788 0.777367
0.369579 0.821284
0.0983001 0.471755
0.410779 0.112156
0.53798 0.674337
0.459029 0.172002
0.354503 0.740013
0.54387 0.281747
0.172948 0.709891
0.348064 0.359691
0.713645 0.733909
0.640034 0.835719
0.0787683 0.0634785
0.990081 0.510575
0.394391 0.275399
0.92349 0.848598
0.869869 0.0812708
0.878262 0.319712
0.678518 0.225715
0.972014 0.866024
0.737297 0.479659
0.646626 0.799585
0.413282 0.966338
0.521683 0.394665
0.236732 0.50032
0.473556 0.58153
0.368999 0.0927457
0.139348 0.227699
0.193121 0.150822
0.447615 0.984771
0.684744 0.478164
0.0723899 0.37434
0.867214 0.570544
0.978729 0.257271
0.560045 0.559008
0.836512 0.215888
0.361248 0.624409
0.106906 0.307321
0.316172 0.838282
0.75161 0.0984222
0.81933 0.95056
0.323313 0.409375
0.266549 0.149937
0.0653096 0.58507
0.706717 0.355693
0.0632344 0.889309
0.871426 0.261147
0.479354 0.0922574
0.895138 0.384198
0.306772 0.555345
0.0723594 0.118595
0.456008 0.898587
0.258339 0.877468
0.105045 0.426344
0.934599 0.786706
0.798578 0.858241
0.955779 0.955473
0.903561 0.0977203
0.243294 0.105747
0.670247 0.720939
0.704276 0.912656
0.0136418 0.162694
0.52797 0.717124
0.661733 0.382519
0.991028 0.476119
0.0728782 0.920103
0.652577 0.497604
0.950896 0.830714
0.530351 0.570238
0.0954619 0.78637
0.278359 0.00381481
0.385601 0.209876
0.897549 0.248787
0.946837 0.168889
0.494949 0.492141
0.164678 0.548601
0.602863 0.0021363
0.00140385 0.735893
0.482223 0.0628376
0.368358 0.295358
0.671468 0.0586871
0.738487 0.814844
0.735191 0.674154
0.886746 0.523179
0.00332652 0.249916
0.780847 0.619739
0.415113 0.511124
0.584796 0.75399
0.868648 0.110843
0.977294 0.163701
0.798913 0.368633
0.501572 0.999451
0.0028077 0.319346
0.425825 0.714713
0.44557 0.0360118
0.06592 0.00140385
0.930265 0.0782495
0.338633 0.688833
0.848903 0.14423
0.588885 0.19776
0.103305 0.85461
0.906613 0.183599
0.73571 0.170415
0.951659 0.436628
0.00424207 0.0734581
0.545335 0.362499
0.106449 0.0492569
0.693167 0.418317
0.675252 0.560869
0.407941 0.759148
0.800134 0.433973
0.0777306 0.302774
0.30427 0.224616
0.994537 0.72219
0.798578 0.488144
0.69274 0.278176
0.256233 0.601398
0.914975 0.00708029
0.427717 0.263497
0.698691 0.0369274
0.997436 0.996124
0.0444349 0.753746
0.8905 0.949278
0.604175 0.0804468
0.365032 0.587512
0.162389 0.660878
0.441328 0.498947
0.753105 0.566424
0.565935 0.333018
0.0952788 0.145878
0.871487 0.0390027
0.419691 0.996338
0.131596 0.959563
0.302408 0.594623
0.384167 0.0298471
0.221046 0.99826
0.870052 0.876522
0.511734 0.219031
0.570177 0.84814
0.509079 0.424024
0.676473 0.809992
0.250954 0.653951
0.828639 0.536454
0.129307 0.0320139
0.437544 0.125706
0.0359508 0.24662
0.006592 0.663808
0.49208 0.805078
0.705069 0.831019
0.998169 0.188482
0.835353 0.925504
0.304331 0.950682
0.83227 0.391766
0.278054 0.690115
0.237007 0.715171
0.694021 0.324229
0.443831 0.404797
0.206305 0.563311
0.631855 0.406262
0.629963 0.658864
0.0350963 0.596606
0.919248 0.122806
0.440382 0.773949
0.198157 0.443068
0.829493 0.00320444
0.620472 0.0385449
0.901242 0.278756
0.960204 0.511795
0.147923 0.727195
0.382092 0.405377
0.795373 0.650288
0.80285 0.144047
0.240669 0.256325
0.88583 0.799036
0.93112 0.474746
0.824183 0.796747
0.579119 0.448439
0.294351 0.525498
0.687857 0.974853
0.733238 0.758782
0.0765709 0.753502
0.882931 0.494552
0.125919 0.529191
0.250587 0.812708
0.235786 0.209845
0.951323 0.00357067
0.177709 0.0673544
0.63805 0.273141
0.0411084 0.523087
0.528428 0.186071
0.997467 0.806116
0.904843 0.691855
0.84402 0.847041
0.032197 0.974822
0.660482 0.187292
0.617756 0.226112
0.593463 0.811212
0.956908 0.407666
0.534928 0.312571
0.00524918 0.102756
0.000518815 0.438429
0.184729 0.34669
0.538438 0.934416
0.73809 0.285073
0.245857 0.310312
0.542039 0.246986
0.546739 0.771233
0.353374 0.137913
0.129612 0.655446
0.113071 0.622791
0.630543 0.518448
0.387555 0.501572
0.672384 0.0900601
0.913175 0.610187
0.805841 0.100131
0.692129 0.00119022
0.533738 0.0314951
0.208808 0.125401
0.909421 0.998474
0.420392 0.621296
0.079226 1
0.857479 0.424726
0.817316 0.996704
0.769829 0.999023
0.679006 0.444472
0.0385754 0.192938
0.331309 0.763054
0.16895 0.203955
0.0675375 0.647389
0.706442 0.21543
0.0029603 0.495529
0.531693 0.094882
0.0295419 0.436415
0.483077 0.233497
0.204199 0.621021
0.842769 0.255318
0.445784 0.0975982
0.743217 0.785668
0.454451 0.333934
0.196753 0.798944
0.958556 0.902799
0.664541 0.775872
0.393017 0.531236
0.175298 0.995849
0.458907 0.555223
0.99707 0.544267
0.379803 0.667165
0.551653 0.459578
0.608539 0.573138
0.197028 0.855525
0.625355 0.961119
0.673147 0.916623
0.605396 0.462691
0.215064 0.376263
0.631306 0.603656
0.999634 0.851619
0.613605 0.18067
0.397259 0.441877
0.522141 0.542527
0.267495 0.747764
0.478591 0.0323496
0.758293 0.637867
0.915647 0.410535
0.309214 0.319132
0.00109867 0.189917
0.261238 0.547044
0.312693 0.0499283
0.68157 0.68807
0.35136 0.889889
0.843349 0.303903
0.398846 0.319742
0.296915 0.922636
0.236702 0.0434278
0.532487 0.99591
0.278573 0.209479
0.912503 0.903745
0.242988 0.414991
0.0785546 0.404981
0.94586 0.308298
0.998413 0.0400403
0.0729392 0.676992
0.999176 0.964995
0.585101 0.916257
0.445296 0.925565
0.497787 0.892087
0.203558 0.210425
0.0837123 0.623463
0.55385 0.876156
0.793695 0.749962
0.182745 0.501846
0.326365 0.378948
0.0300302 0.689505
0.340129 0.821558
0.000701926 0.874416
0.248909 0.00061037
0.261635 0.998199
0.886196 0.00311289
0.504044 0.861202
0.722098 0.0954314
0.270821 0.97055
0.795404 0.299875
