955
0.363689 0.71044
0.881954 0.360729
0.559282 0.714713
0.52794 0.151616
0.884793 0.98938
0.913327 0.4785
0.120975 0.631977
0.92581 0.637745
0.000488296 0.0801111
0.846797 0.502396
0.252113 0.602863
0.00234993 0.194342
0.709983 0.598712
0.994385 0.0159917
0.643208 0.231483
0.917783 0.423017
0.962615 0.435285
0.470809 0.319376
0.460494 0.819941
0.363598 0.456069
0.740104 0.50792
0.932157 0.214179
0.990509 0.434462
0.363536 0.554491
0.263588 0.141514
0.438734 0.4138
0.409406 0.597156
0.199194 0.330332
0.325602 0.071749
0.443648 0.578478
0.677847 0.602039
0.747124 0.0740074
0.560198 0.45674
0.22367 0.82992
0.959594 0.217261
0.529008 0.764672
0.769189 0.448805
0.347453 0.287728
0.711936 0.742882
0.12363 0.90762
0.235481 0.336985
0.9035 0.711631
0.902676 0.568712
0.0965606 0.703909
0.502182 0.167882
0.724815 0.6845
0.536821 0.41789
0.0636006 0.950652
0.244301 0.717185
0.0820338 0.601489
0.8081 0.57271
0.587909 0.727775
0.484268 0.267403
0.305704 0.253609
0.0433668 0.808313
0.506974 0.742607
0.604694 0.119633
0.346629 0.623066
0.602802 0.693289
0.463149 0.13834
0.680135 0.349528
0.943815 0.00540178
0.831751 0.185827
0.524155 0.1077
0.660665 0.293527
0.411878 0.829737
0.286386 0.199316
0.781732 0.390332
0.823603 0.242195
0.844356 0.924467
0.143193 0.253883
0.688925 0.378826
0.934843 0.0572222
0.816095 0.758354
0.857997 0.824488
0.284249 0.31489
0.0297861 0.854945
0.799524 0.217078
0.176672 0.26194
0.810938 0.159337
0.398846 0.512894
0.112186 0.673269
0.863796 0.318857
0.429945 0.499252
0.0889309 0.411084
0.351604 0.936644
0.38197 0.00436415
0.346019 0.165899
0.820856 0.0900296
0.347575 0.578204
0.780541 0.27955
0.598682 0.289926
0.478744 0.999206
0.0537126 0.913114
0.15421 0.808496
0.706503 0.949187
0.353832 0.413099
0.982879 0.138615
0.0372021 0.684896
0.88876 0.804712
0.633991 0.0308237
0.718497 0.883724
0.61507 0.50499
0.787805 0.967955
0.922971 0.39436
0.262673 0.368175
0.746178 0.551744
0.72808 0.0322886
0.936003 0.345805
0.544359 0.793054
0.628651 0.532609
0.621174 0.355937
0.444777 0.915433
0.941923 0.0974151
0.75103 0.313578
0.316385 0.708457
0.41438 0.899899
0.384838 0.351238
0.951415 0.863369
0.85873 0.572954
0.147252 0.319529
0.478042 0.394238
0.718009 0.286904
0.187567 0.479324
0.675161 0.217627
0.670614 0.159734
0.0878323 0.842494
0.444624 0.180059
0.131779 0.787561
0.373791 0.114048
0.417158 0.373363
0.0972015 0.0812708
0.362926 0.214301
0.961089 0.387005
0.117252 0.847011
0.561815 0.208838
0.883023 0.545579
0.410443 0.0348521
0.246895 0.452315
0.533952 0.0727866
0.855037 0.231727
0.172124 0.40846
0.219642 0.646962
0.0182195 0.737419
0.203375 0.0672628
0.793329 0.852931
0.888211 0.858455
0.0645772 0.559679
0.840785 0.87756
0.793848 0.0539567
0.197546 0.631062
0.329203 0.964995
0.188665 0.659108
0.156774 0.189581
0.642354 0.896451
0.327128 0.145268
0.539537 0.689138
0.107944 0.154576
0.88818 0.218818
0.676992 0.318735
0.744713 0.713279
0.667348 0.928434
0.167547 0.70687
0.847499 0.0634785
0.853236 0.0221259
0.0142216 0.537095
0.984283 0.556108
0.719047 0.238868
0.3755 0.949675
0.12064 0.434767
0.989227 0.401318
0.259865 0.553056
0.438093 0.800562
0.0760521 0.172185
0.582049 0.358959
0.167394 0.0691855
0.482406 0.570025
0.776177 0.89874
0.36433 0.79928
0.50444 0.342875
0.513993 0.79635
0.497208 0.445723
0.220283 0.409803
0.948119 0.754509
0.156133 0.770226
0.873562 0.425703
0.586779 0.939512
0.00756859 0.0218207
0.032197 0.216346
0.958251 0.979125
0.0716575 0.347392
0.651448 0.844478
0.410047 0.220283
0.395398 0.442091
0.381603 0.253426
0.279275 0.6404
0.184118 0.988067
0.599231 0.258705
0.615131 0.599567
0.0591449 0.453444
0.414899 0.726005
0.48146 0.536424
0.510666 0.220862
0.0289621 0.0896634
0.801386 0.647725
0.896084 0.143284
0.302286 0.517258
0.455397 0.239113
0.190558 0.905515
0.213324 0.106937
0.572924 0.495895
0.98059 0.61681
0.352733 0.491043
0.595935 0.155095
0.0566118 0.512711
0.468642 0.709769
0.915159 0.246864
0.706381 0.568621
0.735221 0.171117
0.611988 0.320505
0.771172 0.182104
0.0556352 0.013947
0.241371 0.994049
0.416913 0.191229
0.780206 0.110813
0.20954 0.299173
0.86578 0.772362
0.265786 0.25251
0.995544 0.283822
0.585131 0.910947
0.248512 0.66924
0.811396 0.709098
0.488784 0.0123295
0.961974 0.667257
0.639912 0.765526
0.304208 0.627247
0.90408 0.679678
0.988464 0.642994
0.97351 0.489914
0.987976 0.889248
0.67629 0.529466
0.765862 0.852168
0.768578 0.814753
0.913602 0.782678
0.355174 0.360363
0.621326 0.73278
0.639271 0.985839
0.882443 0.48088
0.18421 0.00872829
0.933561 0.186865
0.291238 0.427564
0.537889 0.61568
0.047792 0.723258
0.427137 0.760948
0.223853 0.20719
0.910092 0.879513
0.411145 0.281167
0.537004 0.247566
0.250801 0.859371
0.610034 0.835658
0.118564 0.284524
0.508194 0.0378735
0.872219 0.645802
0.0380871 0.971374
0.16895 0.563463
0.474868 0.0826441
0.865871 0.453902
0.574847 0.993866
0.320322 0.676809
0.842189 0.379833
0.157964 0.884182
0.741874 0.458449
0.8764 0.253822
0.398694 0.0977203
0.265633 0.505417
0.576739 0.133427
0.213263 0.572253
0.887417 0.281686
0.450209 0.682974
0.205267 0.174902
0.683401 0.890072
0.539384 0.962676
0.54152 0.871761
0.287301 0.980438
0.454604 0.980285
0.831568 0.836421
0.103122 0.337474
0.368786 0.75045
0.0775475 0.38258
0.000549333 0.871181
0.614612 0.232093
0.595325 0.0806909
0.775811 0.361064
0.737815 0.595386
0.0707114 0.667989
0.131443 0.499619
0.434339 0.352
0.415571 0.329386
0.260933 0.0480667
0.550554 0.0186163
0.587512 0.644673
0.396405 0.398724
0.222388 0.537065
0.998138 0.730003
0.562944 0.543504
0.457228 0.0223701
0.689993 0.977142
0.781915 0.251137
0.819941 0.792322
0.953276 0.47084
0.824274 0.431715
0.0166021 0.167913
0.653371 0.437208
0.690817 0.637593
0.605487 0.983734
0.280343 0.593677
0.484909 0.363262
0.76867 0.481307
0.667318 0.769646
0.749565 0.995819
0.427107 0.0677816
0.937559 0.499374
0.776818 0.7875
0.379345 0.82696
0.607013 0.46321
0.130924 0.109134
0.507492 0.250618
0.913144 0.0772118
0.623066 0.952849
0.316965 0.898068
0.215644 0.59978
0.52794 0.532517
0.559374 0.6339
0.715049 0.346477
0.260109 0.822993
0.514023 0.293283
0.00167852 0.110569
0.691366 0.0466323
0.728385 0.818812
0.505417 0.977691
0.022309 0.432051
0.0706198 0.786584
0.791131 0.497391
0.296915 0.392834
0.971801 0.93115
0.927 0.956053
0.419355 0.627155
0.925474 0.600024
0.0566729 0.624378
0.216254 0.9653
0.415143 0.661763
0.486557 0.492019
0.244179 0.92114
0.0519425 0.369274
0.899991 0.44789
0.64333 0.117161
0.853511 0.135136
0.365001 0.321482
0.402203 0.145054
0.740318 0.779504
0.887081 0.10123
0.805414 0.367199
0.0157781 0.497208
0.997436 0.84582
0.00772118 0.462783
0.755943 0.665487
0.477004 0.628498
0.296213 0.785516
0.763726 0.220832
0.755913 0.939329
0.277657 0.923551
0.560747 0.846065
0.0436415 0.281259
0.167089 0.0314341
0.488693 0.870663
0.946318 0.563829
0.663808 0.69921
0.555223 0.911618
0.610584 0.200842
0.464492 0.206458
0.387219 0.68688
0.675039 0.462752
0.186621 0.801202
0.625813 0.441877
0.0957671 0.748833
0.16831 0.591449
0.684408 0.130924
0.353771 0.0484024
0.697714 0.81109
0.0256355 0.629933
0.364422 0.651997
0.050325 0.403851
0.0261544 0.892575
0.973144 0.0796533
0.930906 0.280526
0.644215 0.501724
0.262123 0.00109867
0.107639 0.187078
0.642872 0.555986
0.0711692 0.0679952
0.5609 0.106937
0.478347 0.963836
0.322977 0.454634
0.687307 0.259804
0.217231 0.772729
0.915525 0.119999
0.0966521 0.647114
0.565111 0.772576
0.64275 0.397961
0.465804 0.456404
0.906857 0.307749
0.883663 0.73162
0.846828 0.26838
0.0820643 0.209967
0.0956755 0.475326
0.0441908 0.17539
0.347545 0.242714
0.495712 0.901273
0.137364 0.746361
0.269204 0.880764
0.885769 0.185217
0.864071 0.607166
0.615467 0.909787
0.531693 0.334452
0.815088 0.912839
0.285775 0.687155
0.811335 0.534593
0.951781 0.720481
0.117161 0.554765
0.201331 0.43025
0.406476 0.938719
0.25602 0.969115
0.348399 0.90817
0.0258492 0.140721
0.506333 0.680502
0.331858 0.780877
0.915036 0.0217597
0.98233 0.523942
0.209937 0.142857
0.807092 0.123051
0.986602 0.691
0.876553 0.0526444
0.973083 0.827723
0.49263 0.139409
0.94882 0.527482
0.71572 0.998932
0.339213 0.388775
0.74041 0.420911
0.69274 0.710166
0.198889 0.0376904
0.578387 0.825343
0.957701 0.78045
0.634663 0.658925
0.431532 0.46849
0.908597 0.512223
0.128025 0.229499
0.977325 0.0487075
0.120823 0.0587786
0.541124 0.579974
0.382488 0.588275
0.893521 0.599445
0.377209 0.867397
0.598254 0.793023
0.0930204 0.898862
0.00885037 0.836421
0.312326 0.170476
0.711997 0.856319
0.773583 0.140812
0.149297 0.475448
0.20304 0.37843
0.00262459 0.57683
0.328349 0.833338
0.294382 0.0606403
0.838649 0.732597
0.700125 0.476424
0.287271 0.847041
0.0996124 0.240791
0.124638 0.377117
0.569231 0.571947
0.0276193 0.324076
0.216865 0.709006
0.472182 0.660024
0.302805 0.00506607
0.348247 0.0183721
0.638844 0.159581
0.677328 0.564318
0.708426 0.399518
0.951384 0.897977
0.323923 0.997711
0.0664388 0.744743
0.714591 0.54268
0.0751366 0.260414
0.927854 0.812677
0.298379 0.95529
0.21424 0.260018
0.960997 0.295785
0.869594 0.396008
0.167913 0.636372
0.566179 0.251076
0.310434 0.215064
0.734306 0.631397
0.435102 0.949156
0.851222 0.677908
0.593646 0.419568
0.416517 0.566881
0.702994 0.0153508
0.235603 0.511917
0.853816 0.541642
0.147465 0.361461
0.337901 0.517716
0.154973 0.849147
0.4485 0.268777
0.0303659 0.0544755
0.110446 0.0142216
0.297311 0.0999481
0.172155 0.307108
0.174291 0.108585
0.780724 0.0232856
0.400311 0.752953
0.0868862 0.444685
0.7828 0.737968
0.0330821 0.939879
0.522935 0.470443
0.821131 0.00540178
0.104343 0.927915
0.0833766 0.300302
0.221503 0.888974
0.570635 0.674551
0.871212 0.950377
0.992065 0.189306
0.581713 0.0397046
0.487075 0.111026
0.659078 0.955046
0.503891 0.601001
0.0592364 0.865169
0.55324 0.362407
0.385296 0.992523
0.106235 0.960173
0.606586 0.395245
0.316233 0.413526
0.793207 0.607135
0.990448 0.591235
0.113834 0.725333
0.525529 0.912046
0.00381481 0.956725
0.306406 0.126041
0.0625629 0.136448
0.172979 0.339915
0.984893 0.348125
0.257973 0.190466
0.895444 0.626606
0.571612 0.386273
0.105228 0.81634
0.214393 0.488296
0.477401 0.778558
0.649373 0.18833
0.160436 0.218085
0.632801 0.0696738
0.715812 0.150609
0.381817 0.488113
0.0118717 0.705222
0.503037 0.638447
0.688498 0.666158
0.887692 0.00161748
0.374126 0.624378
0.216712 0.74456
0.00799585 0.273995
0.665822 0.0284738
0.304697 0.56032
0.314188 0.364513
0.756645 0.0439467
0.186163 0.227424
0.149693 0.440901
0.541337 0.280984
0.837184 0.980255
0.0140996 0.775384
0.999298 0.241523
0.809931 0.276955
0.996033 0.989593
0.804559 0.309763
0.378094 0.0675375
0.311991 0.867122
0.462477 0.939146
0.877895 0.894925
0.547105 0.0457167
0.153172 0.914884
0.441237 0.717734
0.17954 0.452651
0.951079 0.251625
0.829859 0.598224
0.383862 0.905515
0.249489 0.0862453
0.50499 0.837916
0.138585 0.13947
0.154729 0.997131
0.0830409 0.535142
0.658528 0.0803552
0.960326 0.592578
0.825587 0.465316
0.266762 0.759545
0.183538 0.938505
0.255379 0.287149
0.984405 0.791925
0.435102 0.107761
0.833399 0.301553
0.379345 0.289529
0.135716 0.65743
0.324747 0.331584
0.967131 0.111179
0.419294 0.989746
0.913175 0.924497
0.0369884 0.570452
0.650288 0.583697
0.64922 0.735954
0.371837 0.177343
0.538224 0.493271
0.275369 0.451094
0.821833 0.673421
0.711631 0.0664388
0.293802 0.475112
0.112522 0.526933
0.668996 0.809198
0.449171 0.635487
0.0108951 0.809046
0.514084 0.39668
0.0877102 0.980407
0.0107425 0.402112
0.582568 0.612079
0.433058 0.147191
0.408063 0.869564
0.00125126 0.304758
0.50383 0.0810266
0.233863 0.0184332
0.513596 0.369121
0.824976 0.042024
0.605884 0.88229
0.434431 0.529252
0.68157 0.100925
0.182165 0.521714
0.00845363 0.654775
0.321116 0.48384
0.739647 0.106662
0.147008 0.00860622
0.317484 0.756523
0.0804773 0.0371105
0.658162 0.641255
0.681814 0.852962
0.454665 0.847835
0.702567 0.190283
0.819086 0.395184
0.556444 0.322855
0.218757 0.935514
0.335826 0.103336
0.145909 0.620258
0.649251 0.333598
0.250649 0.630848
0.784478 0.684469
0.45848 0.514481
0.0918607 0.502914
0.00622578 0.341868
0.195074 0.865841
0.752068 0.749992
0.421308 0.00061037
0.544084 0.173833
0.824976 0.630024
0.445906 0.873928
0.0979034 0.784143
0.503861 0.950346
0.254799 0.793298
0.172308 0.153813
0.980987 0.317209
0.775109 0.537095
0.901913 0.831355
0.165319 0.962157
0.188177 0.76632
0.921506 0.990081
0.57918 0.866176
0.0707724 0.0973846
0.738029 0.905698
0.286355 0.723991
0.0568255 0.992981
0.0695517 0.816889
0.139897 0.704398
0.0997955 0.119205
0.935209 0.839564
0.268654 0.406537
0.192816 0.725272
0.764489 0.631306
0.781671 0.333903
0.922422 0.736564
0.339518 0.73516
0.572375 0.962889
0.0562761 0.237526
0.248238 0.227729
0.693167 0.437727
0.225959 0.799219
0.455916 0.0625935
0.737999 0.200537
0.397839 0.801477
0.213202 6.1037e-05
0.954405 0.168065
0.754112 0.00744652
0.680441 0.495743
0.622517 0.632405
0.819086 0.342326
0.659627 0.372875
0.854488 0.71041
0.639882 0.267281
0.681967 0.412122
0.749412 0.255348
0.923978 0.541398
0.418836 0.695364
0.220466 0.681204
0.353832 0.986633
0.0544755 0.48085
0.185766 0.19718
0.0469069 0.653493
0.234321 0.168523
0.271645 0.34019
0.532334 0.203223
0.798395 0.936521
0.12891 0.977111
0.700034 0.916837
0.567644 0.0781579
0.898068 0.960418
0.80932 0.87701
0.354289 0.681875
0.795556 0.457869
0.110263 0.999634
0.0570391 0.307962
0.739952 0.363933
0.00167852 0.995972
0.351024 0.879849
0.113254 0.585437
0.916105 0.163305
0.793084 0.0867946
0.80987 0.989868
0.237831 0.389019
0.891812 0.3343
0.879025 0.693747
0.00201422 0.244575
0.781274 0.567461
0.245643 0.116886
0.327952 0.648061
0.145573 0.528703
0.860591 0.0936613
0.933225 0.676809
0.317728 0.0447401
0.630238 0.700827
0.0238655 0.372631
0.989959 0.756676
0.59859 0.545885
0.456404 0.760491
0.993377 0.101535
0.308481 0.596515
0.539354 0.827876
0.368786 0.387432
0.799463 0.418073
0.588214 0.181616
0.7416 0.869137
0.641713 0.467055
0.309763 0.283792
0.800378 0.825343
0.604846 0.00323496
0.703085 0.782891
0.13245 0.405164
0.500931 0.716086
0.70864 0.50264
0.978729 0.959624
0.454573 0.605762
0.625568 0.808863
0.338816 0.198401
0.323801 0.933042
0.601062 0.762597
0.826258 0.949248
0.422803 0.247841
0.985931 0.461684
0.137669 0.944914
0.473922 0.429182
0.354564 0.846889
0.576952 0.0089114
0.950529 0.0339061
0.829096 0.213965
0.373852 0.148289
0.194433 0.690146
0.142979 0.576525
0.669393 0.00061037
0.768456 0.592364
0.304147 0.820856
0.620563 0.0970488
0.265328 0.476608
0.155583 0.279733
0.855159 0.203467
0.137669 0.0343638
0.537522 0.654805
0.750542 0.393414
0.709067 0.110172
0.473556 0.179022
0.373699 0.526475
0.0372631 0.603534
0.534532 0.732932
0.392743 0.548906
0.353008 0.0794702
0.737693 0.960082
0.547594 0.997711
0.23188 0.050264
0.445112 0.377941
0.193426 0.836604
0.521744 0.00277718
0.894192 0.407941
0.0306101 0.254463
0.0875271 0.871975
0.43437 0.440901
0.687643 0.287667
0.906705 0.0489517
0.0125126 0.921689
0.382733 0.778497
0.628315 0.29432
0.957915 0.635945
0.172552 0.378155
0.219031 0.459517
0.610981 0.0520646
0.155736 0.682272
0.857753 0.853572
0.0412305 0.114292
0.670064 0.996277
0.737846 0.134556
0.333598 0.549486
0.68337 0.740104
0.931333 0.448317
0.133396 0.174383
0.003296 0.612537
0.282418 0.226478
0.769005 0.41496
0.379772 0.0342418
0.191229 0.547807
0.279611 0.166417
0.0396435 0.758263
0.602679 0.575121
0.563433 0.74279
0.241462 0.576037
0.89819 0.758751
0.45555 0.484146
0.627857 0.859127
0.142674 0.0809961
0.489212 0.0573748
0.916532 0.366527
0.853603 0.169164
0.65746 0.872097
0.940672 0.132023
0.121067 0.87936
0.605884 0.66625
0.158391 0.504044
0.210456 0.997284
0.777795 0.995056
0.727592 0.00122074
0.451765 0.297739
0.283639 0.0319529
0.479537 0.741752
0.164983 0.736839
0.637928 0.00311289
0.0838649 0.00219733
0.486129 0.295175
0.584674 0.224433
0.948607 0.411969
0.565172 0.414594
0.844172 0.410779
0.582141 0.523423
0.46202 0.346721
0.0620136 0.697836
0.510849 0.563494
0.0982086 0.364757
0.583605 0.329875
0.720145 0.655507
0.489975 0.811396
0.660329 0.671041
0.451918 0.550157
0.997772 0.918455
0.484237 0.230049
0.648244 0.613941
0.999084 0.816401
0.941801 0.92526
0.849116 0.795953
0.4438 0.324473
0.568163 0.296884
0.38728 0.728019
0.50145 0.515549
0.387036 0.20127
0.348643 0.128056
0.549516 0.13361
0.539994 0.387585
0.817957 0.505753
0.272774 0.112949
0.940245 0.31782
0.49736 0.195532
0.467879 0.896115
0.859188 0.999145
0.0021363 0.0488601
0.88348 0.923551
0.707083 0.320231
0.999115 0.372265
0.799616 0.185644
0.116214 0.313364
0.12421 0.463485
0.0291452 0.000793481
0.872463 0.516953
0.638142 0.925565
0.97412 0.266366
0.832026 0.559496
0.253883 0.314371
0.847407 0.342082
0.999023 0.0680258
0.437208 0.217719
0.300851 0.657704
0.394543 0.643605
0.774956 0.710807
0.279763 0.533189
0.283029 0.276833
0.747154 0.285165
0.0526749 0.838557
0.534593 0.445326
0.728172 0.932005
0.245857 0.422498
0.402356 0.968413
0.998901 0.50148
0.0590838 0.586871
0.0460524 0.538957
0.836451 0.113468
0.403729 0.471725
0.0900906 0.570879
0.0558183 0.202033
0.685171 0.0734275
0.515213 0.881039
0.729057 0.482681
0.393231 0.313486
0.998901 0.161168
0.843226 0.650197
0.721335 0.440352
0.557848 0.939695
0.971587 0.00106815
0.436934 0.0415967
0.909085 0.199713
0.647877 0.79165
0.0295419 0.998657
0.214362 0.232704
0.552721 0.518296
0.227271 0.363872
0.987487 0.216712
0.13187 0.201697
0.3314 0.265236
0.568285 0.159398
0.299112 0.341838
0.337809 0.807459
0.22251 0.859035
0.959441 0.359783
