987
0.00558489 0.00698874
0.00711081 0.0459914
0.00479141 0.0993683
0.0118412 0.129978
0.0183416 0.221107
0.00521867 0.250984
0.0144353 0.284463
9.15555e-05 0.309397
0.00833155 0.343181
0.00143437 0.390393
0.00735496 0.419263
0.00506607 0.456648
0.00943022 0.483352
0.0162053 0.530991
0.00286874 0.570177
6.1037e-05 0.614673
0.0161138 0.653432
0.00439466 0.695761
0.000762963 0.726829
0.000366222 0.754936
0.0011597 0.7846
0.00271615 0.814295
0.00878933 0.868069
0.00671407 0.901181
0.0111698 0.938505
0.000396741 0.968047
0.0132756 0.99353
0.0299692 0.0308542
0.0255135 0.0694296
0.0330515 0.18543
0.0305185 0.327708
0.0320139 0.363048
0.0339671 0.406812
0.0320139 0.463027
0.0348216 0.498184
0.032075 0.557726
0.0333262 0.626637
0.0318613 0.693716
0.0377209 0.727165
0.0286874 0.796411
0.020661 0.843562
0.0278634 0.969329
0.0520341 0.00106815
0.0532548 0.108615
0.0505081 0.160466
0.0484939 0.2743
0.0460829 0.30311
0.0419019 0.43553
0.0528581 0.523057
0.0416578 0.593371
0.0386975 0.769341
0.0564287 0.808313
0.0480667 0.838435
0.0391247 0.871029
0.0392163 0.902219
0.0396435 0.934416
0.0559404 0.963561
0.042848 0.992889
0.0572832 0.0480667
0.0732139 0.0819117
0.0583209 0.196234
0.0651265 0.225654
0.0715354 0.255776
0.0637226 0.326518
0.0696738 0.354472
0.0582598 0.395062
0.0715354 0.419019
0.0677206 0.484695
0.0610675 0.574053
0.0638447 0.611286
0.058565 0.675008
0.0580462 0.708426
0.0711081 0.74041
0.0664998 0.767052
0.0754418 0.840358
0.0666219 0.881954
0.0739158 0.997192
0.0803552 0.0171514
0.0848109 0.0549333
0.085696 0.111026
0.0864589 0.14301
0.089114 0.192663
0.09064 0.33076
0.0945463 0.364605
0.081698 0.445692
0.0790124 0.538163
0.0935087 0.567522
0.0910977 0.628254
0.0761742 0.652913
0.0822779 0.689169
0.0929289 0.719199
0.0854518 0.802881
0.088992 0.900143
0.079226 0.925901
0.0925932 0.965697
0.104709 3.05185e-05
0.108463 0.0272835
0.112613 0.0618915
0.101138 0.0870083
0.0961943 0.225898
0.0949126 0.276711
0.106693 0.304575
0.103916 0.407208
0.11063 0.444502
0.0960112 0.470199
0.0984527 0.499466
0.0994293 0.666799
0.108585 0.788995
0.103092 0.837184
0.105411 0.876156
0.112003 0.931669
0.125858 0.107242
0.132817 0.146519
0.11539 0.173681
0.130863 0.198279
0.121586 0.248756
0.12775 0.284494
0.122288 0.328867
0.123753 0.366802
0.129185 0.393139
0.130802 0.50206
0.128697 0.529191
0.120731 0.557848
0.130375 0.58858
0.125492 0.616382
0.126713 0.651692
0.11475 0.697653
0.114078 0.736747
0.12476 0.764306
0.124149 0.817255
0.121006 0.899838
0.125248 0.959624
0.121708 0.998688
0.134404 0.00454726
0.137181 0.0482498
0.148869 0.0910367
0.140019 0.228614
0.149052 0.25898
0.148991 0.334696
0.134251 0.427931
0.137516 0.457259
0.151311 0.567736
0.148625 0.632893
0.143162 0.714164
0.149876 0.743156
0.134465 0.849025
0.140385 0.879238
0.139775 0.929624
0.164617 0.00744652
0.161504 0.0601215
0.158238 0.130528
0.159886 0.203436
0.170293 0.236
0.154576 0.30604
0.154698 0.366741
0.156835 0.393658
0.159185 0.441298
0.156865 0.479171
0.157994 0.509873
0.155828 0.53853
0.159368 0.604724
0.155828 0.669759
0.16895 0.723655
0.155431 0.776025
0.156133 0.820368
0.166112 0.845698
0.167791 0.872494
0.156713 0.906522
0.152257 0.970794
0.161779 0.996429
0.177068 0.0315256
0.188787 0.0562456
0.177465 0.11124
0.179479 0.149663
0.179846 0.183752
0.1854 0.212195
0.178411 0.26252
0.180609 0.354869
0.183111 0.385723
0.185156 0.427381
0.183538 0.463424
0.182348 0.49205
0.186071 0.523301
0.189367 0.553514
0.178259 0.580828
0.175359 0.637074
0.174566 0.692526
0.180242 0.749443
0.172216 0.798669
0.182409 0.896695
0.173223 0.940519
0.182287 0.97647
0.193548 0.00534074
0.19126 0.0853297
0.203406 0.125645
0.206122 0.296487
0.205054 0.328532
0.202918 0.598041
0.200354 0.666616
0.200354 0.706198
0.193548 0.779778
0.195868 0.825678
0.195532 0.852809
0.197089 0.91995
0.199194 0.999695
0.222938 0.0397961
0.213691 0.0669576
0.219245 0.103488
0.225227 0.149388
0.210822 0.176916
0.214026 0.205817
0.214087 0.249123
0.216834 0.364391
0.210395 0.400616
0.210456 0.44792
0.212195 0.484451
0.219398 0.51091
0.21073 0.570421
0.220405 0.625324
0.227271 0.651692
0.22776 0.688559
0.210639 0.758995
0.222266 0.797632
0.222419 0.833247
0.209754 0.892697
0.222602 0.930082
0.208899 0.96585
0.242439 0.0179144
0.24659 0.0574053
0.239418 0.0853603
0.240242 0.173437
0.233131 0.230201
0.244514 0.2584
0.235786 0.289743
0.23777 0.320109
0.235145 0.387127
0.231941 0.418439
0.236702 0.461776
0.245125 0.521134
0.233955 0.545915
0.229713 0.595386
0.230262 0.736137
0.24192 0.774102
0.232154 0.877377
0.239662 0.954741
0.229621 0.999451
0.249611 0.118107
0.254158 0.14713
0.260811 0.20249
0.2519 0.349193
0.261757 0.378948
0.248787 0.489486
0.260109 0.557573
0.258461 0.600421
0.255654 0.635273
0.258065 0.677236
0.252388 0.719932
0.252693 0.799829
0.254738 0.836665
0.247444 0.918851
0.262978 0.99707
0.268624 0.00469985
0.267312 0.0333567
0.274117 0.0678121
0.267159 0.0938444
0.268258 0.171819
0.270791 0.234199
0.266304 0.284188
0.278146 0.314035
0.269112 0.423566
0.272225 0.453871
0.274911 0.500839
0.278054 0.532304
0.283303 0.587481
0.281716 0.624348
0.273965 0.701315
0.275948 0.740776
0.270302 0.769127
0.277596 0.815851
0.2678 0.860164
0.28019 0.902219
0.275033 0.941099
0.27955 0.970885
0.295419 0.00137333
0.298563 0.079989
0.289529 0.119999
0.297769 0.149663
0.300943 0.236274
0.286111 0.259224
0.297861 0.290048
0.285806 0.341838
0.287393 0.387493
0.30079 0.439192
0.300729 0.477432
0.301279 0.511917
0.302103 0.544481
0.288888 0.652791
0.298379 0.680746
0.297525 0.765709
0.29368 0.999725
0.308786 0.033784
0.318949 0.127293
0.305032 0.205573
0.307138 0.316568
0.309458 0.362621
0.305734 0.411145
0.318522 0.576312
0.308847 0.6039
0.311075 0.63506
0.321329 0.695914
0.315958 0.736381
0.303751 0.796869
0.305612 0.831019
0.305704 0.85931
0.307291 0.909024
0.304422 0.936033
0.313791 0.961852
0.319834 0.993438
0.327555 0.000244148
0.327921 0.0574664
0.328288 0.0850246
0.340434 0.110416
0.323588 0.169347
0.331645 0.228675
0.335246 0.27073
0.327982 0.297739
0.3343 0.328532
0.328288 0.390759
0.327097 0.45674
0.331095 0.50795
0.331034 0.549028
0.336802 0.608051
0.338481 0.636372
0.324137 0.665487
0.338542 0.764214
0.329081 0.813044
0.334117 0.876339
0.336131 0.909055
0.337535 0.938627
0.343638 0.0292672
0.356792 0.0636616
0.34373 0.140568
0.355205 0.168126
0.343059 0.200415
0.353771 0.244575
0.358806 0.356944
0.357341 0.386334
0.343699 0.415662
0.355083 0.443495
0.354259 0.480605
0.359813 0.549944
0.346538 0.580737
0.353862 0.662679
0.355571 0.7022
0.355571 0.741386
0.350291 0.789209
0.354747 0.822718
0.34901 0.966338
0.351299 0.993652
0.374035 0.00570696
0.373363 0.105258
0.370128 0.200232
0.375225 0.261116
0.361156 0.291177
0.372906 0.333506
0.375988 0.418104
0.361766 0.50737
0.368969 0.604846
0.376507 0.637165
0.375072 0.777337
0.370983 0.854549
0.364299 0.916715
0.3755 0.970733
0.381878 0.0333567
0.386212 0.0798669
0.388684 0.145817
0.394299 0.212806
0.391675 0.298349
0.38612 0.387524
0.389203 0.441786
0.388501 0.483779
0.391705 0.515274
0.393261 0.545457
0.380688 0.577685
0.383923 0.670217
0.392224 0.700217
0.383557 0.728172
0.380047 0.803827
0.397198 0.834407
0.380078 0.890591
0.392804 0.937895
0.398541 0.991974
0.400983 0.000824
0.412091 0.0262154
0.399579 0.0558794
0.411115 0.109806
0.402692 0.177801
0.399609 0.239357
0.40199 0.26664
0.398816 0.324259
0.398816 0.352062
0.413038 0.381756
0.412122 0.413617
0.417432 0.562609
0.407666 0.590228
0.408124 0.653127
0.413007 0.721183
0.413831 0.758965
0.402051 0.787439
0.399579 0.867336
0.406384 0.899564
0.417402 0.925352
0.402417 0.964721
0.435682 0.00698874
0.430006 0.0736106
0.418439 0.150029
0.420606 0.200964
0.436384 0.226661
0.436109 0.254555
0.423292 0.284188
0.428114 0.316202
0.434156 0.348643
0.419019 0.44023
0.419416 0.471603
0.429487 0.497879
0.41908 0.525315
0.425947 0.6133
0.41908 0.677725
0.433912 0.778985
0.424512 0.807306
0.422834 0.848323
0.426344 0.875027
0.430952 0.958312
0.441542 0.0477309
0.438032 0.103519
0.445967 0.13654
0.438734 0.169042
0.450636 0.297433
0.451094 0.373882
0.440748 0.422651
0.446944 0.521836
0.442915 0.549821
0.443373 0.582446
0.436842 0.649617
0.439344 0.710288
0.439619 0.746117
0.455214 0.855678
0.436689 0.902066
0.445387 0.935209
0.453963 0.973235
0.442213 0.998871
0.465712 0.10828
0.464736 0.194433
0.464644 0.254189
0.47383 0.283731
0.458235 0.33372
0.463576 0.3979
0.456404 0.466628
0.456771 0.493484
0.469497 0.591082
0.456557 0.615131
0.468123 0.640614
0.461806 0.668508
0.469161 0.741478
0.46086 0.797388
0.460829 0.88467
0.482376 0.0136723
0.490249 0.041261
0.475539 0.0679342
0.490646 0.0950346
0.47792 0.13361
0.484359 0.174535
0.487167 0.211676
0.49144 0.257668
0.477401 0.310495
0.492782 0.357982
0.489792 0.386181
0.485305 0.423658
0.478713 0.44969
0.481002 0.480392
0.480972 0.537187
0.493118 0.567766
0.479843 0.704672
0.475295 0.773095
0.476913 0.839808
0.48796 0.879208
0.474685 0.9317
0.485183 0.963134
0.476638 0.993469
0.505783 0.0691549
0.511307 0.120243
0.504654 0.152074
0.503647 0.302499
0.503677 0.509384
0.49559 0.598407
0.498276 0.631184
0.50087 0.683462
0.499649 0.724601
0.511704 0.767327
0.498459 0.792108
0.508225 0.82458
0.504685 0.85284
0.501358 0.903439
0.504013 0.933531
0.508194 0.983734
0.517685 0.0282296
0.52681 0.0920438
0.51323 0.182409
0.522996 0.223273
0.525468 0.281808
0.52208 0.346721
0.515702 0.37553
0.526505 0.44554
0.516953 0.472488
0.530534 0.502396
0.519303 0.539018
0.518174 0.577593
0.530168 0.62804
0.524216 0.657155
0.526078 0.730827
0.530442 0.796045
0.516556 0.880886
0.531144 0.944304
0.531236 0.998413
0.547136 0.0162969
0.538224 0.0504776
0.544633 0.112644
0.532701 0.137944
0.546586 0.172155
0.539964 0.248268
0.538224 0.318216
0.54912 0.351878
0.546281 0.540941
0.537461 0.599322
0.542772 0.768059
0.533677 0.85342
0.54799 0.905057
0.564257 0.0687582
0.564196 0.144719
0.559587 0.196509
0.556352 0.226905
0.55858 0.295724
0.564989 0.328898
0.562853 0.375103
0.550981 0.417463
0.556505 0.446303
0.564013 0.497604
0.556352 0.578234
0.561327 0.621387
0.55211 0.648183
0.551347 0.682607
0.555559 0.718772
0.56328 0.794641
0.551714 0.826319
0.562029 0.851344
0.558763 0.880215
0.557146 0.931547
0.558458 0.959319
0.568133 0.984374
0.574511 0.0146489
0.576403 0.044557
0.573626 0.11127
0.58623 0.174932
0.569567 0.26429
0.58797 0.288919
0.581011 0.430403
0.576128 0.473067
0.580584 0.530717
0.581072 0.566088
0.583758 0.606006
0.575121 0.695273
0.58208 0.73693
0.573626 0.765648
0.579577 0.824519
0.57214 1.05041
0.604785 0.0117496
0.599109 0.0613117
0.591693 0.0888699
0.593646 0.129673
0.600635 0.206397
0.602802 0.235206
0.59917 0.262581
0.602649 0.320994
0.589587 0.345256
0.596698 0.373882
0.60329 0.401257
0.601856 0.455367
0.59032 0.505692
0.596057 0.629963
0.596301 0.658742
0.602954 0.685659
0.605518 0.723228
0.595325 0.786126
0.591815 0.855312
0.596057 0.882778
0.591876 0.919675
0.590075 0.948637
0.60155 0.99115
0.625263 0.0441298
0.625385 0.0941801
0.621693 0.12186
0.612934 0.157323
0.621265 0.291665
0.624866 0.36375
0.612354 0.484115
0.61565 0.543168
0.607746 0.577197
0.616687 0.605029
0.613697 0.759819
0.624653 0.797418
0.612201 0.821894
0.620136 0.864681
0.617145 0.933225
0.621174 0.96118
0.635517 0.00418104
0.642109 0.145451
0.639027 0.173528
0.634632 0.232978
0.6339 0.260628
0.643574 0.33488
0.636799 0.422926
0.644307 0.451308
0.641041 0.51442
0.64452 0.587848
0.642903 0.630512
0.63683 0.666646
0.635578 0.733024
0.637623 0.773553
0.643879 0.843196
0.631184 0.896725
0.630482 0.99295
0.663198 0.00769066
0.651845 0.032197
0.648488 0.0729697
0.651143 0.105625
0.663381 0.27018
0.661 0.359752
0.647969 0.385388
0.662984 0.476699
0.652181 0.547807
0.66393 0.667226
0.647237 0.692984
0.654927 0.752556
0.650014 0.811182
0.660329 0.865352
0.658315 0.893216
0.646016 0.93173
0.648213 0.959197
0.656423 0.984802
0.664335 1.05536
0.679037 0.037904
0.672262 0.0887173
0.668844 0.162023
0.664571 0.21839
0.680593 0.242073
0.671743 0.297616
0.671102 0.331858
0.67983 0.395611
0.665334 0.419935
0.675558 0.452406
0.670705 0.505692
0.677725 0.532609
0.679769 0.565264
0.673391 0.610401
0.674642 0.637532
0.675497 0.692099
0.667409 0.721549
0.675741 0.773217
0.672445 0.841029
0.680654 0.90875
0.677877 0.952422
0.700156 0.0154729
0.700217 0.0707724
0.693869 0.112735
0.692038 0.144047
0.690451 0.196326
0.698416 0.320811
0.688803 0.360973
0.698538 0.420087
0.692129 0.474471
0.699149 0.50911
0.7022 0.545946
0.696463 0.592364
0.694205 0.71456
0.688833 0.741264
0.691244 0.81222
0.691275 0.862545
0.693442 0.9906
0.720573 0.0475478
0.719596 0.0973846
0.705039 0.168889
0.709342 0.219031
0.71337 0.251717
0.702719 0.286599
0.714011 0.34312
0.704001 0.383709
0.716025 0.453993
0.720084 0.48854
0.714194 0.571245
0.704672 0.641255
0.706748 0.677602
0.721061 0.738517
0.715842 0.783837
0.708975 0.839503
0.707633 0.885678
0.704093 0.931181
0.717551 0.968688
0.731681 0.011536
0.734062 0.0738243
0.726646 0.130314
0.738304 0.237098
0.732353 0.312754
0.73278 0.37022
0.727683 0.409467
0.727714 0.519761
0.737175 0.591357
0.726463 0.624073
0.733451 0.682211
0.722556 0.812921
0.734062 0.853938
0.728782 0.914975
0.733024 0.941649
0.723594 0.99826
0.758415 0.00195318
0.746269 0.110935
0.753594 0.138981
0.742058 0.172124
0.742027 0.204443
0.747063 0.273721
0.757134 0.336436
0.757683 0.393597
0.748711 0.428694
0.746574 0.458876
0.756127 0.514298
0.741111 0.546251
0.75634 0.628651
0.749809 0.660634
0.740776 0.709616
0.74456 0.753441
0.741569 0.791986
0.74752 0.8811
0.744957 0.972411
0.751305 0.998535
0.760887 0.0333873
0.761193 0.0624104
0.7687 0.094882
0.770745 0.203528
0.766289 0.231025
0.772057 0.262398
0.773827 0.302408
0.778039 0.358898
0.77575 0.428297
0.777398 0.455977
0.775658 0.487716
0.77633 0.543596
0.761254 0.566912
0.772179 0.599109
0.771905 0.701804
0.766045 0.733146
0.772851 0.782464
0.759789 0.836787
0.76104 0.906735
0.764794 0.934019
0.787713 0.0209662
0.785791 0.0501724
0.795801 0.0809656
0.791772 0.119022
0.779626 0.150182
0.78692 0.17655
0.792993 0.235725
0.791955 0.330119
0.795007 0.386486
0.795953 0.524613
0.788385 0.57445
0.788842 0.62917
0.784204 0.657887
0.789972 0.756493
0.796503 0.801233
0.786035 0.830042
0.783258 0.875362
0.780755 0.965026
0.779809 0.999329
0.813776 0.0115665
0.799066 0.205756
0.799951 0.273812
0.814783 0.30314
0.810327 0.360149
0.799616 0.414716
0.801263 0.442305
0.815699 0.468886
0.810755 0.606098
0.814478 0.66216
0.810724 0.698294
0.800531 0.730369
0.812525 0.778069
0.812555 0.84579
0.808191 0.896756
0.799402 0.943876
0.803095 0.984039
0.818171 0.0629902
0.820093 0.0994903
0.817927 0.129612
0.826838 0.167211
0.829096 0.239265
0.829279 0.280282
0.819208 0.332438
0.828913 0.442427
0.821619 0.496902
0.819605 0.56505
0.832362 0.634297
0.830653 0.755821
0.827387 0.818567
0.827418 0.871609
0.832575 0.910978
0.829737 0.99881
0.838649 0.000488296
0.838343 0.0278634
0.84167 0.0809961
0.842586 0.117557
0.853297 0.151769
0.853114 0.17893
0.838466 0.212622
0.842128 0.304056
0.852382 0.339488
0.843928 0.380322
0.847621 0.411542
0.848231 0.501877
0.84402 0.532029
0.842433 0.579424
0.847102 0.607776
0.843043 0.687124
0.849574 0.713279
0.850856 0.774529
0.853297 0.803735
0.850001 0.844661
0.836085 0.94174
0.835902 0.971282
0.863094 0.0419935
0.854701 0.248573
0.858913 0.282632
0.866451 0.363689
0.856777 0.448134
0.865535 0.479782
0.868648 0.570574
0.863216 0.648701
0.869015 0.675222
0.85815 0.74221
0.864895 0.879696
0.870113 0.918973
0.865932 0.950743
0.857601 0.998413
0.879299 0.00451674
0.874874 0.0868252
0.881802 0.114231
0.882199 0.148045
0.87817 0.188971
0.873348 0.221686
0.885525 0.267861
0.875851 0.310617
0.882717 0.33961
0.875301 0.392895
0.884701 0.42262
0.885311 0.4532
0.875942 0.508347
0.873592 0.597278
0.878597 0.708975
0.878597 0.791253
0.87814 0.820429
0.876736 0.850551
0.887356 0.968993
0.907651 0.00842311
0.896084 0.0331431
0.892788 0.0631428
0.910245 0.13422
0.898373 0.210944
0.89993 0.244667
0.902646 0.289132
0.905515 0.31727
0.902982 0.377422
0.906919 0.405652
0.907651 0.436842
0.90054 0.484024
0.89291 0.542711
0.899899 0.572131
0.902158 0.613514
0.910062 0.645253
0.895871 0.670736
0.905942 0.705222
0.903409 0.734519
0.892514 0.762749
0.911008 0.784173
0.906522 0.818751
0.900082 0.874081
0.910794 0.904111
0.892758 0.93881
0.8923 0.99649
0.92819 0.0327769
0.912473 0.0840785
0.929807 0.110263
0.913175 0.174718
0.925169 0.199927
0.929258 0.23719
0.926267 0.264321
0.923856 0.524796
0.923582 0.55913
0.925199 0.66744
0.929441 0.726279
0.927305 0.874538
0.924863 0.930235
0.916166 0.958373
0.922575 0.999329
0.937498 0.00521867
0.940001 0.141575
0.934599 0.312174
0.936674 0.343211
0.948759 0.409101
0.936491 0.451552
0.943175 0.489029
0.933378 0.621174
0.93231 0.693625
0.932401 0.755242
0.942259 0.784692
0.934355 0.81402
0.933866 0.84283
0.94171 0.902188
0.946898 0.948698
0.967315 0.0292367
0.951628 0.0920133
0.967986 0.135868
0.955077 0.166906
0.95468 0.19425
0.956511 0.270302
0.963103 0.333659
0.957488 0.362285
0.963683 0.511765
0.949614 0.534959
0.959014 0.60799
0.957823 0.639332
0.959929 0.739219
0.964415 0.803522
0.966918 0.838557
0.953887 0.869747
0.968047 0.892575
0.952879 0.996918
0.969573 0.00201422
0.968749 0.0660726
0.979064 0.0979644
0.980651 0.179815
0.972411 0.29783
0.973632 0.386517
0.97705 0.422651
0.971496 0.44969
0.970275 0.482742
0.968932 0.567278
0.969451 0.671285
0.968352 0.699759
0.986114 0.723411
0.975616 0.777123
0.978576 0.92703
0.995544 0.0458083
0.995209 0.0742515
0.997406 0.124149
0.994903 0.154179
0.996124 0.208197
0.999908 0.24308
0.993927 0.272866
0.998932 0.314096
0.991943 0.357463
0.998657 0.399976
0.999786 0.447371
0.996826 0.475173
0.989563 0.502182
0.998779 0.527879
0.997528 0.561632
0.989685 0.592151
0.997345 0.633259
0.998535 0.666036
0.999084 0.699789
0.994659 0.751518
0.997345 0.794916
0.997925 0.845485
0.992553 0.874233
0.995788 0.905454
0.995575 0.957213
0.996094 0.994263
1.03574 0.50012
1.07435 0.597642
