980
0.0143742 0.0142521
0.00216681 0.0599078
0.0117191 0.0871914
0.00122074 0.112857
0.00952177 0.1442
0.00595111 0.173223
0.00265511 0.215339
0.00372326 0.245247
0.00811792 0.309061
0.00112918 0.340373
0.000335704 0.370098
0.00241096 0.397992
0.00668355 0.436811
0.00344859 0.473708
0.000640889 0.503952
0.00216681 0.532182
0.014893 0.565538
0.0129704 0.615925
0.00109867 0.663228
0.000152593 0.700034
0.0138249 0.726768
0.00488296 0.75689
0 0.783593
0.00271615 0.827021
0.00640889 0.854549
6.1037e-05 0.883541
0.00497452 0.911039
0.00354015 0.938688
0.00274667 0.967894
0.00543229 0.997223
0.0291757 0.1171
0.0341502 0.17243
0.035493 0.209082
0.0334788 0.265389
0.0346385 0.313639
0.0337535 0.350322
0.0298776 0.387371
0.029603 0.42024
0.0299692 0.481674
0.0373241 0.544176
0.0251167 0.591662
0.0282296 0.645192
0.0254219 0.67748
0.0352489 0.785821
0.0260933 0.811457
0.03296 0.839137
0.0325938 0.866695
0.0295724 0.89581
0.0308847 0.932798
0.0368664 0.988891
0.0502335 0.00518815
0.0390027 0.0353404
0.0433058 0.0654622
0.0502029 0.0918912
0.0381176 0.145054
0.0529191 0.452467
0.0384533 0.516251
0.0535905 0.574938
0.0525529 0.618213
0.0541704 0.656301
0.0422987 0.719291
0.0412305 0.757561
0.0530717 0.81576
0.0521866 0.911191
0.0517899 0.956603
0.0682089 0.0267647
0.0620746 0.120945
0.0639363 0.198187
0.0605182 0.262795
0.0647908 0.291848
0.0646382 0.332865
0.0602741 0.413648
0.0672018 0.480544
0.0622578 0.53029
0.0592975 0.697806
0.0712607 0.722556
0.0723289 0.794671
0.0591449 0.850368
0.0713218 0.980621
0.089877 0.00540178
0.0759301 0.0529191
0.0885647 0.0766625
0.0878017 0.159062
0.0836207 0.242805
0.0948515 0.328135
0.0774865 0.384442
0.0905789 0.409986
0.0799585 0.447127
0.0916776 0.491867
0.0946379 0.522233
0.0842921 0.550554
0.0853603 0.59154
0.0841701 0.621235
0.0914335 0.64864
0.081576 0.675863
0.0802332 0.752281
0.0853603 0.821467
0.0865505 0.848506
0.077517 0.87701
0.0795312 0.91055
0.0769066 0.940428
0.093997 0.999237
0.102603 0.0473952
0.0957976 0.125401
0.102451 0.193121
0.102359 0.221442
0.104434 0.270608
0.0967437 0.300668
0.104068 0.357707
0.106632 0.386608
0.111332 0.435102
0.101535 0.464827
0.101535 0.710654
0.109897 0.778558
0.113529 0.840541
0.105472 0.89462
0.104373 0.933225
0.102786 0.964049
0.131901 0.0207221
0.116306 0.0992767
0.123203 0.175329
0.129765 0.213202
0.127323 0.242744
0.128697 0.283242
0.121982 0.329386
0.13184 0.490432
0.116947 0.541978
0.119816 0.578356
0.121067 0.605579
0.119816 0.655324
0.119144 0.682638
0.120212 0.733879
0.124241 0.802026
0.128147 0.869686
0.126743 0.987457
0.14832 0.0613422
0.1489 0.120243
0.147435 0.189856
0.149388 0.332987
0.134465 0.364757
0.14832 0.389874
0.144536 0.42201
0.136448 0.463729
0.144322 0.522172
0.140446 0.557482
0.14713 0.597308
0.144688 0.62862
0.145543 0.694449
0.151555 0.751701
0.139622 0.826197
0.146886 0.896176
0.141636 0.922788
0.137303 0.962401
0.161168 0.0013123
0.165471 0.0346995
0.154698 0.0880154
0.154485 0.154759
0.155797 0.234931
0.156102 0.263985
0.158971 0.294565
0.167699 0.50444
0.166723 0.568438
0.168157 0.64629
0.168523 0.810449
0.15891 0.845882
0.163945 0.874813
0.164159 0.959136
0.156713 0.995758
0.181646 0.0715964
0.175512 0.126225
0.18598 0.183355
0.178045 0.212043
0.183569 0.242439
0.185095 0.270241
0.187231 0.300058
0.175329 0.344615
0.171392 0.372265
0.176916 0.402234
0.171514 0.428846
0.17423 0.469222
0.174352 0.531358
0.180731 0.617542
0.172613 0.673269
0.186224 0.697897
0.17304 0.726981
0.180822 0.752983
0.176153 0.781854
0.174505 0.916898
0.191473 0.0253609
0.203406 0.0529496
0.207801 0.11536
0.192419 0.15717
0.207617 0.212836
0.208106 0.347789
0.200964 0.376568
0.20188 0.479324
0.203284 0.508774
0.198798 0.548723
0.196234 0.578997
0.202765 0.640431
0.20072 0.668477
0.207617 0.788629
0.205725 0.818689
0.191687 0.863552
0.191626 0.891018
0.193731 0.944273
0.190466 0.994873
0.222755 0.00268563
0.226936 0.0298166
0.218848 0.0797143
0.22367 0.141209
0.220405 0.169195
0.219611 0.272011
0.215278 0.302103
0.226966 0.393994
0.209418 0.416791
0.211707 0.454115
0.220313 0.565325
0.213569 0.614338
0.224128 0.720359
0.216071 0.877224
0.222144 0.940062
0.215278 0.975463
0.233741 0.0564287
0.236396 0.101871
0.235206 0.191961
0.233589 0.237831
0.23899 0.321268
0.23542 0.361431
0.237922 0.460158
0.231208 0.492874
0.235023 0.538591
0.24424 0.602222
0.241646 0.631214
0.228004 0.657277
0.229102 0.689749
0.228706 0.747764
0.235145 0.777032
0.240822 0.834162
0.245949 0.872402
0.229774 0.904385
0.245308 0.96234
0.232032 0.998016
0.254402 0.0257576
0.257881 0.0806909
0.263741 0.122349
0.250252 0.146458
0.265114 0.18836
0.264443 0.219886
0.254158 0.257942
0.253426 0.296762
0.262581 0.368633
0.255196 0.403912
0.254707 0.437147
0.259255 0.483169
0.254067 0.509567
0.261147 0.554186
0.252205 0.674825
0.262368 0.701437
0.258858 0.749809
0.258034 0.813013
0.249825 0.927641
0.27543 0.00122074
0.269601 0.0524613
0.273721 0.161382
0.281716 0.300211
0.267403 0.323313
0.283639 0.403668
0.277108 0.52913
0.274728 0.590167
0.270119 0.621601
0.273873 0.788629
0.268197 0.849177
0.276589 0.882778
0.2743 0.913388
0.275063 0.940702
0.26603 0.987182
0.289621 0.0297555
0.296243 0.0591754
0.286477 0.104312
0.296976 0.147679
0.30195 0.178594
0.287881 0.203009
0.295358 0.2313
0.285684 0.266152
0.300943 0.374493
0.285653 0.436689
0.29432 0.471633
0.301431 0.512925
0.294137 0.555254
0.284829 0.651234
0.288736 0.692404
0.299264 0.732688
0.291391 0.76278
0.300485 0.803247
0.28779 0.82873
0.295816 0.85699
0.299417 0.902493
0.291665 0.966155
0.291147 0.997345
0.304575 0.00717185
0.318278 0.0377514
0.311228 0.0869472
0.31959 0.256172
0.311686 0.301798
0.304788 0.344829
0.312754 0.402203
0.316477 0.430006
0.305704 0.590655
0.322123 0.636921
0.304025 0.670095
0.322611 0.760216
0.315836 0.926603
0.336497 0.0648518
0.333293 0.103916
0.322855 0.137516
0.339335 0.171056
0.327158 0.196112
0.333995 0.222144
0.340068 0.30015
0.328593 0.363079
0.32316 0.465865
0.331187 0.511429
0.335612 0.539933
0.330027 0.571703
0.338664 0.613605
0.322916 0.699973
0.329844 0.730644
0.326945 0.792596
0.322794 0.820521
0.326487 0.857479
0.325785 0.960295
0.358379 0.0103153
0.359172 0.084933
0.351787 0.127384
0.357219 0.202185
0.352672 0.243263
0.353771 0.271859
0.355754 0.322916
0.35548 0.35963
0.345012 0.395001
0.358318 0.513504
0.359081 0.553026
0.356609 0.585314
0.355449 0.664754
0.352 0.694143
0.353984 0.772729
0.354625 0.811182
0.34901 0.838252
0.359783 0.864284
0.34312 0.893918
0.342814 0.929411
0.353496 0.964568
0.355602 0.998474
0.367016 0.0516984
0.377056 0.106632
0.371624 0.160527
0.378857 0.221076
0.376507 0.290994
0.373516 0.404431
0.364147 0.436232
0.365947 0.481582
0.37257 0.607562
0.36436 0.638966
0.363018 0.739036
0.376843 0.831263
0.36491 0.911679
0.378918 0.93469
0.389691 0.00454726
0.397015 0.0440992
0.384381 0.0733665
0.380322 0.135075
0.384655 0.193609
0.384625 0.252358
0.382183 0.342814
0.394147 0.477584
0.390301 0.514756
0.394757 0.566363
0.387738 0.658437
0.386517 0.685598
0.398114 0.737876
0.38435 0.766839
0.395367 0.869564
0.394787 0.907681
0.397015 0.955962
0.38612 0.986999
0.390671 1.04542
0.41081 0.0789209
0.409009 0.109867
0.411145 0.167913
0.416944 0.194433
0.404584 0.229499
0.416211 0.255837
0.415418 0.286996
0.403485 0.320261
0.412671 0.34843
0.404279 0.37553
0.400494 0.404828
0.402295 0.439528
0.408582 0.602496
0.407605 0.639241
0.408032 0.712119
0.40614 0.784265
0.414777 0.809992
0.406537 0.837489
0.417127 0.891415
0.416547 0.929197
0.416944 0.993042
0.420484 0.0169683
0.420423 0.140385
0.43321 0.325358
0.4326 0.380566
0.428938 0.407788
0.425764 0.470077
0.424085 0.514664
0.420942 0.552751
0.426069 0.58037
0.434187 0.625111
0.426069 0.677267
0.434797 0.831172
0.422346 0.859859
0.429151 0.964812
0.440626 0.0429701
0.446547 0.0723899
0.436598 0.101566
0.453932 0.130467
0.447066 0.165349
0.447981 0.202063
0.450636 0.24192
0.446455 0.30015
0.452254 0.349651
0.455367 0.421644
0.437178 0.441603
0.452956 0.476577
0.454237 0.512986
0.449843 0.545793
0.448988 0.662648
0.454543 0.732322
0.4373 0.761833
0.452406 0.790582
0.451643 0.855525
0.445723 0.883053
0.452681 0.997589
0.45851 0.0208136
0.466781 0.0534074
0.466903 0.100558
0.472945 0.155858
0.464949 0.268075
0.461959 0.323038
0.473067 0.391369
0.459761 0.584674
0.468642 0.612812
0.465957 0.639973
0.458724 0.694296
0.469832 0.759209
0.463698 0.827998
0.470687 0.937895
0.46736 0.966887
0.476791 0.000824
0.485519 0.0267342
0.484359 0.124546
0.488388 0.179235
0.484909 0.237556
0.474776 0.2949
0.479812 0.35078
0.48674 0.417341
0.474685 0.456557
0.48732 0.487991
0.486068 0.518296
0.479476 0.554247
0.489029 0.696738
0.486557 0.72457
0.478256 0.798303
0.483322 0.858516
0.488327 0.89407
0.481979 0.996551
0.500015 0.0505692
0.494369 0.0927457
0.501297 0.147313
0.493667 0.210364
0.5056 0.257668
0.500046 0.28428
0.504318 0.322336
0.497391 0.372448
0.512467 0.430464
0.510239 0.457564
0.508103 0.538499
0.500504 0.571184
0.505142 0.610126
0.496872 0.638966
0.498978 0.666677
0.499466 0.757103
0.501572 0.784387
0.495254 0.829188
0.498337 0.921018
0.499954 0.976073
0.522813 0.0167547
0.524491 0.0825831
0.514115 0.11948
0.529008 0.159673
0.513047 0.229408
0.525681 0.29252
0.525376 0.344737
0.519242 0.388531
0.514145 0.503799
0.530503 0.557207
0.526902 0.628681
0.52913 0.657094
0.526139 0.692618
0.530168 0.722037
0.528336 0.776116
0.522233 0.841212
0.51738 0.868496
0.529832 0.901517
0.515763 0.94702
0.51796 0.999725
0.54799 0.00393689
0.531632 0.051149
0.542222 0.1189
0.539598 0.19541
0.5468 0.226753
0.548753 0.257515
0.545366 0.312723
0.546007 0.378918
0.539933 0.426344
0.537278 0.480758
0.531999 0.52562
0.549272 0.582476
0.550279 0.615467
0.540239 0.812586
0.549608 0.880673
0.548021 0.927702
0.532273 0.96942
0.550157 0.995056
0.551744 0.032197
0.554857 0.0847499
0.557726 0.159429
0.568651 0.196295
0.553514 0.284524
0.552324 0.344798
0.563707 0.406049
0.566424 0.436445
0.564501 0.463637
0.569018 0.521165
0.557115 0.546586
0.560533 0.664541
0.552995 0.695547
0.566546 0.727226
0.56209 0.753777
0.553392 0.838557
0.567583 0.900784
0.57625 0.00207526
0.571154 0.0560015
0.572558 0.131046
0.586383 0.1713
0.578021 0.228004
0.577685 0.256722
0.581744 0.288247
0.578661 0.326456
0.582842 0.384075
0.586413 0.496384
0.588427 0.544053
0.575091 0.593249
0.570574 0.63567
0.587298 0.694876
0.572924 0.8052
0.572497 0.863857
0.578875 0.934812
0.577593 0.970519
0.577197 0.999054
0.59035 0.0331431
0.595477 0.0877712
0.603412 0.15006
0.599414 0.199591
0.606403 0.248573
0.603076 0.30842
0.591571 0.358135
0.591388 0.409833
0.603259 0.435438
0.593158 0.465255
0.59505 0.57036
0.600726 0.659444
0.59508 0.720634
0.599597 0.749016
0.594653 0.779229
0.606677 0.806574
0.592364 0.832972
0.600177 0.858882
0.593921 0.893643
0.619953 0.0361034
0.609546 0.115238
0.623829 0.18717
0.614948 0.277657
0.612201 0.337565
0.609973 0.390362
0.614093 0.523453
0.615925 0.592608
0.616077 0.619617
0.622639 0.687155
0.6245 0.77044
0.609821 0.921018
0.609119 0.963347
0.609333 0.991302
0.635884 0.0133061
0.635609 0.0596942
0.628071 0.090701
0.637654 0.161687
0.638844 0.211432
0.631886 0.239692
0.634571 0.306681
0.626759 0.368572
0.628376 0.413038
0.631428 0.44612
0.642415 0.474593
0.635853 0.50444
0.631855 0.550737
0.643666 0.589953
0.642964 0.621113
0.628956 0.659474
0.632771 0.726249
0.630451 0.820093
0.636158 0.85165
0.644398 0.903897
0.637654 0.933714
0.634724 0.977538
0.655049 0.037965
0.656453 0.0919828
0.646657 0.120975
0.65331 0.186773
0.661794 0.243263
0.646718 0.279519
0.663686 0.312723
0.648061 0.334971
0.658925 0.368755
0.659719 0.440016
0.649342 0.528916
0.664327 0.656087
0.649464 0.679983
0.660695 0.71981
0.653523 0.746879
0.657887 0.834681
0.662252 0.863369
0.67983 0.00558489
0.674001 0.0587786
0.674245 0.113773
0.669301 0.140599
0.673299 0.167974
0.667226 0.216834
0.681051 0.348766
0.681722 0.411512
0.675283 0.471541
0.672781 0.498764
0.665609 0.556413
0.674551 0.581774
0.669668 0.609912
0.677236 0.682485
0.667867 0.776788
0.667379 0.804498
0.66512 0.921079
0.676687 0.999268
0.690542 0.0356151
0.685415 0.0884732
0.695914 0.129978
0.692801 0.199652
0.690939 0.290262
0.695334 0.325388
0.685934 0.383007
0.689901 0.440168
0.698233 0.528336
0.697134 0.61156
0.685079 0.636921
0.697256 0.661611
0.687429 0.712149
0.694296 0.788995
0.693533 0.817774
0.693625 0.845271
0.687796 0.887936
0.693594 0.939207
0.694479 0.971435
0.713126 0.0205084
0.703848 0.157292
0.710624 0.221229
0.709464 0.24836
0.721274 0.333476
0.711783 0.361125
0.712332 0.389264
0.705374 0.469161
0.706137 0.501907
0.709037 0.564409
0.719901 0.593799
0.710318 0.693381
0.710379 0.730338
0.704856 0.760704
0.712668 0.877346
0.707053 0.913541
0.708884 0.995544
0.736076 0.00222785
0.736991 0.0341197
0.722678 0.0599689
0.72573 0.0882595
0.731376 0.136143
0.738823 0.163518
0.721549 0.186926
0.737266 0.248238
0.735649 0.284951
0.739891 0.364208
0.732414 0.415845
0.723777 0.443129
0.734764 0.531083
0.735862 0.568316
0.722587 0.637471
0.731101 0.666005
0.73867 0.721793
0.736625 0.755608
0.721427 0.786218
0.737053 0.809259
0.73217 0.839503
0.723838 0.940367
0.724448 0.969634
0.750877 0.0581072
0.750114 0.112522
0.746117 0.20838
0.746178 0.310129
0.741752 0.468856
0.742363 0.496506
0.757195 0.593524
0.749657 0.622883
0.756981 0.656636
0.74929 0.691427
0.757042 0.790155
0.740623 0.873562
0.740898 0.903348
0.753166 0.930448
0.752281 0.965392
0.744194 0.994873
0.763512 0.0052797
0.764489 0.033784
0.763512 0.0855129
0.772332 0.12949
0.766503 0.161138
0.767907 0.188177
0.762963 0.229835
0.768365 0.256691
0.765435 0.288919
0.772851 0.321879
0.767815 0.350963
0.761132 0.439436
0.767876 0.48677
0.760125 0.521439
0.763421 0.557848
0.775445 0.704581
0.764367 0.762322
0.768395 0.823511
0.772759 0.862178
0.767754 0.891324
0.771905 0.998321
0.779473 0.0596637
0.795801 0.143742
0.79342 0.174749
0.786096 0.213935
0.790673 0.39378
0.784387 0.425123
0.781396 0.46202
0.786706 0.507614
0.783807 0.535386
0.781396 0.631581
0.785852 0.671804
0.781457 0.732078
0.789087 0.788659
0.792077 0.840083
0.781671 0.925718
0.793054 0.954283
0.796441 0.982177
0.798395 0.00140385
0.811151 0.0318918
0.802301 0.0755638
0.799829 0.103244
0.81167 0.198279
0.798547 0.241981
0.81222 0.293832
0.804804 0.324778
0.801904 0.364116
0.814081 0.414899
0.803827 0.444563
0.800104 0.483962
0.812677 0.522965
0.810358 0.557329
0.800623 0.589465
0.806299 0.619495
0.810572 0.651387
0.801874 0.694662
0.808466 0.727561
0.798852 0.763054
0.810297 0.816034
0.800684 0.878323
0.810083 0.923063
0.829554 0.00170904
0.827265 0.0566118
0.829249 0.147282
0.830805 0.174627
0.817865 0.264382
0.828578 0.347575
0.834376 0.377209
0.829035 0.458815
0.83404 0.595019
0.823481 0.67687
0.820765 0.788568
0.820582 0.846858
0.823603 0.89407
0.828242 0.94763
0.819269 0.998932
0.843928 0.0316477
0.840632 0.0890835
0.841273 0.117038
0.845668 0.218329
0.83816 0.244881
0.851253 0.284799
0.84167 0.317484
0.842067 0.404004
0.842036 0.433607
0.845424 0.506485
0.844935 0.538957
0.845271 0.565844
0.836329 0.625324
0.848476 0.659597
0.835658 0.709189
0.836879 0.743583
0.839564 0.825953
0.844539 0.864284
0.849452 0.924009
0.842433 0.979034
0.872524 0.029664
0.863002 0.0636311
0.871975 0.110294
0.857967 0.18598
0.866329 0.256569
0.869747 0.310007
0.855586 0.342418
0.865322 0.382183
0.870327 0.409711
0.860469 0.482833
0.871822 0.560106
0.861934 0.591723
0.863369 0.62035
0.857082 0.690451
0.859706 0.727866
0.85934 0.790673
0.857845 0.894742
0.854793 0.953612
0.878872 0.000885037
0.88815 0.0538041
0.883724 0.083224
0.891842 0.144932
0.880245 0.20127
0.876736 0.230842
0.881954 0.283547
0.891598 0.325877
0.883206 0.356182
0.885495 0.453169
0.878323 0.522965
0.886929 0.646992
0.878628 0.673391
0.891201 0.741844
0.880886 0.770562
0.890438 0.826838
0.888089 0.900357
0.879696 0.932218
0.874264 0.986328
0.909513 0.003296
0.903989 0.0298166
0.902341 0.11182
0.90759 0.191168
0.895932 0.251808
0.908353 0.278512
0.910276 0.361858
0.898831 0.417707
0.89288 0.484542
0.903104 0.538377
0.898221 0.58858
0.904172 0.620136
0.908322 0.673849
0.899136 0.704306
0.909024 0.797021
0.898099 0.857814
0.893216 0.959685
0.89598 1.05398
0.922697 0.0510575
0.917234 0.0787378
0.928831 0.133244
0.922758 0.160009
0.922788 0.231513
0.914396 0.309519
0.917325 0.448164
0.916898 0.501236
0.915769 0.564135
0.924741 0.63918
0.924924 0.720054
0.919156 0.748802
0.925535 0.775201
0.92523 0.820399
0.917264 0.878964
0.912351 0.916105
0.917875 0.944365
0.91232 0.984832
0.93527 0.0266121
0.941343 0.0927152
0.935728 0.189734
0.948454 0.220496
0.942839 0.251656
0.939024 0.282327
0.944731 0.315134
0.932676 0.343486
0.938475 0.387799
0.939054 0.430372
0.943754 0.470626
0.948912 0.520249
0.945036 0.569079
0.94058 0.606952
0.937437 0.663869
0.934355 0.693472
0.935789 0.858547
0.943632 0.887661
0.946165 0.927549
0.940031 0.965178
0.939482 0.997803
0.952513 0.004944
0.957549 0.0561235
0.967711 0.107913
0.965728 0.191961
0.957396 0.355937
0.967711 0.550188
0.963256 0.591754
0.963897 0.637989
0.959532 0.719413
0.949767 0.745415
0.960326 0.779137
0.952513 0.806604
0.959868 0.843532
0.965972 0.870205
0.968047 0.901303
0.963805 0.951506
0.96353 0.978393
0.969939 0.0302744
0.98706 0.0685446
0.983428 0.139012
0.979308 0.222297
0.977447 0.255226
0.97055 0.291635
0.970458 0.329356
0.980773 0.379528
0.972961 0.414106
0.969817 0.462233
0.969909 0.495834
0.970153 0.688498
0.977081 0.746208
0.985717 0.9953
0.999817 0.00918607
0.998932 0.0407117
0.996124 0.108646
0.998047 0.174841
0.997955 0.202887
0.999206 0.273476
0.990967 0.311991
0.994415 0.348796
0.99884 0.405591
0.992798 0.435682
0.996765 0.473189
0.999939 0.514115
0.996399 0.553209
0.988495 0.582232
0.992401 0.624714
0.987396 0.656636
0.99823 0.686117
0.996857 0.714164
0.999939 0.762688
0.994903 0.789483
0.995849 0.823481
0.987915 0.851009
0.998413 0.878201
0.995666 0.907712
0.997772 0.935179
0.992492 0.968078
1.03032 0.140778
1.03319 0.849152
1.0439 0.897318
1.04456 0.0766227
1.0505 0.650177
