1044
0.0019837 0.0170598
0.0132145 0.0481887
0.000824 0.0756249
0.000488296 0.109348
0.00482192 0.141423
0.00949126 0.191687
0.00253304 0.221381
0.00109867 0.27427
3.05185e-05 0.316019
0.000579852 0.344188
0.00463881 0.380535
0.00366222 0.413587
0.00347911 0.45909
0.00112918 0.499649
0.00262459 0.539964
0.0162358 0.565081
0.00152593 0.588305
0.0174566 0.618305
0.00509457 0.643795
0.0174261 0.731681
0.00439466 0.75811
0.000305185 0.785699
0.00228889 0.830287
0.00845363 0.860469
0.0115055 0.908505
0.00195318 0.937254
0.00451674 0.966033
0.0145573 0.997253
0.0248115 0.0959502
0.0277718 0.124149
0.0357067 0.177984
0.0233467 0.249275
0.0311594 0.296457
0.0240486 0.328562
0.0312815 0.360057
0.0259677 0.396836
0.0261849 0.429395
0.0239265 0.483169
0.0242012 0.522172
0.0334788 0.591571
0.0198065 0.66625
0.0227058 0.696799
0.0179273 0.80595
0.0353404 0.864223
0.0323496 0.891385
0.027015 0.946875
0.0484024 0.002472
0.0488601 0.030427
0.0469375 0.0675375
0.0556497 0.0929293
0.0550554 0.12006
0.0460524 0.145482
0.0459609 0.211371
0.0480874 0.238857
0.0517594 0.277841
0.0534074 0.312143
0.0525834 0.340739
0.0553606 0.395093
0.04532 0.463942
0.0491205 0.492438
0.0509659 0.524522
0.051088 0.552568
0.0457472 0.644917
0.0480972 0.676107
0.044557 0.71334
0.0406507 0.760643
0.0472426 0.811212
0.0412305 0.837489
0.0433973 0.917997
0.0505692 0.97647
0.0751671 0.0358287
0.0756554 0.0748924
0.0644245 0.165055
0.0647908 0.192206
0.0715659 0.253578
0.0664388 0.370464
0.073397 0.416028
0.0571306 0.438887
0.0740379 0.459944
0.0719321 0.57561
0.0589923 0.61333
0.0756554 0.681204
0.0694906 0.737175
0.0604572 0.784448
0.0752281 0.813349
0.0681783 0.847835
0.0591754 0.890011
0.0666219 0.932798
0.0683004 0.997192
0.0869778 0.00125126
0.0843226 0.105747
0.0829188 0.135868
0.0912503 0.169317
0.0779443 0.216224
0.0778832 0.287606
0.079928 0.331339
0.0930204 0.355663
0.0845973 0.390637
0.0813013 0.498672
0.0830103 0.52559
0.0914029 0.601764
0.0839869 0.649068
0.0837123 0.711356
0.092358 0.751236
0.0932646 0.782434
0.0863979 0.877651
0.0827662 0.908963
0.0772423 0.968047
0.105258 0.031251
0.109378 0.0674459
0.109122 0.0954675
0.111789 0.122776
0.112461 0.150822
0.108158 0.207495
0.0984222 0.238197
0.108646 0.268105
0.101169 0.30195
0.10715 0.329875
0.107639 0.410474
0.104556 0.448531
0.112552 0.486526
0.108951 0.547044
0.101657 0.574267
0.107273 0.625294
0.108646 0.663991
0.102451 0.692038
0.106601 0.725455
0.108921 0.815149
0.097232 0.845943
0.113804 0.905789
0.102664 0.937223
0.101779 0.993011
0.115299 0.004944
0.121647 0.182257
0.129734 0.306925
0.126225 0.355327
0.127781 0.385327
0.115482 0.519272
0.119663 0.599658
0.132237 0.692221
0.123447 0.783929
0.122684 0.855159
0.130436 0.881069
0.130192 0.932981
0.118137 0.962249
0.12946 0.993835
0.137638 0.020539
0.135075 0.0518815
0.133091 0.0810266
0.148259 0.139836
0.146924 0.191297
0.15009 0.21894
0.132908 0.241554
0.137944 0.275155
0.146306 0.337168
0.147801 0.411328
0.144475 0.443556
0.140416 0.483474
0.147801 0.513657
0.149297 0.543107
0.148839 0.580859
0.134587 0.624897
0.136387 0.661214
0.13715 0.723014
0.142033 0.756249
0.150151 0.78985
0.136937 0.821436
0.145085 0.908231
0.146245 0.966185
0.159123 0.00106815
0.161229 0.0735191
0.153569 0.100467
0.158574 0.166295
0.163305 0.243171
0.168706 0.270852
0.169988 0.388653
0.169805 0.619587
0.170659 0.659932
0.165807 0.703665
0.16715 0.818262
0.152837 0.863124
0.163924 0.889107
0.188421 0.00796533
0.174932 0.0357067
0.189306 0.0591449
0.182928 0.0901822
0.176611 0.141484
0.188849 0.169286
0.172246 0.201453
0.173254 0.297616
0.174627 0.330027
0.171606 0.358806
0.188238 0.421583
0.17774 0.446364
0.172338 0.480758
0.1854 0.50618
0.189001 0.538896
0.180456 0.576342
0.175329 0.729881
0.175817 0.76574
0.182501 0.865566
0.175756 0.913938
0.176489 0.941099
0.184729 0.969176
0.18131 0.99591
0.207221 0.0299081
0.197699 0.123508
0.19892 0.195013
0.201605 0.222633
0.204199 0.252693
0.203986 0.31254
0.204138 0.351909
0.196844 0.381848
0.202521 0.473464
0.198889 0.618671
0.196387 0.646596
0.192785 0.678396
0.1948 0.706229
0.202033 0.733634
0.199438 0.786584
0.195044 0.814692
0.194952 0.89404
0.215247 0.00326548
0.219489 0.056093
0.220466 0.0871609
0.223051 0.11468
0.220496 0.168401
0.223615 0.20554
0.217444 0.284249
0.224677 0.369518
0.213417 0.412272
0.214209 0.501907
0.217475 0.536058
0.211493 0.563341
0.213599 0.591082
0.222907 0.631184
0.218818 0.665731
0.218958 0.694524
0.212836 0.762536
0.212867 0.837367
0.209342 0.865099
0.218574 0.918149
0.225349 0.948607
0.214956 0.973359
0.24485 0.00128178
0.236396 0.0334178
0.229072 0.141423
0.245186 0.185095
0.232826 0.261635
0.246712 0.289224
0.229682 0.326701
0.241737 0.409436
0.22837 0.445997
0.237342 0.485031
0.239174 0.55208
0.240059 0.582904
0.243507 0.649709
0.242515 0.678344
0.245186 0.707053
0.236824 0.737175
0.246101 0.762474
0.226235 0.788192
0.235481 0.819941
0.239662 0.858913
0.228706 0.885983
0.243385 0.972106
0.240455 0.99939
0.26426 0.0361644
0.259529 0.0646382
0.257668 0.0940886
0.254891 0.12479
0.247353 0.237983
0.254361 0.314956
0.252907 0.372967
0.255379 0.455275
0.251564 0.521928
0.250435 0.622639
0.255074 0.800226
0.265297 0.829188
0.263344 0.882717
0.263985 0.924436
0.273721 0.00540178
0.283395 0.117527
0.269845 0.165838
0.267586 0.211921
0.282693 0.23487
0.271279 0.271004
0.280953 0.308817
0.268349 0.339579
0.279946 0.365612
0.265818 0.397572
0.279061 0.422071
0.271798 0.498642
0.266304 0.546953
0.271493 0.598926
0.280709 0.626637
0.274239 0.666982
0.27195 0.704337
0.268654 0.737236
0.277047 0.857692
0.27073 0.956755
0.269295 0.994049
0.286935 0.0522477
0.293344 0.0890835
0.293344 0.150639
0.290048 0.188116
0.295419 0.258522
0.292173 0.389511
0.284768 0.451033
0.301431 0.520157
0.301833 0.546999
0.286019 0.569323
0.295633 0.738792
0.291452 0.767754
0.286569 0.804468
0.293649 0.830805
0.292611 0.939207
0.292734 0.972503
0.317392 0.000396741
0.309793 0.0358287
0.314859 0.0650349
0.314035 0.122166
0.315714 0.171728
0.306558 0.213141
0.320994 0.246345
0.3043 0.293649
0.305307 0.332072
0.315317 0.374432
0.314524 0.422956
0.305795 0.469588
0.314554 0.571245
0.310038 0.607593
0.309854 0.637715
0.312235 0.675619
0.305643 0.703299
0.317545 0.76046
0.314676 0.795404
0.306162 0.897519
0.321268 0.955718
0.321909 0.988433
0.339 0.0404981
0.334574 0.0857265
0.335734 0.148808
0.334819 0.215003
0.332041 0.309946
0.335032 0.342998
0.330424 0.397382
0.337992 0.452498
0.325541 0.502274
0.340281 0.609607
0.333781 0.658101
0.325938 0.731407
0.337474 0.812677
0.328196 0.83816
0.322977 0.865108
0.33552 0.889798
0.33195 0.921476
0.354778 0.000396741
0.352641 0.113712
0.344157 0.182318
0.347636 0.252846
0.344188 0.28077
0.358381 0.304761
0.345164 0.373791
0.342814 0.47908
0.345927 0.523515
0.342784 0.550829
0.353008 0.583972
0.358654 0.675619
0.343791 0.709983
0.345988 0.750053
0.345378 0.778619
0.352367 0.855556
0.357736 0.904868
0.348735 0.949522
0.348216 0.982971
0.368267 0.0508438
0.366069 0.0778832
0.370556 0.138401
0.36198 0.21717
0.375042 0.245582
0.372845 0.281014
0.36137 0.332865
0.369976 0.359203
0.3773 0.387249
0.365307 0.414075
0.369427 0.472945
0.363567 0.501633
0.369483 0.548031
0.365184 0.637837
0.378735 0.706442
0.363045 0.728689
0.374828 0.764641
0.378338 0.797266
0.364635 0.826289
0.376904 0.885617
0.367626 0.930357
0.370824 0.964777
0.37788 0.992676
0.38081 0.00796533
0.391022 0.0650872
0.393475 0.0967437
0.381024 0.185247
0.396588 0.211493
0.39845 0.269082
0.388897 0.318461
0.396954 0.363964
0.396008 0.419507
0.382031 0.444655
0.392956 0.492416
0.386303 0.525407
0.387524 0.569567
0.382733 0.615101
0.384899 0.656697
0.392987 0.683584
0.392376 0.734642
0.398205 0.828944
0.381451 0.859035
0.394787 0.923093
0.406879 0.00155843
0.403912 0.0390027
0.417524 0.080874
0.404584 0.123112
0.398694 0.153142
0.416395 0.186895
0.417341 0.291452
0.403809 0.391485
0.408368 0.468581
0.414808 0.510025
0.408826 0.546068
0.407392 0.593982
0.404675 0.630573
0.411362 0.661214
0.411725 0.714438
0.41496 0.76632
0.405255 0.892117
0.398663 0.950072
0.417524 0.99591
0.430708 0.0182195
0.429884 0.106326
0.431684 0.135807
0.435133 0.162511
0.419172 0.234107
0.426832 0.328654
0.426862 0.374554
0.426466 0.425123
0.431196 0.48323
0.43556 0.534715
0.421235 0.569872
0.430372 0.641255
0.430341 0.681356
0.428507 0.735391
0.427931 0.792688
0.425306 0.830561
0.429273 0.85989
0.435011 0.89642
0.431623 0.924833
0.425428 0.96408
0.45436 0.00180059
0.443434 0.0433058
0.449232 0.0831324
0.440657 0.201025
0.446608 0.231605
0.443525 0.262185
0.446089 0.29191
0.450209 0.407575
0.437819 0.455794
0.44673 0.507309
0.446791 0.559648
0.4373 0.602771
0.441084 0.708914
0.441633 0.762841
0.451831 0.826433
0.455061 0.95642
0.448439 0.986877
0.458754 0.10889
0.462111 0.160009
0.469955 0.187475
0.474136 0.234779
0.474136 0.26899
0.458541 0.320963
0.459792 0.348704
0.456252 0.377361
0.470109 0.425592
0.466903 0.452376
0.458113 0.478957
0.473678 0.562792
0.458815 0.619404
0.461287 0.649861
0.45732 0.686453
0.466414 0.736137
0.467452 0.802942
0.467605 0.849574
0.456709 0.875393
0.466994 0.90231
0.458173 0.928801
0.481172 0.00311418
0.483291 0.037141
0.475082 0.0683309
0.487442 0.110965
0.478805 0.138707
0.488383 0.165527
0.487259 0.358348
0.482803 0.401868
0.491897 0.488632
0.475539 0.514847
0.474776 0.594409
0.489669 0.647481
0.477767 0.710807
0.479293 0.776696
0.488113 0.866909
0.478743 0.969062
0.475143 0.997742
0.510514 0.0103153
0.505203 0.0822169
0.508194 0.143406
0.498459 0.209998
0.505936 0.246193
0.495437 0.289407
0.497238 0.326304
0.510727 0.388714
0.50383 0.429945
0.500076 0.456618
0.495712 0.537431
0.502243 0.569292
0.500687 0.618519
0.494278 0.688772
0.497085 0.753166
0.507828 0.801569
0.495499 0.837672
0.494095 0.893918
0.49617 0.926939
0.504196 0.954772
0.509293 0.993713
0.512803 0.0475478
0.517197 0.11127
0.522691 0.186651
0.531358 0.269051
0.52327 0.305643
0.52031 0.340892
0.529557 0.414869
0.51854 0.47972
0.514573 0.514756
0.522507 0.547197
0.529008 0.64037
0.523301 0.681478
0.52501 0.730399
0.528428 0.7575
0.529984 0.78634
0.52739 0.820429
0.520524 0.850368
0.52031 0.911039
0.529771 0.971526
0.539567 0.0352184
0.534501 0.0666829
0.544725 0.107639
0.547807 0.134831
0.525732 0.228061
0.53441 0.367901
0.533128 0.452284
0.546922 0.476333
0.550279 0.513382
0.547807 0.582812
0.534257 0.608539
0.550462 0.698263
0.540056 0.871181
0.548357 0.900632
0.532151 0.937803
0.555712 0.00155644
0.567064 0.0443434
0.564989 0.0809351
0.552507 0.171056
0.564592 0.207007
0.553484 0.251198
0.556139 0.308328
0.550645 0.34434
0.565996 0.370281
0.558 0.40376
0.558855 0.43263
0.55858 0.558183
0.561876 0.635578
0.554125 0.665181
0.554582 0.727073
0.555071 0.763329
0.561205 0.792901
0.553941 0.8305
0.558183 0.965361
0.550676 0.997467
0.583789 0.00875881
0.574725 0.109897
0.577959 0.146825
0.583209 0.183843
0.586718 0.249458
0.572497 0.275887
0.587298 0.300211
0.575732 0.332499
0.583117 0.420881
0.569628 0.459304
0.569475 0.491409
0.581408 0.521195
0.570696 0.598315
0.582293 0.660909
0.582904 0.747185
0.576434 0.847804
0.580523 0.878079
0.573931 0.912015
0.571856 0.939146
0.581439 1
0.599719 0.036256
0.590991 0.0619831
0.592226 0.0895414
0.597095 0.127049
0.602985 0.160741
0.604572 0.228706
0.601337 0.324381
0.604144 0.351909
0.600574 0.381939
0.601978 0.445296
0.593687 0.471211
0.600513 0.497909
0.59389 0.5721
0.599902 0.607624
0.599475 0.635609
0.593127 0.691977
0.602985 0.72454
0.58977 0.773553
0.588916 0.812982
0.602741 0.859249
0.599933 0.921659
0.599841 0.948851
0.599078 0.97821
0.618122 0.0702841
0.616901 0.101413
0.613819 0.191931
0.611805 0.263527
0.615741 0.29487
0.619678 0.546373
0.623005 0.589465
0.61977 0.763665
0.608691 0.792596
0.615711 0.834742
0.608875 0.887905
0.630482 0.0112613
0.628986 0.0381481
0.645375 0.099002
0.635151 0.142552
0.645283 0.171087
0.633351 0.211859
0.629383 0.243019
0.63921 0.273721
0.640828 0.305216
0.634541 0.358348
0.627369 0.41084
0.629719 0.456587
0.637959 0.484725
0.623151 0.512337
0.632923 0.616077
0.642323 0.643696
0.62685 0.673421
0.639912 0.702261
0.633412 0.734886
0.636952 0.785333
0.629871 0.811274
0.638508 0.863887
0.637379 0.895352
0.635395 0.931852
0.6274 0.965178
0.638508 0.991363
0.66274 9.15555e-05
0.655599 0.028016
0.646016 0.060152
0.662038 0.138005
0.663991 0.233497
0.646565 0.332255
0.657369 0.378857
0.658986 0.415235
0.655538 0.443831
0.663228 0.472671
0.662954 0.501328
0.657704 0.528886
0.648335 0.564165
0.649358 0.594578
0.663472 0.62154
0.654134 0.678365
0.663991 0.72924
0.657552 0.75576
0.655568 0.823725
0.663411 0.909146
0.655629 0.952483
0.681722 0.0193793
0.674642 0.0480361
0.680135 0.0788903
0.664571 0.192877
0.667226 0.264992
0.670003 0.307047
0.680319 0.357006
0.67513 0.554613
0.675588 0.586047
0.67391 0.654378
0.667959 0.702597
0.666128 0.793176
0.681997 0.817743
0.6704 0.846858
0.681875 0.888333
0.675466 0.998566
0.687216 0.125858
0.694784 0.162481
0.701865 0.228401
0.695273 0.285836
0.684378 0.392499
0.689535 0.4391
0.693106 0.4691
0.68981 0.502365
0.684548 0.529184
0.700186 0.574114
0.689079 0.613479
0.69042 0.686209
0.699545 0.737938
0.686026 0.763146
0.697317 0.85699
0.69335 0.935911
0.690298 0.962889
0.70925 0.0037843
0.717307 0.0367138
0.707114 0.0642415
0.703269 0.0926847
0.719474 0.119999
0.70394 0.195105
0.703452 0.258126
0.702994 0.316507
0.717124 0.340007
0.706931 0.36729
0.719199 0.427992
0.718619 0.485916
0.716117 0.516739
0.710105 0.548784
0.70748 0.640522
0.717154 0.668935
0.71749 0.698752
0.706381 0.791314
0.714347 0.828516
0.716056 0.876247
0.711386 0.905087
0.718436 0.951842
0.704764 0.995972
0.731742 0.0950041
0.724021 0.149571
0.737999 0.180578
0.730186 0.212439
0.739982 0.24131
0.733818 0.270028
0.730003 0.306009
0.738487 0.368877
0.732444 0.395245
0.726096 0.45558
0.730583 0.567034
0.724082 0.594958
0.735466 0.640614
0.735588 0.72692
0.722892 0.753868
0.730857 0.780236
0.738639 0.80932
0.738243 0.896817
0.732322 0.926695
0.745537 0.00161748
0.748894 0.0618305
0.757714 0.0872524
0.753929 0.139103
0.756981 0.295206
0.746055 0.329112
0.747093 0.434767
0.745384 0.505478
0.740776 0.537522
0.750924 0.595391
0.759087 0.621082
0.75689 0.674886
0.74984 0.760613
0.756647 0.787689
0.749657 0.849269
0.755107 0.87593
0.744346 0.962554
0.731539 0.997908
0.761193 0.0328379
0.773186 0.178228
0.772759 0.207953
0.775353 0.237831
0.775506 0.272011
0.774102 0.317301
0.772301 0.354076
0.761925 0.385601
0.764519 0.413892
0.77282 0.443464
0.760063 0.46794
0.770684 0.53618
0.761315 0.570513
0.765954 0.704093
0.770348 0.821436
0.777673 0.860591
0.768181 0.902554
0.765038 0.942717
0.773186 0.968413
0.77813 0.998108
0.785058 0.000488296
0.794671 0.0370495
0.780755 0.0681173
0.784295 0.100223
0.788751 0.12891
0.78923 0.295083
0.793481 0.373699
0.792169 0.405683
0.789544 0.466414
0.782586 0.511887
0.793909 0.552171
0.787469 0.592914
0.780938 0.646748
0.793237 0.706198
0.779839 0.746666
0.783319 0.777215
0.793603 0.806238
0.796197 0.840999
0.793115 0.928587
0.814112 0.0723289
0.81399 0.108371
0.803613 0.164922
0.809564 0.192907
0.804498 0.219611
0.804193 0.247353
0.812403 0.308725
0.801019 0.333476
0.807154 0.436872
0.811365 0.527085
0.799616 0.623371
0.800562 0.674276
0.808039 0.731956
0.811884 0.786157
0.794941 0.881145
0.800836 0.963713
0.812708 0.991516
0.826197 0.00253304
0.825678 0.0450148
0.823756 0.138066
0.835017 0.243812
0.824427 0.270974
0.818079 0.360393
0.820154 0.408643
0.820368 0.461257
0.816645 0.492874
0.822535 0.557573
0.817103 0.593493
0.828028 0.626148
0.818384 0.652852
0.820673 0.696768
0.820093 0.75988
0.824885 0.826533
0.818537 0.857143
0.829951 0.88345
0.822352 0.910459
0.817621 0.939756
0.848537 0.025544
0.838893 0.0839564
0.840723 0.110821
0.85403 0.134312
0.850337 0.163091
0.835505 0.206763
0.838221 0.295297
0.841243 0.33375
0.845302 0.361187
0.840815 0.388897
0.838038 0.435133
0.840392 0.480356
0.840236 0.532487
0.849849 0.565203
0.846522 0.595508
0.853328 0.650197
0.850093 0.680135
0.836238 0.722434
0.839686 0.803705
0.84637 0.860164
0.847865 0.936216
0.840022 0.966063
0.841914 0.994537
0.863338 0.00167852
0.870632 0.0491043
0.869411 0.186254
0.866573 0.234504
0.858333 0.263497
0.862148 0.312265
0.867611 0.39906
0.869045 0.435041
0.858581 0.460612
0.860561 0.500412
0.866237 0.540178
0.859859 0.618854
0.865566 0.705618
0.861476 0.736351
0.85757 0.777245
0.865505 0.814508
0.861354 0.890347
0.867885 0.917692
0.869137 0.975097
0.891415 0.00109867
0.875637 0.0822169
0.88699 0.117069
0.884945 0.160222
0.891079 0.262032
0.882931 0.288675
0.882565 0.329875
0.87524 0.370037
0.886105 0.460402
0.884365 0.512894
0.874294 0.594714
0.884457 0.675649
0.887142 0.727348
0.884609 0.787042
0.880856 0.836634
0.873118 0.862438
0.877987 0.944914
0.890255 0.996124
0.89639 0.0313425
0.894284 0.0625935
0.906705 0.0974761
0.905698 0.183538
0.897977 0.215827
0.901944 0.310984
0.903623 0.349559
0.901669 0.378185
0.906034 0.410565
0.897046 0.435888
0.90466 0.484817
0.894162 0.556322
0.905545 0.5833
0.896878 0.613178
0.900845 0.641224
0.908536 0.704856
0.894345 0.761803
0.894446 0.81202
0.892636 0.881069
0.899014 0.926389
0.9017 0.970092
0.92526 0.00585955
0.919828 0.0454115
0.916772 0.122362
0.91229 0.149327
0.929899 0.214576
0.92819 0.250679
0.913511 0.277505
0.929075 0.312571
0.918882 0.451521
0.91467 0.515946
0.914274 0.674032
0.913358 0.733146
0.923124 0.766747
0.917936 0.797754
0.919217 0.825282
0.911924 0.851558
0.925718 0.881344
0.91818 0.946898
0.923887 0.997497
0.947691 0.0359813
0.948759 0.0638752
0.932859 0.0863674
0.942351 0.113346
0.938702 0.144529
0.936979 0.173925
0.943693 0.283151
0.933012 0.349071
0.939238 0.387677
0.931761 0.423353
0.937956 0.473617
0.944395 0.517502
0.931272 0.544237
0.935484 0.571429
0.93234 0.612812
0.927342 0.645537
0.937895 0.70336
0.948027 0.731773
0.942137 0.809839
0.945158 0.837703
0.931944 0.922514
0.932279 0.971282
0.954711 0.00833155
0.963469 0.132389
0.963195 0.159703
0.958342 0.197485
0.965331 0.228584
0.960143 0.258461
0.965239 0.322398
0.960753 0.35374
0.965148 0.418531
0.95407 0.452071
0.963378 0.491592
0.967681 0.568071
0.953429 0.596149
0.957854 0.63332
0.952208 0.678152
0.951872 0.765404
0.96234 0.859279
0.949614 0.901364
0.955657 0.946043
0.966308 0.972137
0.956938 0.998749
0.986175 0.00311289
0.97149 0.0484014
0.973327 0.0753502
0.968352 0.104221
0.984754 0.192682
0.970173 0.287565
0.969573 0.379925
0.971679 0.530595
0.981689 0.618946
0.973815 0.661489
0.970397 0.705863
0.968963 0.786279
0.970733 0.828364
0.971227 0.884611
0.97293 0.91998
0.986206 0.999573
0.996582 0.0383618
0.998452 0.0658959
0.994659 0.0927763
0.99704 0.122898
0.990142 0.163854
0.998688 0.21839
0.992218 0.264473
0.999939 0.291482
0.997711 0.319285
0.991852 0.358165
0.996399 0.388043
0.99292 0.418714
0.993866 0.445601
0.997009 0.480789
0.997742 0.520768
0.997742 0.56328
0.992798 0.592425
0.998962 0.643361
0.997162 0.68749
0.992523 0.732444
0.995544 0.769219
0.995636 0.798608
0.999512 0.833857
0.991699 0.866878
0.999634 0.895444
0.999786 0.943358
0.993152 0.972035
