3232
0.0155534 -0.00187503
0.00225837 0.0243538
0.00954173 0.040946
0.00885037 0.0590533
-0.0138214 0.0916326
0.000427259 0.0976287
0.0150152 0.114745
0.00546281 0.135105
0.0105594 0.167638
-3.9808e-05 0.17413
0.0118412 0.200201
0.0165633 0.226061
0.00460829 0.244453
0.0104439 0.26394
0.00167852 0.282296
0.00925943 0.286045
0.0137638 0.307718
0.0139583 0.327465
0.00564592 0.345378
-0.00563308 0.368724
0.00570696 0.392041
0.00362635 0.413737
0.00195318 0.435469
0.0147757 0.438469
-0.0127248 0.460642
0.0139939 0.481599
0.0113529 0.501999
-0.00369112 0.513229
0.0120853 0.533891
0.0126343 0.556737
0.00186163 0.576891
0.00369274 0.604968
0.01696 0.622718
0.000183111 0.637196
0.0117582 0.64652
0.00320444 0.669332
-0.000104612 0.692056
9.15555e-05 0.715018
0.0131379 0.730001
0.0021363 0.746544
0.0180074 0.762363
0.0100711 0.783319
0.000488296 0.814631
0.00685456 0.833114
0.00805689 0.852626
-0.00423158 0.870845
0.0162786 0.875734
0.00155644 0.895352
0.00784418 0.9134
0.0170598 0.930143
0.00482192 0.954222
0.00972142 0.976829
0.00140385 0.998413
-0.0179654 1.0197
0.00612554 1.03838
0.013743 1.07379
0.0270089 0.00372326
0.0273446 0.0375683
0.0244453 0.053775
0.0328248 0.060988
0.0209441 0.0819013
0.0374767 0.11362
0.0263233 0.130576
0.0319834 0.151158
0.0357318 0.162434
0.0368053 0.188116
0.0305793 0.207082
0.0205537 0.224342
0.0356359 0.241805
0.0321055 0.247261
0.0279855 0.274239
0.0246077 0.284881
0.0344064 0.311019
0.0332041 0.331889
0.0248241 0.349664
0.0202948 0.368786
0.0297553 0.393538
0.0251472 0.417188
0.0366853 0.429502
0.0209182 0.441792
0.0192572 0.461715
0.0340587 0.486129
0.0338745 0.506874
0.0262885 0.51761
0.0311054 0.539633
0.035371 0.559038
0.0327464 0.586962
0.0235375 0.604546
0.0317557 0.612216
0.0339581 0.637393
0.032197 0.65978
0.020308 0.672469
0.0227363 0.689688
0.0290801 0.718146
0.0200652 0.729552
0.0370212 0.750505
0.03708 0.777459
0.0253982 0.788789
0.0251696 0.805062
0.0263375 0.831507
0.02278 0.841926
0.0315214 0.854466
0.037854 0.88706
0.0217899 0.900331
0.036881 0.918007
0.0222159 0.947913
0.0295419 0.964904
0.0334958 0.969944
0.0218643 0.989155
0.0261258 1.01896
0.0211169 1.04272
0.0377588 1.07831
0.0558794 0.00640889
0.0389171 0.032021
0.0380016 0.0420732
0.0382702 0.0627155
0.0404833 0.0808525
0.0387369 0.10207
0.0515324 0.126579
0.0431217 0.143747
0.0432814 0.164878
0.0445223 0.182608
0.0413999 0.192459
0.0420545 0.219642
0.0528021 0.239115
0.0447633 0.262998
0.046948 0.275941
0.047792 0.294961
0.0456248 0.31545
0.0394638 0.332783
0.040864 0.352671
0.0489212 0.373302
0.052463 0.395851
0.0515458 0.403821
0.0565345 0.41831
0.0532853 0.449599
0.0521231 0.458675
0.0524618 0.483399
0.0563066 0.501602
0.0459914 0.526475
0.0384348 0.532847
0.0439294 0.557717
0.0514785 0.574637
0.0532635 0.598945
0.0385144 0.617573
0.0556963 0.643025
0.0494162 0.659074
0.0404386 0.678837
0.0402423 0.692322
0.052031 0.721004
0.0492276 0.726473
0.0388195 0.745628
0.0400496 0.772331
0.0482614 0.7839
0.0482279 0.79864
0.0551775 0.831111
0.0409234 0.84337
0.0495915 0.860054
0.0408032 0.876095
0.054017 0.903057
0.0394604 0.911374
0.042024 0.940672
0.0390882 0.957525
0.0457053 0.973887
0.0440992 0.992309
0.0450588 1.0153
0.0506136 1.02683
0.0742834 0.0183071
0.0607623 0.0355541
0.0654297 0.0479339
0.0692775 0.0665545
0.0616169 0.07828
0.0645772 0.109531
0.0625943 0.132123
0.0605487 0.143437
0.0692242 0.168097
0.0599689 0.170995
0.0704672 0.20188
0.0637894 0.222804
0.0737938 0.246467
0.0682601 0.249762
0.0643013 0.26811
0.0748009 0.287118
0.0662252 0.315104
0.0600174 0.341548
0.0683445 0.347406
0.0586295 0.371047
0.0693941 0.386914
0.0719319 0.406955
0.0591093 0.425338
0.0709468 0.455346
0.0683615 0.473739
0.0697617 0.478623
0.0591525 0.506428
0.0584675 0.530399
0.0577246 0.542938
0.0742515 0.554582
0.0718101 0.584094
0.0572476 0.599804
0.0584056 0.625597
0.0626537 0.643309
0.071432 0.658743
0.060213 0.672506
0.0705859 0.699195
0.0678732 0.704154
0.0677511 0.737968
0.0693546 0.74086
0.0604209 0.763931
0.0707114 0.790429
0.0570857 0.813723
0.0734714 0.819844
0.0612093 0.847285
0.0711692 0.861385
0.0730023 0.884365
0.0608539 0.895108
0.0666524 0.921964
0.0577818 0.943552
0.0604613 0.951502
0.0641499 0.972564
0.0593081 0.994812
0.0582653 1.01975
0.0704917 1.04563
0.0620857 1.073
0.0802976 0.008648
0.0930814 0.0295724
0.0792157 0.0449565
0.0925626 0.0607929
0.0909452 0.0903043
0.0881642 0.105482
0.0850856 0.129215
0.0836592 0.146839
0.0802581 0.157637
0.0933866 0.178075
0.0835059 0.191498
0.0766817 0.223834
0.0812123 0.236177
0.0933875 0.265009
0.0915084 0.266366
0.0780893 0.291081
0.093997 0.314798
0.080449 0.330391
0.0791 0.350281
0.0869778 0.369732
0.0764783 0.391721
0.0943022 0.408338
0.076669 0.41806
0.0779748 0.438154
0.0780038 0.470432
0.076831 0.492752
0.0896023 0.496384
0.0869167 0.527451
0.0937343 0.536782
0.0792265 0.555855
0.0771701 0.580854
0.0770973 0.602457
0.0855434 0.625019
0.0829197 0.645204
0.0763117 0.654953
0.0857558 0.677939
0.0921874 0.701533
0.0851483 0.720476
0.0790247 0.722143
0.0937834 0.744774
0.0946379 0.777093
0.0865377 0.790692
0.078811 0.804506
0.0830714 0.835108
0.0846453 0.841298
0.0779638 0.862372
0.0783377 0.888701
0.0808314 0.89688
0.0928983 0.9129
0.0810266 0.945647
0.0853717 0.960913
0.0837024 0.976698
0.0842921 0.996674
0.0884087 1.00852
0.0945585 1.0779
0.104312 0.00369274
0.0975483 0.0279525
0.108634 0.0454454
0.0961293 0.0638156
0.111992 0.0766578
0.111802 0.101741
0.112247 0.124729
0.100373 0.137303
0.108737 0.15244
0.0983605 0.183939
0.0954619 0.193177
0.0990631 0.219398
0.0962545 0.242105
0.113882 0.253359
0.0974746 0.266327
0.104831 0.289438
0.113675 0.304174
0.0981475 0.341472
0.101359 0.347133
0.100771 0.375625
0.105725 0.382584
0.101062 0.404831
0.101341 0.431571
0.0951265 0.454277
0.10239 0.455824
0.10081 0.480847
0.0997554 0.504904
0.105098 0.513373
0.100764 0.550437
0.103732 0.561205
0.101812 0.586388
0.099826 0.59447
0.0988531 0.608877
0.0966189 0.629555
0.100101 0.656117
0.0957685 0.679963
0.0973368 0.702022
0.0988495 0.703787
0.0980207 0.722967
0.0965183 0.748843
0.0972908 0.775204
0.102069 0.791329
0.0950041 0.80575
0.0961486 0.831181
0.103875 0.835898
0.0996734 0.856288
0.0986542 0.887683
0.106129 0.893848
0.0977205 0.915466
0.112217 0.935972
0.100467 0.965819
0.0980245 0.979192
0.104036 0.997403
0.11266 1.00909
0.11203 1.03279
0.0991166 1.04538
0.114306 -0.0030611
0.129337 0.0193487
0.115787 0.04532
0.114368 0.0683559
0.126988 0.0876797
0.122416 0.100639
0.118413 0.120215
0.121959 0.140037
0.117456 0.152967
0.11914 0.176083
0.120457 0.20188
0.12332 0.227199
0.120585 0.228705
0.116947 0.251869
0.115573 0.277096
0.119977 0.29101
0.117005 0.305299
0.123875 0.324076
0.125614 0.358501
0.119945 0.376859
0.124393 0.39555
0.125451 0.400936
0.12183 0.425367
0.12484 0.445168
0.114895 0.465743
0.122776 0.492935
0.125235 0.494173
0.119541 0.531266
0.119507 0.532151
0.126206 0.557873
0.126988 0.584368
0.129798 0.596598
0.116428 0.623218
0.117069 0.632033
0.116027 0.648169
0.126652 0.672872
0.119248 0.699021
0.11743 0.705646
0.118656 0.731193
0.126078 0.746258
0.119022 0.761498
0.118107 0.790521
0.127271 0.797824
0.12009 0.82284
0.131413 0.848506
0.116943 0.858105
0.119938 0.87521
0.11951 0.902982
0.123335 0.912941
0.113918 0.936895
0.127079 0.958403
0.119266 0.985748
0.129066 0.98935
0.116459 1.01531
0.127569 1.04194
0.118252 1.05209
0.126574 1.07058
0.134933 -0.000651247
0.133159 0.0205747
0.149724 0.0554216
0.133326 0.063343
0.141626 0.0851717
0.13338 0.104919
0.14362 0.11594
0.139317 0.145268
0.13641 0.1593
0.149266 0.179662
0.139313 0.196544
0.134614 0.217507
0.142491 0.237068
0.134796 0.253231
0.146153 0.267067
0.133854 0.294534
0.151158 0.316263
0.137822 0.340628
0.139974 0.360498
0.13983 0.362179
0.133829 0.379659
0.146816 0.409166
0.15009 0.435194
0.141939 0.451507
0.137486 0.469192
0.133266 0.475157
0.14036 0.493758
0.1379 0.513514
0.150548 0.54738
0.138089 0.566507
0.134213 0.576659
0.14351 0.598963
0.144383 0.620991
0.13755 0.643392
0.142918 0.648122
0.133164 0.682464
0.13605 0.693201
0.14124 0.714988
0.147138 0.737158
0.142857 0.745537
0.136709 0.776582
0.149846 0.784875
0.136189 0.800138
0.140092 0.831182
0.139404 0.854005
0.135288 0.873159
0.133118 0.879691
0.14161 0.908027
0.134543 0.91256
0.141972 0.930692
0.133619 0.959457
0.136118 0.97336
0.138707 0.993753
0.136274 1.01464
0.143633 1.03202
0.15143 1.05711
0.155675 0.000396741
0.169225 0.0264901
0.163552 0.0437042
0.159384 0.0740285
0.153259 0.0939726
0.156388 0.0965926
0.152353 0.114816
0.161685 0.13357
0.160154 0.157877
0.155829 0.176521
0.163564 0.192614
0.154088 0.209418
0.169958 0.238563
0.155523 0.2507
0.158953 0.272602
0.156086 0.294584
0.15636 0.314929
0.156954 0.335268
0.161443 0.34608
0.159955 0.366639
0.151921 0.383435
0.168762 0.400297
0.163567 0.423555
0.161729 0.452175
0.155425 0.456507
0.155463 0.479385
0.159368 0.49968
0.153432 0.516537
0.157358 0.532461
0.153355 0.552042
0.154393 0.579791
0.167285 0.590739
0.164412 0.612359
0.160419 0.638341
0.154349 0.664047
0.151977 0.671796
0.154759 0.683645
0.158558 0.710901
0.166906 0.725516
0.155947 0.754498
0.15599 0.760591
0.153058 0.783739
0.152043 0.813105
0.159298 0.826664
0.158849 0.842036
0.152033 0.871081
0.157292 0.891659
0.161943 0.89382
0.159862 0.913732
0.15946 0.932851
0.153774 0.958056
0.152898 0.97824
0.15607 0.991955
0.157483 1.01919
0.154807 1.04338
0.157439 1.05018
0.156202 1.07308
0.186529 0.00146489
0.18698 0.0342213
0.179601 0.0521256
0.175586 0.0687016
0.17362 0.0894192
0.175246 0.0954291
0.185644 0.117008
0.174196 0.135777
0.172308 0.156468
0.182287 0.187964
0.186953 0.207003
0.185294 0.216192
0.187783 0.244384
0.175995 0.258424
0.171667 0.278726
0.172112 0.30334
0.174444 0.304511
0.174003 0.325066
0.172346 0.349625
0.180425 0.36906
0.181509 0.380161
0.175268 0.404828
0.189165 0.425573
0.17832 0.439985
0.173406 0.469131
0.173759 0.476584
0.187689 0.504959
0.179581 0.51409
0.173742 0.533189
0.179946 0.564326
0.182806 0.571184
0.183691 0.602161
0.171026 0.626362
0.17661 0.633313
0.172735 0.657247
0.179887 0.676563
0.171576 0.695194
0.186407 0.704245
0.172404 0.72742
0.173373 0.746765
0.178777 0.775872
0.179635 0.780192
0.181494 0.80694
0.173355 0.826542
0.171052 0.836582
0.17304 0.867946
0.181059 0.881245
0.18538 0.909093
0.178899 0.911924
0.171484 0.948332
0.175959 0.958405
0.172209 0.973834
0.183111 0.995514
0.173962 1.02397
0.172179 1.03471
0.179605 1.05474
0.180445 1.0762
0.197744 0.0176919
0.206305 0.0354625
0.206188 0.0523717
0.191648 0.0744389
0.200751 0.0877407
0.205985 0.111823
0.197554 0.116197
0.196771 0.135208
0.203467 0.155461
0.192986 0.180601
0.195889 0.200789
0.201519 0.214445
0.20069 0.230781
0.1966 0.260933
0.197766 0.270021
0.190205 0.29083
0.194983 0.312449
0.206061 0.339702
0.191648 0.344956
0.204098 0.36845
0.19125 0.388877
0.205878 0.406079
0.195534 0.42078
0.207343 0.443709
0.190772 0.457899
0.200964 0.477187
0.204661 0.511574
0.202399 0.529649
0.191162 0.545905
0.208655 0.558519
0.208319 0.587359
0.190071 0.606367
0.206946 0.612964
0.20069 0.630482
0.201147 0.657674
0.208749 0.670258
0.208533 0.684957
0.192748 0.713976
0.192442 0.729353
0.195105 0.74218
0.202817 0.766719
0.192581 0.790318
0.190922 0.812652
0.19919 0.819462
0.19035 0.839256
0.204871 0.861782
0.191888 0.880004
0.192299 0.89376
0.200413 0.914078
0.195563 0.935148
0.193669 0.960271
0.191778 0.968354
0.190262 0.9983
0.207228 1.02336
0.190833 1.03678
0.194722 1.04454
0.196007 1.06507
0.218238 0.00372326
0.216804 0.0335215
0.227346 0.0385645
0.213382 0.0603682
0.215846 0.0780529
0.224036 0.101108
0.217322 0.12949
0.223 0.134697
0.208905 0.153909
0.209302 0.179734
0.21427 0.204199
0.214432 0.226788
0.210065 0.238853
0.209109 0.251137
0.222358 0.282357
0.213341 0.298875
0.211852 0.321469
0.226254 0.334932
0.216422 0.35485
0.210211 0.377239
0.219841 0.386562
0.210372 0.402549
0.21935 0.434216
0.209998 0.451757
0.225166 0.465072
0.210053 0.482793
0.222877 0.511551
0.225879 0.523409
0.212654 0.534537
0.213523 0.560927
0.221598 0.573092
0.225603 0.593418
0.209895 0.609874
0.208868 0.635944
0.225476 0.659555
0.216989 0.682433
0.210294 0.69561
0.222541 0.713004
0.213221 0.731728
0.218214 0.740919
0.209967 0.767937
0.212153 0.793857
0.209754 0.800531
0.221436 0.83197
0.217004 0.838612
0.211344 0.858867
0.213475 0.877187
0.209113 0.894284
0.214074 0.913948
0.225562 0.930662
0.218848 0.95941
0.212089 0.984394
0.219031 0.988464
0.221558 1.00876
0.224113 1.03781
0.211914 1.05208
0.209142 1.06446
0.244352 -0.00499975
0.241096 0.0223395
0.234216 0.0496462
0.231666 0.059389
0.233331 0.089495
0.24243 0.100775
0.232166 0.116042
0.2331 0.141389
0.2337 0.161142
0.23281 0.182438
0.241737 0.204352
0.239971 0.211158
0.234094 0.23357
0.230934 0.254128
0.242603 0.272224
0.242222 0.302027
0.229652 0.314463
0.237296 0.327773
0.234748 0.353862
0.229109 0.3615
0.227999 0.386818
0.233589 0.406232
0.230444 0.418483
0.22865 0.444048
0.230033 0.46724
0.235111 0.488858
0.243496 0.50668
0.236963 0.516913
0.237983 0.549638
0.240587 0.568908
0.239296 0.581255
0.233239 0.589938
0.232459 0.610401
0.231788 0.638478
0.228068 0.660022
0.229628 0.681364
0.228399 0.687516
0.234546 0.715641
0.241856 0.730291
0.22826 0.745383
0.24131 0.760948
0.240638 0.790368
0.22812 0.806192
0.243538 0.819208
0.241523 0.847713
0.235126 0.855411
0.231025 0.875362
0.232026 0.904513
0.240079 0.920377
0.23451 0.94791
0.245643 0.963836
0.240259 0.973803
0.230621 0.990925
0.240369 1.0168
0.228331 1.04297
0.243692 1.05563
0.234313 1.07318
0.257443 0.0104228
0.252716 0.0300922
0.250731 0.0419961
0.258187 0.0644246
0.25196 0.0850384
0.25193 0.0983611
0.250874 0.123534
0.251503 0.13419
0.249397 0.165563
0.256599 0.187136
0.249334 0.207605
0.262187 0.212488
0.254891 0.233253
0.251572 0.253629
0.247903 0.2747
0.253975 0.300668
0.254207 0.319496
0.253435 0.328577
0.24966 0.352093
0.249812 0.376306
0.247353 0.381024
0.250608 0.399163
0.248604 0.436567
0.255525 0.439144
0.249559 0.461242
0.24723 0.485824
0.264412 0.510056
0.250554 0.529418
0.249676 0.532896
0.252023 0.553182
0.254284 0.576687
0.253565 0.592423
0.253709 0.624955
0.260414 0.628529
0.248372 0.650152
0.247627 0.66979
0.253609 0.69866
0.254481 0.716983
0.247341 0.733881
0.263252 0.746006
0.24946 0.775852
0.259486 0.795394
0.253719 0.803619
0.265527 0.818015
0.248153 0.839753
0.251619 0.867364
0.260414 0.887631
0.257436 0.898311
0.257393 0.924467
0.249262 0.947059
0.250131 0.949588
0.247697 0.970786
0.248909 0.998108
0.255608 1.01222
0.255527 1.03963
0.249384 1.05923
0.269478 0.00625629
0.272927 0.0338755
0.271132 0.0447599
0.269704 0.0594041
0.277841 0.0838343
0.268873 0.0982104
0.2743 0.114261
0.270079 0.145249
0.272009 0.167899
0.272332 0.172939
0.277322 0.196509
0.268341 0.210661
0.271995 0.228775
0.265988 0.246813
0.266486 0.270736
0.283425 0.287637
0.272979 0.303823
0.272691 0.323085
0.277261 0.34312
0.273782 0.372875
0.273907 0.385157
0.265847 0.409528
0.265892 0.418738
0.27839 0.440199
0.269802 0.458704
0.267892 0.478144
0.282075 0.495836
0.279951 0.523445
0.266427 0.538865
0.266078 0.551975
0.269387 0.581164
0.273157 0.595395
0.266712 0.608631
0.275161 0.63173
0.272805 0.654103
0.282444 0.67101
0.27779 0.70118
0.284423 0.71297
0.266671 0.7228
0.271349 0.747049
0.266396 0.777154
0.272661 0.786503
0.269906 0.811884
0.26743 0.817962
0.271065 0.841609
0.27051 0.865724
0.275649 0.878868
0.281808 0.907804
0.275956 0.924729
0.268797 0.942047
0.272805 0.962615
0.279151 0.974594
0.266531 0.989568
0.272291 1.01567
0.278867 1.02599
0.268113 1.05079
0.265846 1.06963
0.285597 0.0182686
0.290924 0.0328877
0.293924 0.0506607
0.286896 0.0721991
0.291561 0.0792842
0.290385 0.100713
0.29603 0.132328
0.295909 0.13369
0.294137 0.162694
0.29284 0.179316
0.290574 0.207494
0.290567 0.224708
0.294805 0.230536
0.300333 0.262856
0.302515 0.282503
0.289861 0.294508
0.300668 0.316996
0.288835 0.329941
0.292668 0.347555
0.298933 0.371931
0.299326 0.381573
0.288337 0.403448
0.293771 0.41789
0.298732 0.446204
0.289163 0.465133
0.292155 0.483893
0.289157 0.511692
0.302926 0.516211
0.29667 0.535325
0.290536 0.564287
0.29086 0.581056
0.286294 0.602039
0.289615 0.61271
0.297372 0.635304
0.295123 0.648344
0.302103 0.67336
0.29093 0.687763
0.302042 0.702902
0.293588 0.731074
0.28956 0.742454
0.287825 0.768919
0.289224 0.791833
0.284833 0.811674
0.287271 0.833468
0.303487 0.837471
0.293771 0.85934
0.302866 0.885128
0.28503 0.908534
0.294048 0.920597
0.289285 0.937651
0.295222 0.959543
0.290133 0.983401
0.286111 0.989898
0.287144 1.02331
0.286761 1.0352
0.295346 1.05794
0.298802 1.07337
0.321898 -0.014006
0.305338 0.0220649
0.311704 0.0434513
0.317911 0.06592
0.308069 0.0840784
0.310007 0.10828
0.309546 0.114454
0.30809 0.148322
0.309553 0.16829
0.316387 0.176176
0.305704 0.199286
0.313855 0.21251
0.30755 0.244989
0.322566 0.265017
0.303774 0.281552
0.320811 0.289987
0.307196 0.319977
0.310816 0.335979
0.318491 0.35609
0.31432 0.361107
0.310578 0.396508
0.312747 0.402209
0.314316 0.421039
0.319346 0.441206
0.311849 0.467912
0.304453 0.492172
0.309115 0.496194
0.309746 0.520401
0.309724 0.537521
0.310031 0.560257
0.31135 0.587481
0.311074 0.597703
0.304339 0.616546
0.304034 0.628724
0.304977 0.659457
0.312147 0.674725
0.315449 0.686327
0.306111 0.702423
0.319831 0.736343
0.315131 0.745099
0.309366 0.760979
0.322562 0.781178
0.305063 0.813593
0.306966 0.833197
0.307107 0.838365
0.308788 0.863164
0.304602 0.886638
0.319723 0.902991
0.310404 0.913816
0.320841 0.940886
0.315424 0.960365
0.304813 0.978967
0.307579 1.00045
0.30416 1.01229
0.311753 1.03176
0.310296 1.05211
0.320343 1.06663
0.336796 0.014671
0.330666 0.0324085
0.334849 0.0406812
0.325832 0.0651913
0.333567 0.089938
0.337529 0.0978703
0.327158 0.130131
0.325738 0.140747
0.326121 0.157048
0.324508 0.174628
0.33726 0.208106
0.3386 0.221136
0.323557 0.23426
0.328591 0.248227
0.336542 0.267975
0.32854 0.287606
0.322909 0.310284
0.336131 0.329386
0.339162 0.359825
0.331797 0.379498
0.324018 0.380196
0.334056 0.414533
0.322767 0.427401
0.324578 0.449917
0.32688 0.457726
0.327403 0.475875
0.325846 0.508805
0.329444 0.518013
0.333384 0.544298
0.326874 0.559838
0.337992 0.572497
0.332362 0.598377
0.323954 0.620502
0.326327 0.643421
0.328257 0.649495
0.322914 0.669904
0.333995 0.687857
0.334046 0.709898
0.326548 0.722068
0.338725 0.755303
0.324816 0.761909
0.329427 0.781829
0.330638 0.80224
0.326548 0.83108
0.32937 0.8536
0.324547 0.858112
0.33372 0.882809
0.32594 0.894399
0.337762 0.921422
0.336722 0.931244
0.334422 0.967284
0.337916 0.971664
0.332102 0.996155
0.328968 1.01194
0.327894 1.03203
0.326306 1.05911
0.329585 1.0736
0.344466 -0.007522
0.360081 0.026873
0.345209 0.0513009
0.357158 0.0719321
0.35373 0.0897343
0.347752 0.112807
0.347548 0.118888
0.344224 0.144267
0.35374 0.164281
0.343269 0.186649
0.354643 0.208579
0.348056 0.224958
0.34962 0.244911
0.350634 0.257213
0.342378 0.279539
0.343907 0.289866
0.345256 0.303934
0.342686 0.331233
0.360149 0.358928
0.354782 0.369763
0.344514 0.392584
0.345644 0.41749
0.349341 0.424093
0.349498 0.442122
0.359478 0.468825
0.345174 0.480239
0.350566 0.497726
0.355266 0.524308
0.352959 0.543635
0.345462 0.5568
0.344256 0.573844
0.355449 0.593158
0.343758 0.611503
0.348362 0.641197
0.343992 0.651178
0.342824 0.670436
0.342981 0.689596
0.346341 0.70846
0.35844 0.729209
0.343683 0.757391
0.344719 0.774373
0.343001 0.79712
0.35127 0.797384
0.344134 0.817343
0.350933 0.836423
0.350688 0.861385
0.349218 0.877652
0.343901 0.906488
0.34196 0.913419
0.35023 0.943999
0.350856 0.951054
0.35783 0.98706
0.348223 0.995085
0.341727 1.01984
0.352571 1.02655
0.343297 1.04777
0.345614 1.06967
0.366222 0.0013123
0.366639 0.0211599
0.362285 0.0405286
0.367044 0.0666214
0.372928 0.0814548
0.36903 0.0994598
0.367138 0.131474
0.363028 0.148935
0.368504 0.166017
0.371594 0.186076
0.364269 0.194098
0.364757 0.222724
0.365303 0.235111
0.374432 0.257729
0.366405 0.284646
0.371979 0.285965
0.366209 0.303739
0.371441 0.329478
0.366658 0.356731
0.378202 0.378579
0.376202 0.382702
0.362255 0.411512
0.371496 0.426883
0.365779 0.443883
0.364174 0.46699
0.364926 0.48633
0.378368 0.498795
0.363686 0.5186
0.372444 0.541646
0.362377 0.560808
0.360836 0.570902
0.375291 0.588661
0.361827 0.623615
0.36167 0.631235
0.361675 0.658895
0.368774 0.667708
0.360881 0.696432
0.372269 0.71376
0.366684 0.734102
0.361523 0.752007
0.36289 0.759412
0.361187 0.778649
0.36079 0.815973
0.371731 0.822274
0.375622 0.840114
0.367973 0.857782
0.361858 0.887997
0.367523 0.895936
0.371258 0.921537
0.378738 0.948516
0.374462 0.956969
0.378783 0.97445
0.367934 0.993526
0.364672 1.02335
0.364252 1.03174
0.362904 1.0578
0.369832 1.06735
0.386359 0.00397992
0.386242 0.0242927
0.381751 0.0434582
0.387866 0.0635912
0.391064 0.0782189
0.396374 0.111606
0.381519 0.116261
0.383543 0.137097
0.386812 0.15573
0.39845 0.177557
0.391644 0.204932
0.386391 0.226205
0.38437 0.236143
0.388612 0.257916
0.38355 0.272745
0.384832 0.2884
0.392407 0.305612
0.38359 0.327711
0.393567 0.356761
0.380101 0.36653
0.37983 0.380136
0.387739 0.406068
0.388653 0.432112
0.380097 0.449175
0.386761 0.472121
0.391579 0.486872
0.384275 0.500563
0.380955 0.524353
0.38789 0.549089
0.390914 0.557126
0.385937 0.580706
0.39275 0.595647
0.385296 0.610279
0.38554 0.643086
0.380922 0.662033
0.398022 0.671407
0.383645 0.689738
0.392987 0.714621
0.39669 0.727857
0.380108 0.750664
0.397687 0.773644
0.380031 0.78048
0.382 0.79931
0.396863 0.823359
0.387013 0.841844
0.394147 0.865627
0.38557 0.877069
0.389203 0.898434
0.393039 0.930025
0.386925 0.945686
0.384609 0.964215
0.381981 0.980767
0.385205 0.998047
0.384642 1.02106
0.381947 1.02725
0.380472 1.04754
0.406354 0.000396741
0.402544 0.030002
0.401074 0.0472121
0.408587 0.0667567
0.405988 0.0799393
0.408266 0.0979237
0.412741 0.123348
0.407971 0.142918
0.406622 0.161175
0.414092 0.177889
0.405717 0.205177
0.410505 0.21591
0.407666 0.231452
0.40267 0.252433
0.400372 0.27781
0.403744 0.28493
0.399734 0.308546
0.412941 0.329841
0.402012 0.355381
0.412623 0.363148
0.403058 0.388287
0.405317 0.412037
0.406282 0.431079
0.412946 0.447432
0.408775 0.469238
0.406445 0.491317
0.414741 0.500899
0.400014 0.523623
0.406281 0.546889
0.414106 0.563677
0.403388 0.57776
0.409131 0.594501
0.404094 0.617842
0.399041 0.626581
0.409255 0.649545
0.403046 0.673845
0.399304 0.701193
0.403538 0.704222
0.403456 0.738684
0.404002 0.750602
0.40419 0.773751
0.400622 0.793065
0.407069 0.798664
0.41294 0.833925
0.399236 0.835524
0.40299 0.86014
0.408765 0.884606
0.403542 0.893055
0.411542 0.915738
0.402592 0.939585
0.401349 0.965026
0.407458 0.972569
0.400153 0.988635
0.403681 1.00812
0.405289 1.02845
0.400678 1.04989
0.43331 0.00413693
0.41966 0.0276803
0.436192 0.0534722
0.427412 0.0575884
0.427179 0.082533
0.424116 0.106723
0.429044 0.132408
0.419744 0.144053
0.41915 0.165902
0.418821 0.177491
0.42112 0.197732
0.432325 0.215552
0.420294 0.235415
0.427107 0.254189
0.42729 0.283547
0.417851 0.293548
0.423597 0.316355
0.431507 0.331625
0.42555 0.347758
0.428358 0.375652
0.433818 0.391305
0.42952 0.415667
0.419568 0.419446
0.421719 0.449231
0.417787 0.474033
0.42178 0.48318
0.419123 0.510634
0.435552 0.514734
0.419324 0.533738
0.435509 0.566803
0.426653 0.569561
0.41844 0.603533
0.427849 0.608398
0.420026 0.63036
0.431532 0.659932
0.420045 0.672531
0.428602 0.687277
0.423383 0.718772
0.433496 0.721524
0.422559 0.756676
0.428014 0.763644
0.42906 0.790948
0.434398 0.812234
0.424726 0.81872
0.424665 0.849177
0.418653 0.871616
0.418449 0.874179
0.430952 0.893643
0.420769 0.917926
0.429487 0.946898
0.421483 0.965376
0.419583 0.97349
0.419324 0.993591
0.425271 1.01984
0.42721 1.02904
0.432165 1.04543
0.454132 0.00344979
0.441422 0.0199573
0.445469 0.0564157
0.447098 0.0670693
0.441633 0.0836207
0.45434 0.0994503
0.448279 0.118823
0.451807 0.151565
0.439436 0.153539
0.437361 0.181158
0.44728 0.195595
0.436709 0.217485
0.44396 0.236794
0.444183 0.261013
0.452864 0.266945
0.440015 0.301591
0.454115 0.318583
0.438077 0.328147
0.439691 0.346751
0.455123 0.363231
0.448355 0.383695
0.451552 0.405011
0.448587 0.424712
0.442 0.43672
0.438589 0.466176
0.439558 0.490066
0.43962 0.509385
0.438924 0.516296
0.441821 0.540773
0.452528 0.553453
0.445143 0.586169
0.441247 0.589319
0.437491 0.608695
0.441443 0.628033
0.448421 0.651102
0.440918 0.674767
0.441482 0.694224
0.44153 0.702903
0.440315 0.725531
0.445814 0.742912
0.443826 0.761298
0.44332 0.783055
0.446333 0.807868
0.451552 0.831477
0.452708 0.836811
0.4438 0.869594
0.453615 0.884219
0.442345 0.904214
0.45146 0.928098
0.447287 0.930835
0.449971 0.95466
0.43968 0.973998
0.436983 1.00339
0.450383 1.02184
0.44716 1.03698
0.440486 1.05738
0.452363 1.06373
0.456038 0.0191046
0.457382 0.0427947
0.463149 0.0602741
0.472976 0.0914029
0.460706 0.105184
0.463863 0.126032
0.467085 0.133357
0.467237 0.161292
0.467799 0.179523
0.472945 0.1901
0.461013 0.217963
0.469314 0.24424
0.455717 0.262817
0.467069 0.268089
0.458265 0.288654
0.458018 0.305076
0.46264 0.340726
0.464987 0.359784
0.462483 0.360894
0.457664 0.387281
0.457312 0.405497
0.468917 0.430372
0.459125 0.449095
0.456404 0.463088
0.455592 0.477451
0.467391 0.494095
0.463607 0.525193
0.473759 0.547847
0.465082 0.556481
0.473586 0.586627
0.459028 0.607328
0.457178 0.608328
0.455733 0.633503
0.457739 0.657515
0.457137 0.66805
0.458256 0.699355
0.456313 0.716788
0.458405 0.72133
0.472671 0.741844
0.464461 0.768212
0.462477 0.795312
0.455929 0.816205
0.459613 0.820116
0.470006 0.84169
0.463053 0.864606
0.456345 0.891753
0.46791 0.904172
0.469305 0.921345
0.474083 0.942671
0.4739 0.966476
0.466872 0.968596
0.456252 0.997345
0.473975 1.01301
0.465135 1.02524
0.474386 1.04768
0.455796 1.06981
0.474904 0.00505982
0.480514 0.0375072
0.484574 0.0457695
0.479963 0.0577685
0.48091 0.084846
0.478193 0.111072
0.479759 0.115679
0.490829 0.134404
0.484909 0.165807
0.487141 0.172317
0.475946 0.193146
0.478656 0.209032
0.48252 0.230494
0.478804 0.250939
0.481474 0.26608
0.475753 0.290414
0.481917 0.307185
0.479904 0.335551
0.478642 0.359354
0.478014 0.368881
0.481338 0.392224
0.476451 0.406588
0.477787 0.430911
0.477571 0.438792
0.478737 0.459774
0.484119 0.489504
0.493484 0.504105
0.48124 0.518467
0.491195 0.534501
0.490097 0.562517
0.476671 0.584774
0.475636 0.60523
0.480697 0.623249
0.478819 0.628613
0.481216 0.652089
0.481912 0.669827
0.475509 0.696188
0.477628 0.717407
0.478521 0.739627
0.479012 0.75828
0.483485 0.77248
0.489547 0.791009
0.477481 0.802401
0.477645 0.818995
0.476455 0.84991
0.493521 0.871445
0.477767 0.877987
0.476523 0.893033
0.476994 0.922411
0.477842 0.943276
0.476761 0.949516
0.487021 0.986818
0.487075 0.989685
0.484358 1.01385
0.476751 1.0431
0.479701 1.06193
0.479559 1.06696
0.495652 0.0123662
0.507523 0.0308847
0.496931 0.0460749
0.50676 0.0617695
0.495052 0.0824962
0.503922 0.104587
0.509121 0.121083
0.499487 0.147148
0.506931 0.155106
0.508042 0.18131
0.494263 0.193382
0.498306 0.211249
0.496162 0.234832
0.499466 0.248726
0.497719 0.26823
0.507736 0.291818
0.501774 0.311175
0.506821 0.33079
0.495858 0.347284
0.50145 0.366283
0.503057 0.38837
0.499405 0.416364
0.496259 0.435143
0.497604 0.447829
0.502572 0.470811
0.494491 0.4756
0.502503 0.505956
0.504903 0.520249
0.495853 0.537831
0.508344 0.569278
0.497518 0.575829
0.502152 0.601672
0.495435 0.619429
0.506211 0.63506
0.508225 0.663228
0.505802 0.668737
0.495756 0.690439
0.498825 0.715079
0.495133 0.734493
0.496628 0.75808
0.499454 0.76976
0.501499 0.788657
0.506668 0.812311
0.494261 0.835115
0.497393 0.848229
0.507946 0.868488
0.506311 0.887475
0.497269 0.905881
0.502782 0.911223
0.499893 0.935057
0.500381 0.963164
0.503145 0.981149
0.508219 1.00255
0.493963 1.00733
0.496316 1.02612
0.496003 1.04773
0.512511 1.06537
0.514634 0.00125126
0.520047 0.028319
0.527598 0.0468325
0.528872 0.0706143
0.515405 0.0838453
0.524789 0.111041
0.516539 0.129185
0.517747 0.133335
0.521086 0.159892
0.517419 0.184701
0.513024 0.199483
0.525742 0.213385
0.519257 0.228643
0.514943 0.249255
0.514207 0.268236
0.513267 0.288426
0.514801 0.311481
0.51397 0.328835
0.519823 0.349483
0.517114 0.361007
0.525437 0.384899
0.524061 0.408213
0.51487 0.426048
0.513009 0.444199
0.516764 0.464037
0.521897 0.488601
0.527437 0.511963
0.523759 0.518479
0.516542 0.544067
0.515976 0.551378
0.523026 0.582049
0.524368 0.58913
0.520067 0.616435
0.529844 0.644028
0.518168 0.648268
0.515575 0.669713
0.520585 0.690725
0.521075 0.713062
0.518754 0.735282
0.517045 0.749706
0.52208 0.775903
0.517935 0.788514
0.517088 0.814879
0.515188 0.833668
0.516831 0.840266
0.516653 0.856614
0.521653 0.873867
0.524315 0.899456
0.524674 0.921079
0.514209 0.948866
0.530656 0.960051
0.516873 0.97478
0.515091 0.994873
0.512868 1.00619
0.519782 1.03319
0.517369 1.05765
0.531155 1.07851
0.543229 0.010651
0.536566 0.0259516
0.543809 0.0409864
0.535478 0.0712302
0.534428 0.093773
0.540785 0.112806
0.539964 0.114505
0.548259 0.137154
0.534654 0.156896
0.533303 0.182996
0.544877 0.190924
0.542717 0.224019
0.541948 0.236183
0.541224 0.252093
0.536576 0.278115
0.538642 0.303251
0.535386 0.307901
0.531968 0.340526
0.534762 0.343042
0.535102 0.375197
0.533925 0.393157
0.550401 0.400403
0.532945 0.428541
0.540865 0.443793
0.536487 0.46305
0.539376 0.484873
0.548418 0.50029
0.543229 0.519065
0.542466 0.53853
0.535267 0.564848
0.549852 0.587909
0.53308 0.590795
0.542558 0.622181
0.540264 0.644481
0.540038 0.646485
0.537126 0.668233
0.549883 0.692831
0.534765 0.710217
0.542814 0.732937
0.537835 0.74314
0.532833 0.765804
0.534198 0.782942
0.542497 0.797998
0.541734 0.829188
0.534659 0.851156
0.534951 0.854812
0.533428 0.87572
0.545885 0.897885
0.536275 0.917298
0.53491 0.938734
0.535905 0.961768
0.532685 0.971523
0.533459 0.990555
0.549741 1.00664
0.547609 1.03478
0.543992 1.06171
0.537139 1.0713
0.568904 -0.0010689
0.564164 0.0254241
0.550752 0.0459282
0.564013 0.0665303
0.555834 0.0922574
0.558601 0.109961
0.566013 0.116302
0.551466 0.137474
0.554081 0.164414
0.558801 0.180905
0.569191 0.190163
0.566902 0.215074
0.556823 0.235353
0.553319 0.253106
0.553981 0.275245
0.551832 0.292272
0.563829 0.304544
0.551365 0.339487
0.554521 0.358654
0.558737 0.378996
0.566886 0.380952
0.555059 0.40272
0.565233 0.423872
0.55167 0.444055
0.553209 0.473556
0.559201 0.476304
0.553206 0.509248
0.568621 0.530076
0.560095 0.548384
0.556651 0.556554
0.560046 0.573704
0.562252 0.603294
0.552489 0.620475
0.561275 0.631974
0.560961 0.653096
0.552677 0.667144
0.567757 0.69024
0.556291 0.709975
0.551439 0.727622
0.552415 0.757744
0.555614 0.772613
0.565325 0.782586
0.552409 0.813845
0.563563 0.826293
0.565556 0.842976
0.551103 0.871517
0.560471 0.881198
0.556865 0.910226
0.555589 0.926695
0.560475 0.930582
0.558672 0.958129
0.56388 0.974758
0.556108 0.993866
0.557656 1.00911
0.569455 1.02853
0.565183 1.05085
0.56021 1.06596
0.570513 0.000793481
0.582675 0.0194844
0.577858 0.0470791
0.585166 0.0726841
0.583331 0.0946379
0.580508 0.0974688
0.5811 0.118655
0.573138 0.141423
0.581683 0.16831
0.57393 0.172821
0.57303 0.194849
0.569658 0.214484
0.580032 0.230187
0.570147 0.247597
0.57247 0.269903
0.587451 0.290506
0.570515 0.309008
0.570025 0.334086
0.5815 0.360057
0.575799 0.376354
0.586535 0.389874
0.570995 0.403809
0.569543 0.424714
0.581849 0.452346
0.581591 0.460341
0.572306 0.477486
0.575854 0.496658
0.576728 0.521511
0.580283 0.547798
0.576556 0.567949
0.570328 0.58746
0.581988 0.604297
0.586421 0.608401
0.582385 0.632771
0.570711 0.652917
0.577319 0.674917
0.579116 0.69983
0.574358 0.707053
0.570235 0.725512
0.580798 0.741203
0.576395 0.761058
0.586185 0.793355
0.57091 0.811182
0.578896 0.819424
0.578806 0.844295
0.584918 0.868404
0.569755 0.888909
0.572802 0.905881
0.574511 0.919873
0.570102 0.94114
0.580834 0.954508
0.577916 0.974253
0.586108 0.997986
0.572738 1.02254
0.576224 1.02731
0.588395 1.05616
0.584378 1.06378
0.589387 0.016267
0.607349 0.0213019
0.590075 0.0430921
0.606922 0.069216
0.599808 0.0862718
0.589206 0.0962066
0.592632 0.119826
0.60094 0.14536
0.589924 0.167312
0.59896 0.17702
0.592944 0.19541
0.593112 0.215258
0.599689 0.233985
0.597583 0.265633
0.605301 0.282072
0.589735 0.290367
0.597095 0.316111
0.589589 0.334179
0.59364 0.349649
0.605061 0.371412
0.593767 0.393645
0.589783 0.404643
0.595782 0.422468
0.590825 0.442206
0.596028 0.467257
0.590147 0.480304
0.601642 0.51207
0.58948 0.529048
0.593677 0.541917
0.604175 0.567064
0.590692 0.577694
0.592098 0.594805
0.607044 0.621998
0.599902 0.640946
0.590942 0.655177
0.591275 0.665603
0.60097 0.687735
0.605121 0.718253
0.590272 0.734347
0.604268 0.758579
0.597552 0.77282
0.595128 0.785028
0.604907 0.80752
0.589241 0.821718
0.592396 0.842624
0.602314 0.868637
0.590012 0.886814
0.588963 0.905888
0.601281 0.919683
0.58916 0.933653
0.601001 0.964385
0.604277 0.973723
0.606266 1.00171
0.602098 1.02476
0.604847 1.02613
0.600052 1.04791
0.607046 1.07016
0.616961 0.0177677
0.618126 0.022605
0.615281 0.0453316
0.608724 0.0668831
0.618041 0.0892849
0.611175 0.106248
0.620685 0.127171
0.607959 0.148766
0.611027 0.161883
0.618091 0.179907
0.614991 0.196679
0.610126 0.221575
0.623269 0.2348
0.621174 0.250862
0.615126 0.267428
0.613869 0.295174
0.610753 0.312343
0.615859 0.323459
0.607593 0.341838
0.60858 0.376497
0.614896 0.385472
0.608292 0.40131
0.62508 0.419263
0.609027 0.451308
0.622074 0.464715
0.611866 0.480392
0.623547 0.501651
0.61365 0.531261
0.614121 0.541371
0.616679 0.569072
0.619218 0.583947
0.620136 0.595874
0.60925 0.618009
0.622496 0.638249
0.614582 0.65923
0.616585 0.665102
0.611488 0.701846
0.625753 0.717374
0.618433 0.738707
0.6086 0.74633
0.621204 0.776378
0.613563 0.785501
0.607882 0.805892
0.615719 0.831155
0.61076 0.850519
0.615375 0.857143
0.608997 0.884701
0.609882 0.892367
0.619282 0.915433
0.622123 0.930468
0.624927 0.965945
0.622472 0.979155
0.622913 0.989837
0.621906 1.02173
0.610074 1.03406
0.621308 1.05467
0.615901 1.06752
0.640828 0.00387585
0.628965 0.0281488
0.62682 0.0507218
0.637823 0.0583844
0.639424 0.0843837
0.628553 0.107586
0.631322 0.130177
0.631155 0.13551
0.634022 0.152776
0.629157 0.183216
0.637602 0.191378
0.633808 0.213691
0.627661 0.231688
0.64198 0.262808
0.632257 0.27614
0.639607 0.302744
0.632399 0.308083
0.634724 0.330546
0.628864 0.360576
0.638123 0.362184
0.631947 0.387402
0.631683 0.414024
0.626514 0.426046
0.63431 0.44393
0.638752 0.473189
0.63631 0.482645
0.626965 0.499819
0.634785 0.523148
0.643153 0.545287
0.627903 0.554189
0.64098 0.577807
0.629674 0.603996
0.639698 0.617115
0.638523 0.633726
0.64153 0.650105
0.635357 0.672977
0.628376 0.69689
0.633287 0.709233
0.641499 0.730735
0.629961 0.754121
0.6451 0.775353
0.641423 0.786329
0.632313 0.80694
0.631717 0.824325
0.644307 0.836329
0.643422 0.864162
0.628798 0.877277
0.643361 0.896603
0.637987 0.914542
0.639696 0.931146
0.62682 0.953459
0.640855 0.985988
0.629037 0.990841
0.643608 1.01144
0.626698 1.03008
0.642728 1.05257
0.629416 1.07676
0.659036 0.0127633
0.651387 0.0315256
0.647826 0.0522872
0.66213 0.0677511
0.65899 0.0872795
0.654288 0.113019
0.648305 0.115024
0.647972 0.146506
0.649411 0.155015
0.648502 0.1709
0.658681 0.199622
0.649123 0.225413
0.646443 0.239235
0.64751 0.251177
0.661061 0.277352
0.645828 0.296499
0.660878 0.320231
0.65121 0.325792
0.660512 0.349895
0.651031 0.374028
0.646581 0.383935
0.646792 0.407272
0.657002 0.422254
0.658834 0.453536
0.657413 0.47217
0.658916 0.476478
0.65157 0.49971
0.664174 0.524583
0.64886 0.536556
0.65685 0.554277
0.648061 0.581831
0.651354 0.59782
0.648837 0.623648
0.65407 0.632863
0.6539 0.654719
0.6592 0.680197
0.645974 0.692581
0.65624 0.707511
0.647797 0.733464
0.64683 0.752759
0.647789 0.775399
0.646086 0.779865
0.660054 0.799005
0.651291 0.816337
0.651412 0.851967
0.658235 0.865425
0.656453 0.880407
0.647721 0.906666
0.658559 0.913253
0.645558 0.931669
0.653753 0.965007
0.647816 0.973083
0.663503 0.997925
0.660208 1.02337
0.654395 1.0371
0.663 1.04487
0.654283 1.06472
0.678457 0.00698874
0.668292 0.0231273
0.678213 0.0391858
0.670575 0.0643064
0.678316 0.0914878
0.682272 0.0962859
0.683309 0.128697
0.671748 0.14972
0.668271 0.164063
0.671529 0.173711
0.67834 0.193229
0.668424 0.217899
0.673605 0.237953
0.665386 0.260043
0.678208 0.281083
0.664406 0.298806
0.668225 0.30635
0.674821 0.335237
0.676977 0.355607
0.665261 0.371709
0.667684 0.393902
0.674434 0.409675
0.679987 0.435738
0.668408 0.440374
0.672657 0.461359
0.679311 0.477676
0.668507 0.499769
0.669101 0.523726
0.668578 0.549647
0.677573 0.552049
0.680074 0.572741
0.667348 0.603381
0.677576 0.625718
0.6751 0.629353
0.679647 0.660878
0.665011 0.679067
0.682913 0.694052
0.66704 0.720998
0.665594 0.738217
0.672221 0.746606
0.671224 0.76281
0.66764 0.788909
0.669918 0.808853
0.670949 0.824213
0.679634 0.84946
0.673116 0.867916
0.665706 0.889289
0.67409 0.898701
0.674184 0.929502
0.675586 0.944092
0.668735 0.955972
0.664617 0.975073
0.667652 1.00105
0.666649 1.01685
0.667564 1.0405
0.676687 1.05277
0.677397 1.06882
0.684902 0.0141606
0.691735 0.0231889
0.685818 0.0428082
0.696158 0.0670492
0.692959 0.0834458
0.688732 0.0976641
0.698842 0.11504
0.698815 0.141899
0.68635 0.153541
0.689163 0.18937
0.698736 0.1968
0.685415 0.212653
0.696209 0.244484
0.692378 0.256796
0.68804 0.266549
0.686026 0.296793
0.684193 0.313043
0.690115 0.336711
0.700239 0.346583
0.693533 0.363384
0.696005 0.392224
0.690135 0.416794
0.688681 0.433485
0.697117 0.43684
0.690107 0.456876
0.684179 0.476284
0.693625 0.501663
0.694178 0.526939
0.690054 0.535356
0.689641 0.55527
0.684766 0.580166
0.698656 0.600165
0.695853 0.609302
0.685787 0.642307
0.686435 0.660805
0.687337 0.679685
0.686591 0.694734
0.684317 0.721305
0.697534 0.723289
0.697317 0.753868
0.686405 0.769541
0.687977 0.779921
0.689352 0.803827
0.699057 0.831141
0.691597 0.853416
0.684219 0.854918
0.688286 0.882844
0.702017 0.899106
0.70217 0.929075
0.69202 0.94697
0.696795 0.950599
0.690573 0.971892
0.696615 1
0.685143 1.01897
0.689912 1.04384
0.6928 1.04914
0.689741 1.06824
0.708487 0.00344859
0.707907 0.0365001
0.7084 0.0436614
0.703547 0.0696096
0.703334 0.0948516
0.703496 0.103176
0.714347 0.128727
0.710083 0.13352
0.710929 0.158269
0.715483 0.184623
0.711753 0.196142
0.705459 0.215364
0.702792 0.232321
0.718528 0.25193
0.713462 0.284158
0.702644 0.296773
0.708579 0.312296
0.705766 0.329358
0.717704 0.341868
0.708846 0.376597
0.708933 0.396823
0.702765 0.414704
0.7181 0.432478
0.703651 0.440576
0.70333 0.457137
0.71514 0.483596
0.713462 0.503442
0.704933 0.519897
0.717124 0.537553
0.70806 0.562853
0.702993 0.575942
0.705031 0.600466
0.70774 0.618072
0.703726 0.637745
0.709926 0.652929
0.708304 0.67925
0.719777 0.683417
0.717215 0.705618
0.719096 0.728777
0.702483 0.748945
0.720107 0.763685
0.711875 0.778405
0.707723 0.801612
0.702439 0.830465
0.703968 0.846722
0.707175 0.870998
0.720541 0.880628
0.707337 0.902323
0.716415 0.917944
0.718367 0.938969
0.708989 0.953901
0.705038 0.972556
0.705957 1.00455
0.706778 1.02086
0.704777 1.03606
0.706636 1.05112
0.705211 1.06609
0.737205 0.010651
0.724309 0.0235894
0.73806 0.0451979
0.721961 0.0654283
0.728202 0.0905179
0.72142 0.107721
0.73806 0.115787
0.737144 0.148747
0.729604 0.168837
0.722332 0.176967
0.723478 0.204235
0.723014 0.22541
0.725852 0.228694
0.724445 0.255793
0.729845 0.270221
0.739138 0.299299
0.723401 0.309105
0.723327 0.323939
0.725865 0.355813
0.735954 0.368999
0.726829 0.396496
0.730629 0.403668
0.723779 0.425363
0.724203 0.437708
0.72388 0.458457
0.73232 0.491777
0.731081 0.494544
0.73043 0.513871
0.72786 0.53982
0.729401 0.556225
0.727622 0.584094
0.730172 0.59394
0.727744 0.6198
0.729689 0.634192
0.734823 0.659399
0.733116 0.665487
0.7231 0.68894
0.723959 0.714061
0.724835 0.738653
0.730674 0.741234
0.721486 0.763033
0.736412 0.795495
0.725707 0.815623
0.72222 0.819857
0.728385 0.844874
0.723432 0.862525
0.724094 0.884073
0.734581 0.902707
0.722507 0.913986
0.729179 0.937925
0.728152 0.962291
0.733651 0.970228
0.728538 0.987579
0.724762 1.01497
0.733078 1.0348
0.730711 1.05071
0.726551 1.0802
0.75848 -0.0104492
0.74795 0.0276692
0.747628 0.0458836
0.754509 0.0689718
0.751918 0.0926412
0.749749 0.0966699
0.743029 0.122965
0.746451 0.148867
0.754261 0.160173
0.74218 0.186224
0.751665 0.199031
0.746026 0.220187
0.750206 0.229377
0.744107 0.247034
0.751274 0.272073
0.743828 0.298196
0.752283 0.313239
0.741417 0.32902
0.756859 0.351176
0.744687 0.37572
0.749868 0.388879
0.753349 0.402478
0.743204 0.426265
0.742454 0.447584
0.744331 0.473138
0.7416 0.478317
0.745886 0.509848
0.756065 0.52855
0.740867 0.535314
0.750816 0.562609
0.750523 0.574659
0.754509 0.603015
0.744294 0.614239
0.75689 0.635517
0.744873 0.648364
0.750724 0.674539
0.740593 0.691549
0.756218 0.716727
0.753429 0.739386
0.744288 0.745163
0.744163 0.769768
0.758313 0.786542
0.744339 0.803693
0.747978 0.82049
0.746625 0.851041
0.741478 0.869594
0.746017 0.874826
0.74304 0.893984
0.740562 0.918004
0.758415 0.934263
0.742943 0.963775
0.755951 0.977975
0.751372 0.990234
0.746238 1.01397
0.744669 1.03806
0.741646 1.06172
0.74533 1.06781
0.772817 0.00186968
0.766411 0.0196539
0.763636 0.0450792
0.762771 0.0706887
0.77329 0.0864577
0.766747 0.11127
0.768635 0.115503
0.771661 0.142003
0.760805 0.169431
0.763554 0.18031
0.773827 0.190863
0.767357 0.22512
0.759573 0.234647
0.769738 0.251656
0.770879 0.271244
0.759531 0.287253
0.770745 0.308115
0.771774 0.330133
0.759423 0.360112
0.77224 0.377331
0.776586 0.385253
0.765283 0.406367
0.762291 0.429487
0.761541 0.443502
0.768883 0.467574
0.766196 0.493504
0.76223 0.4962
0.775904 0.528861
0.764635 0.534707
0.778008 0.56914
0.767495 0.581457
0.762585 0.60614
0.775709 0.617801
0.761981 0.631006
0.760399 0.66216
0.769921 0.669694
0.771853 0.693239
0.764439 0.717031
0.775994 0.735923
0.763714 0.752805
0.766059 0.76085
0.764763 0.79519
0.773136 0.809602
0.765093 0.825527
0.764275 0.843349
0.771139 0.861352
0.766167 0.887478
0.775985 0.900545
0.764436 0.921778
0.762514 0.933479
0.770257 0.959197
0.760268 0.983373
0.775048 0.991852
0.770726 1.00735
0.778077 1.02562
0.76501 1.05691
0.791559 0.00433363
0.792047 0.0336314
0.782243 0.0502791
0.79162 0.0671712
0.779705 0.0895153
0.78914 0.103894
0.796838 0.126164
0.7894 0.14227
0.791742 0.159856
0.78067 0.178848
0.779921 0.199023
0.78399 0.223548
0.792668 0.228791
0.778861 0.255292
0.78164 0.278756
0.784369 0.289729
0.787061 0.320389
0.796106 0.338694
0.780837 0.358628
0.78228 0.362937
0.794756 0.386288
0.788385 0.409497
0.779702 0.425189
0.786645 0.441725
0.78566 0.460075
0.785137 0.486438
0.785211 0.511338
0.778654 0.516093
0.788629 0.544084
0.793692 0.556391
0.78951 0.578243
0.784692 0.599963
0.779686 0.624696
0.783502 0.642445
0.781011 0.645892
0.78927 0.671041
0.78104 0.698446
0.781467 0.710501
0.786859 0.738142
0.796208 0.748342
0.780091 0.765751
0.794366 0.79226
0.783156 0.81016
0.782292 0.831633
0.778441 0.83572
0.796503 0.86935
0.786393 0.879363
0.779497 0.905345
0.788263 0.92584
0.780692 0.939541
0.778737 0.958604
0.7834 0.982572
0.779209 1.00027
0.786929 1.00781
0.796087 1.03538
0.782497 1.04584
0.78752 1.06591
0.810197 0.018676
0.812647 0.0274959
0.815729 0.0487686
0.797584 0.0709714
0.80157 0.0862881
0.807425 0.11169
0.799438 0.123036
0.804481 0.144551
0.797915 0.163633
0.801324 0.186377
0.803469 0.196268
0.799967 0.224746
0.797315 0.239682
0.811151 0.255379
0.802975 0.275373
0.801331 0.28485
0.800989 0.30546
0.801004 0.33511
0.806792 0.360634
0.805261 0.364452
0.798513 0.385315
0.814539 0.400281
0.813715 0.428755
0.798904 0.439861
0.803705 0.463546
0.802649 0.483306
0.799369 0.502821
0.811792 0.520615
0.798103 0.543258
0.802102 0.564573
0.799284 0.585165
0.802512 0.599081
0.804193 0.623585
0.798599 0.644948
0.803146 0.653362
0.807068 0.675492
0.79765 0.693199
0.807092 0.714927
0.800822 0.739168
0.797811 0.755461
0.799782 0.772246
0.814277 0.782082
0.806519 0.806089
0.802393 0.82403
0.804414 0.844834
0.803605 0.870673
0.808697 0.891774
0.802576 0.896542
0.807898 0.917287
0.797404 0.930165
0.807123 0.968017
0.806459 0.984175
0.804529 0.998535
0.80073 1.00657
0.81334 1.02695
0.806549 1.05049
0.799522 1.07065
0.819439 -0.00505925
0.83346 0.0221259
0.817195 0.053419
0.828669 0.0755333
0.821958 0.0793036
0.833949 0.106052
0.821456 0.127295
0.832255 0.138966
0.822993 0.151891
0.829463 0.184118
0.816964 0.204811
0.827113 0.226753
0.817325 0.233561
0.822115 0.256037
0.827968 0.280971
0.821924 0.285745
0.83108 0.318979
0.816651 0.334261
0.830561 0.350017
0.816748 0.379269
0.816821 0.380574
0.821311 0.399898
0.823312 0.421199
0.818914 0.449086
0.833888 0.46379
0.818704 0.475143
0.819239 0.494095
0.828601 0.530192
0.823939 0.548967
0.827027 0.556381
0.819758 0.581591
0.83346 0.606891
0.819611 0.608951
0.826676 0.629
0.825373 0.652089
0.832427 0.678878
0.81931 0.684403
0.820412 0.702551
0.82299 0.738585
0.818232 0.757164
0.820497 0.771359
0.816418 0.785272
0.824915 0.806787
0.819123 0.822553
0.82873 0.836329
0.819018 0.859088
0.821415 0.878061
0.816572 0.898334
0.816988 0.913952
0.817255 0.936552
0.818879 0.954439
0.829432 0.986724
0.823441 1.00338
0.827055 1.01277
0.817478 1.03764
0.817806 1.05795
0.832737 1.06733
0.852686 -0.00581271
0.83992 0.0211417
0.847255 0.0500504
0.843931 0.0621202
0.840455 0.0892103
0.838892 0.103479
0.845955 0.121422
0.848048 0.140812
0.842583 0.162325
0.848466 0.188395
0.849757 0.207831
0.85208 0.215529
0.840332 0.233115
0.841958 0.253106
0.843686 0.27103
0.847987 0.296945
0.84335 0.31614
0.840666 0.334663
0.845461 0.352407
0.842036 0.37843
0.843262 0.383158
0.843013 0.409955
0.835834 0.433929
0.839473 0.437117
0.838916 0.466749
0.844894 0.487803
0.845229 0.512257
0.838069 0.513321
0.837339 0.53221
0.841496 0.558871
0.841776 0.580896
0.839974 0.60285
0.842999 0.625123
0.841222 0.631602
0.851924 0.662313
0.838883 0.678395
0.851696 0.694364
0.835353 0.712912
0.844378 0.729209
0.847987 0.752281
0.836015 0.772424
0.839473 0.78338
0.851009 0.816156
0.835474 0.821388
0.838897 0.838454
0.843379 0.86343
0.836655 0.877598
0.836848 0.903165
0.852135 0.912606
0.853236 0.93054
0.835749 0.960601
0.839049 0.977244
0.849005 1.00534
0.845756 1.02295
0.850337 1.02574
0.843963 1.05944
0.850142 1.0765
0.868404 0.0116886
0.872141 0.0199023
0.861277 0.05154
0.870673 0.066183
0.855312 0.0789514
0.863857 0.113681
0.858388 0.128666
0.864209 0.143517
0.868052 0.151973
0.861507 0.173925
0.864841 0.200022
0.871403 0.214298
0.86932 0.236793
0.857814 0.265389
0.861242 0.272788
0.864116 0.29008
0.86142 0.307014
0.859981 0.32374
0.861049 0.352977
0.869655 0.378521
0.855795 0.393781
0.863371 0.400331
0.856961 0.425584
0.858276 0.454975
0.859359 0.458934
0.86343 0.484542
0.857215 0.50854
0.861549 0.51504
0.858791 0.532609
0.87272 0.564659
0.859218 0.580706
0.856306 0.603602
0.859599 0.622696
0.856471 0.635121
0.85581 0.653005
0.868105 0.675302
0.854823 0.691244
0.863392 0.716144
0.867061 0.723655
0.859426 0.750114
0.870693 0.773278
0.860304 0.794466
0.869971 0.798904
0.863111 0.829988
0.865566 0.848201
0.864338 0.866557
0.860286 0.887356
0.860238 0.895726
0.869064 0.918628
0.856294 0.938565
0.865963 0.963012
0.857652 0.979858
0.858455 0.998627
0.871711 1.00976
0.8639 1.03153
0.860523 1.04883
0.85711 1.07382
0.875475 -0.00283731
0.888474 0.0216562
0.885647 0.0438856
0.887966 0.0744652
0.874468 0.0926544
0.882892 0.107507
0.8876 0.126957
0.887139 0.145408
0.888882 0.161504
0.878955 0.176001
0.883633 0.192938
0.873432 0.21202
0.890177 0.243788
0.885395 0.26526
0.888607 0.26957
0.877316 0.301614
0.882153 0.320595
0.889767 0.341655
0.880049 0.359087
0.877561 0.363772
0.878314 0.383485
0.876139 0.408847
0.876675 0.4185
0.883755 0.450148
0.883691 0.457807
0.89053 0.481185
0.876797 0.508591
0.874455 0.525409
0.877716 0.545217
0.873615 0.556528
0.883394 0.580486
0.878933 0.599048
0.884213 0.626057
0.874972 0.644759
0.873618 0.649126
0.88815 0.669942
0.880495 0.697933
0.883911 0.721126
0.885052 0.722101
0.884579 0.74456
0.877653 0.771938
0.888494 0.795438
0.874026 0.805763
0.87991 0.822535
0.876755 0.847835
0.885433 0.868557
0.880837 0.883748
0.881741 0.907559
0.888456 0.92696
0.882504 0.936521
0.881625 0.958401
0.881322 0.984848
0.886288 0.99295
0.874235 1.02385
0.876648 1.04276
0.876851 1.04637
0.880969 1.06564
0.89816 0.000854518
0.909604 0.0291147
0.902243 0.0439884
0.894549 0.0585881
0.89796 0.094337
0.897873 0.112639
0.906932 0.11431
0.894985 0.136252
0.894547 0.169849
0.896624 0.178952
0.893513 0.196667
0.892666 0.221931
0.898386 0.245165
0.893231 0.248586
0.904742 0.281165
0.89892 0.296795
0.898658 0.30546
0.895041 0.340603
0.900416 0.354993
0.895749 0.37141
0.908698 0.395089
0.900174 0.400464
0.894633 0.418122
0.89848 0.438451
0.906608 0.461418
0.898171 0.485461
0.909818 0.50148
0.896378 0.519293
0.897458 0.541581
0.905167 0.567343
0.900082 0.571215
0.909116 0.600543
0.893508 0.610219
0.905698 0.644673
0.894544 0.653221
0.900025 0.66472
0.910611 0.687826
0.907163 0.718131
0.901485 0.733043
0.900927 0.754607
0.906064 0.773095
0.907634 0.792409
0.896325 0.797617
0.898562 0.826455
0.900418 0.845424
0.909007 0.867407
0.905911 0.890805
0.901556 0.910333
0.89487 0.914493
0.89987 0.945902
0.908322 0.966338
0.90065 0.984094
0.893904 1.00324
0.89458 1.00955
0.902973 1.04202
0.896392 1.04888
0.905376 1.06632
0.917261 0.00740399
0.918821 0.0275365
0.921722 0.0425493
0.91171 0.0576189
0.914076 0.0864734
0.911832 0.102512
0.927549 0.128422
0.912978 0.139453
0.918332 0.156926
0.914396 0.185919
0.924707 0.197012
0.912957 0.214962
0.912707 0.235665
0.91757 0.259468
0.916229 0.270799
0.927549 0.291513
0.915858 0.308375
0.911838 0.328616
0.916807 0.35023
0.913472 0.377799
0.917157 0.383986
0.919178 0.409435
0.913633 0.426313
0.922359 0.454215
0.916898 0.460494
0.911413 0.480651
0.913667 0.503246
0.917154 0.525697
0.923856 0.550096
0.921042 0.553115
0.927152 0.580126
0.916699 0.597864
0.921497 0.623699
0.913227 0.642945
0.916003 0.663707
0.91479 0.669715
0.9214 0.684669
0.912249 0.716493
0.925646 0.7263
0.917386 0.744743
0.915202 0.77157
0.926908 0.790399
0.919989 0.814101
0.914792 0.816462
0.92144 0.838117
0.912041 0.862013
0.928593 0.884121
0.921511 0.908876
0.927812 0.929402
0.911893 0.934324
0.917612 0.964643
0.915524 0.979507
0.91699 0.994446
0.913412 1.01331
0.92718 1.0267
0.92644 1.05397
0.917603 1.06392
0.936827 0.00241096
0.931167 0.0238687
0.939726 0.0443434
0.932312 0.0648963
0.942717 0.084109
0.934575 0.110763
0.934984 0.131532
0.930198 0.14502
0.945219 0.152562
0.93796 0.174355
0.937198 0.197279
0.933073 0.222419
0.93259 0.235419
0.934768 0.253495
0.947203 0.266793
0.932164 0.292273
0.931333 0.321848
0.935669 0.328944
0.938757 0.350681
0.939238 0.372631
0.944035 0.386779
0.934965 0.401288
0.943541 0.43498
0.941048 0.444723
0.933438 0.459883
0.935175 0.488374
0.936711 0.511086
0.932951 0.516831
0.93347 0.537368
0.943222 0.563167
0.947772 0.578295
0.941465 0.606647
0.947999 0.612028
0.935448 0.626968
0.93289 0.650166
0.935824 0.677322
0.930914 0.701047
0.930697 0.714524
0.944304 0.734062
0.93607 0.758157
0.930318 0.760598
0.936378 0.795578
0.932669 0.805242
0.942747 0.823786
0.941677 0.845316
0.933775 0.863338
0.933805 0.878618
0.946348 0.902768
0.934492 0.928324
0.931759 0.932826
0.939604 0.95114
0.932643 0.974229
0.946532 0.995697
0.931226 1.00769
0.941749 1.02665
0.939816 1.04805
0.930789 1.07115
0.962798 0.0109561
0.95187 0.0293848
0.957835 0.0527154
0.95047 0.0635306
0.951432 0.0869418
0.959411 0.10189
0.957762 0.126225
0.952462 0.148061
0.949638 0.152029
0.952052 0.171409
0.950211 0.190852
0.959807 0.209021
0.960906 0.236885
0.955107 0.264401
0.951095 0.284477
0.949545 0.286799
0.959838 0.306803
0.967803 0.338816
0.965861 0.35144
0.951862 0.367028
0.951762 0.389145
0.961364 0.407514
0.967153 0.424498
0.953234 0.453413
0.956297 0.474013
0.95808 0.478061
0.959716 0.503128
0.957082 0.524411
0.953001 0.541948
0.951075 0.56022
0.964751 0.586657
0.958443 0.595546
0.967437 0.613727
0.959672 0.64023
0.94994 0.65506
0.962371 0.667714
0.950041 0.700644
0.955611 0.710253
0.949924 0.73599
0.962351 0.749762
0.952452 0.771538
0.963151 0.796086
0.952706 0.798611
0.951923 0.819073
0.960692 0.84579
0.950576 0.869925
0.960997 0.879696
0.94945 0.91085
0.968078 0.924345
0.949764 0.941356
0.949725 0.96223
0.951503 0.972107
0.96348 1.00396
0.956191 1.01951
0.960222 1.02995
0.964622 1.04819
0.956113 1.06826
0.981696 -0.00259413
0.979605 0.0205656
0.971435 0.0381176
0.972259 0.0664998
0.968107 0.076999
0.982879 0.0952483
0.975228 0.123667
0.974792 0.150578
0.977185 0.156912
0.968627 0.181738
0.975959 0.199175
0.973017 0.219299
0.976718 0.235623
0.98526 0.25135
0.971252 0.280892
0.976134 0.294393
0.981543 0.3184
0.968186 0.328401
0.969579 0.35843
0.969634 0.378124
0.97316 0.383388
0.973542 0.40069
0.970204 0.432766
0.981292 0.44612
0.975886 0.466421
0.968548 0.476697
0.969288 0.499016
0.980071 0.526627
0.978773 0.537303
0.969441 0.560748
0.971319 0.5884
0.980409 0.598772
0.970354 0.617577
0.980786 0.632027
0.972101 0.652884
0.971247 0.677805
0.970982 0.690889
0.975824 0.703681
0.97528 0.729636
0.969602 0.753713
0.973368 0.77274
0.97473 0.784867
0.970163 0.802066
0.98001 0.816889
0.968583 0.84154
0.983947 0.863948
0.97246 0.877569
0.970054 0.900624
0.971353 0.925879
0.983539 0.939585
0.969756 0.956358
0.976287 0.985198
0.971251 1.00529
0.981558 1.02312
0.973887 1.02581
0.969232 1.04641
0.980973 1.07389
1.00388 0.00438988
0.998901 0.0189825
1 0.0510269
1.00306 0.075879
0.998707 0.0915406
0.996892 0.107695
0.989074 0.124729
1.00121 0.144734
1.00421 0.163692
0.998718 0.171941
1.00107 0.203278
0.988617 0.213233
1.00602 0.23574
0.991283 0.256629
0.99942 0.280862
0.99476 0.299644
0.988922 0.318094
0.997953 0.338543
0.997162 0.346995
1.00184 0.376657
0.999908 0.380993
0.991913 0.417127
0.991676 0.418789
1.0042 0.44114
0.996063 0.472274
1.00231 0.476931
0.996857 0.504837
1.00547 0.523277
1.00143 0.537825
0.995392 0.556291
0.996551 0.583941
1.00426 0.604093
0.994842 0.612323
0.994604 0.627157
0.989837 0.652791
0.996803 0.672702
0.99527 0.68627
0.999268 0.714835
0.991349 0.72884
0.992705 0.744872
0.998749 0.775017
0.992437 0.795264
0.998338 0.814932
1.00108 0.821194
0.998474 0.839747
1.00104 0.864013
0.991638 0.890591
0.991436 0.899459
0.996612 0.917661
0.996422 0.935165
0.999054 0.954772
1.00514 0.984512
0.99196 1.00486
1.00487 1.00885
0.999671 1.04225
0.992643 1.04841
0.987094 1.06325
1.01597 0.0166575
1.00628 0.0280693
1.01704 0.0492975
1.0107 0.0716461
1.00904 0.079953
1.01457 0.109752
1.01134 0.119639
1.0069 0.151446
1.00734 0.159014
1.0114 0.174011
1.01216 0.193552
1.01948 0.213803
1.01052 0.233024
1.01809 0.263305
1.02072 0.284635
1.02277 0.296756
1.01438 0.319026
1.02363 0.334548
1.0206 0.351278
1.02502 0.368139
1.01382 0.392814
1.01702 0.41079
1.01823 0.418812
1.01131 0.449961
1.01051 0.45942
1.01859 0.486227
1.0146 0.505498
1.01446 0.527654
1.00931 0.535629
1.00711 0.561265
1.02169 0.579715
1.02379 0.602817
1.01026 0.615063
1.00914 0.632022
1.00833 0.649328
1.01559 0.669065
1.00696 0.696703
1.01517 0.703381
1.01074 0.733078
1.01335 0.748996
1.00659 0.775149
1.00995 0.784536
1.02026 0.811442
1.01181 0.827473
1.00999 0.840772
1.01273 0.870071
1.0195 0.885496
1.02448 0.898663
1.01018 0.912241
1.01088 0.939573
1.01373 0.955541
1.01141 0.975587
1.02227 0.994997
1.00847 1.01619
1.00776 1.04253
1.01789 1.04844
1.01158 1.06906
1.03215 -0.000474871
1.03281 0.0202917
1.02587 0.045766
1.03535 0.0724453
1.02926 0.079701
1.02532 0.0989221
1.03482 0.122042
1.02751 0.150887
1.02529 0.157083
1.03006 0.18903
1.03364 0.190213
1.03982 0.21982
1.0359 0.239078
1.04042 0.26493
1.0262 0.281959
1.03547 0.296344
1.03477 0.311124
1.02752 0.335409
1.03385 0.355436
1.03752 0.377845
1.0301 0.384531
1.03366 0.400222
1.02518 0.419622
1.02749 0.4529
1.02638 0.467427
1.03301 0.480643
1.02764 0.511134
1.03028 0.516908
1.02551 0.539229
1.03806 0.560351
1.0284 0.570635
1.02845 0.591745
1.04291 0.608449
1.03203 0.628631
1.02548 0.664187
1.03552 0.67377
1.02831 0.686382
1.04141 0.703423
1.03057 0.724627
1.04103 0.744802
1.03878 0.763781
1.03198 0.796484
1.04245 0.805193
1.04385 0.826118
1.02656 0.837992
1.03168 0.868539
1.03144 0.879092
1.03835 0.907063
1.03144 0.923693
1.042 0.947431
1.03277 0.955951
1.03302 0.975524
1.03007 0.991847
1.03476 1.02162
1.04324 1.03894
1.02777 1.04988
1.02559 1.07892
1.0552 0.00918641
1.04416 0.0361281
1.04537 0.0555731
1.05133 0.0587314
1.06028 0.0858633
1.05015 0.10494
1.05662 0.131106
1.0602 0.137864
1.0522 0.166894
1.06098 0.187231
1.0463 0.201443
1.05664 0.222833
1.04933 0.239415
1.04826 0.263834
1.04813 0.266546
1.04733 0.298453
1.05067 0.307932
1.04816 0.331504
1.04459 0.357244
1.04494 0.36231
1.05206 0.395288
1.04633 0.417181
1.05639 0.421103
1.04551 0.449988
1.06074 0.458903
1.04507 0.485331
1.04481 0.509758
1.04902 0.517854
1.06083 0.532788
1.05738 0.55699
1.04782 0.58303
1.04484 0.593856
1.04485 0.610321
1.0495 0.633995
1.04956 0.651294
1.05253 0.668809
1.05651 0.685012
1.04642 0.704503
1.06122 0.725416
1.04517 0.753209
1.04845 0.769686
1.05113 0.795516
1.04824 0.805612
1.04411 0.819801
1.0467 0.84989
1.04517 0.865035
1.04946 0.888712
1.0472 0.892626
1.04442 0.926863
1.05841 0.942139
1.05724 0.963921
1.05323 0.976124
1.04928 0.993306
1.05567 1.01496
1.05423 1.04379
1.05833 1.0445
1.05252 1.06692
1.0681 0.00698826
1.06335 0.0328136
1.07161 0.0445379
1.06471 0.0648627
1.06493 0.0785912
1.06714 0.0974772
1.06847 0.130053
1.06337 0.147449
1.0643 0.167588
1.06668 0.177212
1.06485 0.210002
1.06741 0.241502
1.06355 0.264323
1.07769 0.282645
1.06413 0.294953
1.06794 0.321406
1.06378 0.329055
1.07462 0.349985
1.07161 0.364022
1.08039 0.387003
1.08089 0.402324
1.08098 0.432465
1.06878 0.438827
1.07332 0.459966
1.06314 0.489735
1.0671 0.511334
1.08088 0.528928
1.06535 0.534825
1.07116 0.566963
1.07176 0.57202
1.06573 0.602349
1.08164 0.615417
1.0684 0.64348
1.07932 0.65719
1.07321 0.681696
1.07999 0.688974
1.06344 0.703501
1.06328 0.73083
1.06307 0.756262
1.06475 0.759652
1.0723 0.77996
1.06382 0.800196
1.066 0.822032
1.06904 0.841264
1.06652 0.867991
1.06528 0.875126
1.06692 0.909155
1.0758 0.912176
1.07026 0.945631
1.06789 0.953842
1.07286 0.980046
1.07882 0.988375
1.06826 1.01258
1.06861 1.03796
1.08118 1.06003
