976
0.000671407 0.00747703
0.00720237 0.0397961
0.00256355 0.0699179
0.017243 0.132878
0.000854518 0.164556
0.0143742 0.188055
0.00625629 0.224433
0.00274667 0.269631
0.00302133 0.321268
0.00805689 0.352184
0.00476089 0.384106
0.00262459 0.429182
0.00622578 0.478072
0.0110172 0.514206
0.00534074 0.563646
0.000640889 0.604755
0.0178533 0.631184
0.00601215 0.655995
0.00622578 0.683401
0.0111393 0.711539
0.00863674 0.741172
0.00936918 0.779595
0.0106815 0.81225
0.00201422 0.839991
0.017304 0.875851
0.00109867 0.92938
0.00021363 0.959166
0.00634785 0.998962
0.0265206 6.1037e-05
0.0216681 0.10242
0.0373241 0.167791
0.0299081 0.237739
0.0237434 0.286416
0.0372021 0.371899
0.0339976 0.41319
0.0269478 0.44496
0.0343638 0.479415
0.0319224 0.585314
0.0341502 0.66509
0.0359508 0.768426
0.032075 0.795099
0.0378429 0.851772
0.027192 0.969481
0.0457167 0.0351878
0.0426954 0.067568
0.0568865 0.0927763
0.0434889 0.139592
0.0383618 0.207831
0.040376 0.505631
0.0393078 0.535295
0.0518204 0.641835
0.0399487 0.711875
0.0487686 0.74337
0.0404675 0.821558
0.0418104 0.887173
0.0492264 0.920591
0.0437635 0.948088
0.0414747 0.996674
0.0739769 0.00170904
0.0718101 0.0611591
0.0672323 0.121281
0.0636006 0.158696
0.0574053 0.186895
0.0616779 0.22425
0.0623493 0.264412
0.0603656 0.304849
0.0636311 0.397382
0.0574664 0.431745
0.065096 0.458235
0.0625324 0.490371
0.0633869 0.562029
0.059328 0.614521
0.0743736 0.689474
0.0669271 0.722159
0.0640889 0.771996
0.0672933 0.799371
0.0693075 0.827204
0.0721763 0.867458
0.0710776 0.903836
0.0714133 0.953703
0.0814539 0.0310068
0.0854213 0.197028
0.0781579 0.325114
0.0875271 0.350414
0.0872524 0.381664
0.0861232 0.430494
0.0768761 0.52205
0.0944853 0.556383
0.0939665 0.583544
0.0802026 0.635639
0.0918912 0.660054
0.0788903 0.747093
0.093997 0.971831
0.0802026 0.999939
0.11127 0.0159001
0.106937 0.0630207
0.0976897 0.0893887
0.0997345 0.118381
0.102237 0.149083
0.11124 0.175024
0.101505 0.219092
0.095584 0.246437
0.0957976 0.288064
0.104801 0.314005
0.112217 0.362987
0.107578 0.406537
0.101779 0.456008
0.0962859 0.487594
0.104251 0.521104
0.102329 0.617664
0.0994293 0.710929
0.104892 0.768212
0.107761 0.795312
0.111484 0.82638
0.104434 0.870327
0.098117 0.913572
0.0958892 0.941893
0.129368 0.0359813
0.132084 0.0738548
0.124699 0.108463
0.132756 0.153325
0.120945 0.256966
0.132511 0.341746
0.127964 0.508194
0.122074 0.554216
0.115909 0.677206
0.132603 0.700735
0.114628 0.734123
0.131626 0.808374
0.130863 0.84814
0.126102 0.912381
0.12421 0.964721
0.141606 0.0101627
0.139012 0.187292
0.149968 0.306009
0.145665 0.368023
0.134983 0.400433
0.135899 0.429304
0.14008 0.484024
0.14362 0.532243
0.135838 0.59386
0.136113 0.631855
0.140263 0.661183
0.147435 0.733848
0.135136 0.765862
0.142308 0.87524
0.141423 0.937132
0.150975 0.971496
0.135136 0.995727
0.168828 0.00283822
0.170568 0.0383923
0.160344 0.0636311
0.158452 0.0906095
0.154179 0.121097
0.163213 0.171911
0.15833 0.23133
0.153386 0.264199
0.167241 0.41554
0.163701 0.455123
0.163244 0.499008
0.161962 0.584124
0.160039 0.615131
0.17011 0.643513
0.169164 0.679464
0.170721 0.714133
0.153508 0.789087
0.156774 0.818262
0.170568 0.852657
0.169774 0.918668
0.166478 0.997528
0.182073 0.142766
0.183172 0.245643
0.179113 0.272774
0.183477 0.299387
0.173894 0.327952
0.179052 0.389935
0.185278 0.47908
0.188879 0.525498
0.171087 0.550249
0.18659 0.600513
0.181097 0.748253
0.183111 0.777734
0.183142 0.880032
0.186377 0.966796
0.195959 0.00463881
0.192755 0.0666219
0.191076 0.0972015
0.20774 0.121311
0.207343 0.155492
0.194128 0.181463
0.194617 0.21424
0.204352 0.3202
0.192389 0.351787
0.196936 0.421613
0.196722 0.449354
0.206183 0.548479
0.191839 0.572161
0.198584 0.62801
0.196631 0.65627
0.195471 0.700888
0.201636 0.727256
0.190161 0.809168
0.198828 0.840937
0.208228 0.905972
0.206305 0.945799
0.195105 0.994659
0.213111 0.0355235
0.218635 0.0936918
0.219001 0.19303
0.219581 0.224464
0.211188 0.26722
0.211219 0.376141
0.224219 0.410108
0.21427 0.487503
0.220801 0.514695
0.217231 0.584643
0.214393 0.677602
0.223975 0.708914
0.210486 0.784448
0.21839 0.814844
0.217383 0.863247
0.214728 0.975799
0.231483 0.00482192
0.236885 0.130253
0.236122 0.161809
0.243599 0.20838
0.239051 0.25074
0.238472 0.290719
0.23188 0.326304
0.242531 0.35313
0.240394 0.385693
0.231697 0.436537
0.235511 0.464797
0.240913 0.496719
0.234169 0.561815
0.231117 0.624653
0.242775 0.660634
0.243202 0.688162
0.241737 0.734001
0.241493 0.781518
0.232856 0.839228
0.234504 0.89639
0.237922 0.925199
0.242805 0.954588
0.259316 0.00234993
0.248695 0.029725
0.251534 0.0631123
0.265511 0.168676
0.264077 0.233985
0.263405 0.279061
0.256417 0.311838
0.25544 0.408093
0.258187 0.44908
0.262368 0.543931
0.254128 0.582324
0.252297 0.810938
0.264504 0.844234
0.25135 0.868709
0.263192 0.902371
0.250008 0.99002
0.277016 0.0241096
0.27662 0.051088
0.277963 0.0813623
0.268502 0.111759
0.271737 0.140172
0.282601 0.25956
0.274667 0.335673
0.277566 0.362804
0.280679 0.392376
0.270547 0.491653
0.282083 0.517563
0.272774 0.608264
0.279672 0.634358
0.270241 0.67275
0.267373 0.720298
0.269448 0.758507
0.282846 0.821619
0.277841 0.877987
0.27311 0.937254
0.273873 0.971923
0.295572 0.00167852
0.302255 0.0608844
0.299203 0.16715
0.289346 0.192572
0.301462 0.2172
0.294778 0.313059
0.290445 0.431349
0.286691 0.468978
0.303079 0.497452
0.295633 0.542711
0.303598 0.582598
0.303659 0.613819
0.28605 0.694876
0.295755 0.724113
0.303201 0.752098
0.287728 0.782342
0.290292 0.853969
0.289926 0.904965
0.296152 0.997559
0.312937 0.029664
0.312723 0.102359
0.307596 0.128971
0.30549 0.285195
0.306345 0.343211
0.322611 0.367016
0.313547 0.399518
0.318369 0.436872
0.318888 0.55736
0.321116 0.640584
0.317057 0.674337
0.316538 0.785913
0.31254 0.821467
0.307413 0.882351
0.312723 0.938627
0.317179 0.968657
0.329508 0.0021363
0.338389 0.0493789
0.333506 0.0782189
0.33021 0.143712
0.32963 0.181982
0.326365 0.229987
0.324015 0.258522
0.330943 0.30546
0.338755 0.344646
0.340342 0.409772
0.323832 0.467452
0.331187 0.503342
0.329691 0.530625
0.338847 0.583392
0.340373 0.613269
0.326365 0.704001
0.332286 0.733085
0.339213 0.866207
0.34019 0.897397
0.340922 0.934843
0.327982 0.995666
0.356243 0.0201117
0.343364 0.205359
0.359172 0.244209
0.352275 0.37315
0.346232 0.440199
0.348155 0.481521
0.357707 0.519333
0.357799 0.55623
0.354656 0.647664
0.34434 0.674337
0.347942 0.764153
0.34547 0.791345
0.34199 0.830714
0.35786 0.98648
0.378063 0.0365612
0.36729 0.075808
0.363872 0.134281
0.360668 0.178442
0.367321 0.217475
0.369823 0.271432
0.368175 0.300699
0.371349 0.408063
0.376232 0.437025
0.367351 0.462661
0.372967 0.496048
0.367992 0.585955
0.367382 0.688223
0.364025 0.7416
0.378826 0.794885
0.379101 0.824793
0.372936 0.854488
0.365581 0.885525
0.363872 0.912717
0.368389 0.948454
0.380261 0.000885037
0.3961 0.0783105
0.386273 0.107456
0.394147 0.13596
0.391675 0.166723
0.384686 0.194891
0.385083 0.325663
0.382946 0.373943
0.393628 0.472396
0.384686 0.522385
0.393689 0.54973
0.392346 0.628681
0.381054 0.654805
0.398602 0.676839
0.386975 0.767327
0.398358 0.891568
0.390454 0.922788
0.386578 0.971587
0.409742 0.00320444
0.408002 0.0353404
0.416608 0.155065
0.416303 0.211829
0.404797 0.240242
0.404614 0.271065
0.408765 0.300027
0.401807 0.353282
0.411634 0.38084
0.401746 0.409619
0.40791 0.441084
0.41084 0.591723
0.408673 0.651936
0.405896 0.706839
0.400769 0.735771
0.407758 0.862545
0.416425 0.9494
0.433699 0.0433058
0.422956 0.10358
0.418195 0.18363
0.435835 0.292306
0.426954 0.327799
0.431379 0.354595
0.423475 0.463301
0.417981 0.503677
0.420972 0.532029
0.423444 0.61565
0.434187 0.642781
0.425703 0.675619
0.420148 0.775201
0.425092 0.811731
0.424024 0.840693
0.421339 0.912992
0.424879 0.982116
0.442061 0.0085757
0.437849 0.0732444
0.450453 0.105258
0.439192 0.13599
0.442549 0.170843
0.439589 0.235694
0.453108 0.262001
0.452651 0.313761
0.439222 0.382916
0.438704 0.422376
0.446364 0.491134
0.449141 0.526536
0.438673 0.576037
0.45024 0.620777
0.452193 0.687277
0.453658 0.756493
0.447829 0.789117
0.43852 0.869503
0.445173 0.895871
0.447493 0.958403
0.471755 0.0037843
0.471999 0.0648518
0.471175 0.122837
0.463118 0.149022
0.460524 0.204871
0.466933 0.236518
0.463149 0.343303
0.468368 0.376476
0.461623 0.402722
0.455611 0.458968
0.468947 0.572954
0.457106 0.659291
0.465377 0.727042
0.46794 0.84405
0.456893 0.923429
0.457045 0.991668
0.476516 0.0344249
0.49205 0.0962249
0.484054 0.170598
0.490188 0.211127
0.491256 0.252693
0.475845 0.292001
0.48851 0.322886
0.490799 0.405225
0.474776 0.434706
0.474654 0.481887
0.478469 0.52797
0.48851 0.554277
0.489059 0.637501
0.482223 0.69921
0.486801 0.754326
0.492752 0.781091
0.482376 0.808039
0.4803 0.871761
0.481826 0.900845
0.482925 0.949644
0.489303 0.977447
0.503159 0.00262459
0.500839 0.0470901
0.501328 0.12186
0.505173 0.151677
0.511673 0.184637
0.507736 0.280648
0.501846 0.34785
0.503433 0.374981
0.510086 0.435774
0.500351 0.462142
0.499496 0.508316
0.494491 0.585253
0.49852 0.612201
0.493576 0.727165
0.506882 0.825007
0.506272 0.889676
0.510605 0.949705
0.528672 0.0440077
0.523484 0.101505
0.526109 0.232154
0.529557 0.263283
0.517899 0.324931
0.522355 0.409711
0.524766 0.478957
0.526841 0.548997
0.520768 0.575854
0.528916 0.605304
0.521805 0.632282
0.517441 0.710715
0.51442 0.750603
0.526841 0.780389
0.517899 0.850246
0.51558 0.915189
0.523911 0.997223
0.531571 0.0141911
0.536119 0.0711386
0.543016 0.127232
0.532975 0.160863
0.533097 0.299814
0.532365 0.358501
0.536393 0.453963
0.541063 0.509171
0.531754 0.675771
0.548051 0.701102
0.54976 0.763237
0.537522 0.808618
0.532823 0.880734
0.545 0.939573
0.534562 0.968474
0.558794 0.00201422
0.558 0.0418104
0.55324 0.0952483
0.560015 0.157079
0.561876 0.186834
0.554216 0.213569
0.560289 0.245277
0.559862 0.301981
0.557695 0.368999
0.555834 0.397259
0.559069 0.428571
0.558183 0.479843
0.564653 0.550645
0.551561 0.588031
0.552354 0.624165
0.55913 0.671224
0.554949 0.734855
0.565233 0.791131
0.560228 0.826136
0.558855 0.857173
0.559679 0.912198
0.563524 0.963683
0.552812 0.998047
0.585162 0.0322275
0.584277 0.105777
0.574969 0.132115
0.570818 0.277139
0.571184 0.330973
0.583453 0.355449
0.58388 0.382336
0.58385 0.453505
0.585192 0.488815
0.583697 0.531297
0.578387 0.584826
0.579058 0.612201
0.573656 0.645009
0.586962 0.674795
0.587176 0.709708
0.583087 0.744835
0.588153 0.806391
0.575457 0.878994
0.573839 0.937712
0.601428 0.00219733
0.58861 0.0626545
0.58861 0.157537
0.595813 0.209113
0.588519 0.256111
0.600909 0.280129
0.588946 0.304453
0.594775 0.412061
0.591906 0.560472
0.601123 0.651845
0.594195 0.773431
0.592151 0.833247
0.595691 0.901761
0.601886 0.928404
0.600055 0.956938
0.590442 0.998291
0.612293 0.0325327
0.612842 0.105502
0.61034 0.138432
0.611774 0.177587
0.625172 0.209418
0.611744 0.238197
0.61977 0.307718
0.614978 0.359478
0.618946 0.431837
0.60918 0.46852
0.617603 0.494217
0.613392 0.535142
0.611866 0.589129
0.609272 0.619587
0.60918 0.691671
0.613453 0.741386
0.614856 0.799616
0.625935 0.836482
0.609302 0.85931
0.62624 0.884732
0.620289 0.993652
0.642231 0.0077517
0.632038 0.0601825
0.637715 0.0872524
0.637959 0.126255
0.633503 0.153661
0.638386 0.242195
0.629841 0.268624
0.633717 0.338481
0.631855 0.404523
0.635639 0.458022
0.640828 0.524583
0.64275 0.563738
0.639759 0.602496
0.632618 0.650349
0.62743 0.766747
0.642048 0.809534
0.641835 0.910001
0.638661 0.936918
0.628193 0.967742
0.659566 0.105228
0.66155 0.147008
0.645405 0.178472
0.657338 0.266732
0.653462 0.310465
0.651723 0.367351
0.663472 0.395886
0.649495 0.432203
0.663442 0.459792
0.649068 0.486221
0.653737 0.629719
0.660115 0.666829
0.654195 0.705679
0.645985 0.742302
0.655782 0.768853
0.663076 0.847041
0.662221 0.874233
0.660207 0.955779
0.659352 0.986908
0.671834 0.0477309
0.665548 0.0766625
0.678457 0.125126
0.677084 0.178808
0.677938 0.213935
0.674551 0.245918
0.667806 0.345592
0.677084 0.430982
0.677877 0.49263
0.668081 0.525101
0.673116 0.551988
0.668935 0.589251
0.678823 0.688437
0.682974 0.735099
0.667806 0.818354
0.670766 0.904263
0.682913 0.941252
0.690573 0.0277718
0.701926 0.0645466
0.692892 0.0926542
0.696554 0.15894
0.699271 0.230567
0.693258 0.265297
0.683859 0.294229
0.698141 0.336131
0.683676 0.374462
0.692373 0.408307
0.695639 0.527604
0.70101 0.590136
0.695242 0.617634
0.693472 0.655293
0.696982 0.759636
0.691 0.787286
0.701712 0.846065
0.692557 0.875607
0.7022 0.921812
0.686727 0.996704
0.705313 0.000457778
0.706259 0.121128
0.705039 0.186377
0.711692 0.286477
0.720054 0.312418
0.717734 0.419752
0.710593 0.49144
0.703116 0.560045
0.706412 0.688345
0.720145 0.741142
0.705435 0.813196
0.711631 0.89526
0.704428 0.966308
0.717215 0.991974
0.723777 0.0415967
0.722739 0.0851772
0.734581 0.134251
0.733665 0.195929
0.730674 0.224036
0.730094 0.255531
0.727165 0.356578
0.734062 0.383496
0.723197 0.453047
0.728965 0.592486
0.735466 0.620991
0.723502 0.657948
0.731315 0.715201
0.722678 0.771844
0.726005 0.833705
0.726341 0.861049
0.739006 0.886776
0.724815 0.937223
0.734397 0.964782
0.757714 0.0204474
0.749687 0.0501419
0.741935 0.104251
0.745384 0.167333
0.755089 0.212745
0.756432 0.249489
0.753014 0.283456
0.742973 0.409375
0.7463 0.437544
0.740959 0.475631
0.753258 0.511612
0.752464 0.540818
0.753563 0.648823
0.758995 0.70983
0.756401 0.820276
0.745964 0.917051
0.754265 0.9447
0.746178 0.995636
0.765831 0.0807215
0.774407 0.111545
0.761528 0.141911
0.774895 0.314524
0.772637 0.345317
0.760796 0.388653
0.766778 0.46202
0.775536 0.488144
0.76397 0.580218
0.761406 0.613392
0.759514 0.676748
0.764794 0.739494
0.762871 0.787377
0.759362 0.855739
0.762841 0.973968
0.789087 0.00503555
0.786035 0.0367443
0.793878 0.0755028
0.792413 0.132786
0.781121 0.162297
0.781091 0.197974
0.781365 0.231269
0.796777 0.258522
0.781213 0.286325
0.786615 0.373943
0.790277 0.401196
0.784936 0.438093
0.780572 0.517289
0.785577 0.560106
0.790277 0.60387
0.795526 0.67275
0.786554 0.702078
0.780602 0.762352
0.796106 0.795434
0.785974 0.823328
0.790124 0.868892
0.778832 0.893673
0.786431 0.919431
0.790612 0.954283
0.787469 0.985382
0.812952 0.0227363
0.812677 0.100253
0.807611 0.156011
0.811701 0.234046
0.807733 0.326151
0.814875 0.354137
0.814875 0.381909
0.807245 0.422193
0.815363 0.468764
0.808283 0.501206
0.802393 0.633106
0.805109 0.730735
0.81576 0.855281
0.809931 0.891873
0.815516 0.931333
0.813623 0.997314
0.834468 0.00399792
0.816401 0.0555132
0.823603 0.131993
0.829218 0.176916
0.816431 0.201514
0.825861 0.269692
0.822291 0.300546
0.830866 0.441084
0.820338 0.569658
0.82281 0.600726
0.829554 0.644246
0.818049 0.693167
0.832575 0.718619
0.823023 0.767296
0.825404 0.797845
0.817591 0.826136
0.825251 0.968474
0.839442 0.034608
0.840144 0.0737022
0.849239 0.115543
0.844661 0.148961
0.843349 0.2125
0.840937 0.242378
0.850093 0.293008
0.836055 0.333689
0.840602 0.369488
0.843928 0.411512
0.845241 0.469008
0.835261 0.495193
0.836421 0.535844
0.852962 0.592395
0.848811 0.665792
0.845943 0.693625
0.851161 0.751549
0.849452 0.779504
0.85049 0.817408
0.84167 0.843898
0.836695 0.879666
0.835932 0.910855
0.841273 0.944822
0.845302 0.995972
0.868007 0.00344859
0.864315 0.0548418
0.860012 0.173193
0.863796 0.316324
0.869472 0.351329
0.87167 0.387249
0.863552 0.44731
0.864925 0.508072
0.860042 0.552599
0.867275 0.642811
0.869808 0.718558
0.862972 0.914609
0.863887 0.970153
0.888699 0.0283517
0.875912 0.100528
0.879605 0.143803
0.891324 0.171697
0.876431 0.201758
0.876522 0.230842
0.886624 0.256661
0.877071 0.292428
0.891537 0.329814
0.877499 0.415143
0.875027 0.474776
0.883084 0.529923
0.877407 0.577807
0.881405 0.609638
0.884457 0.689077
0.881344 0.812738
0.876705 0.872036
0.888577 0.898099
0.887509 0.956328
0.881283 0.998474
0.896908 0.00152593
0.911069 0.0709555
0.910306 0.102756
0.906186 0.136998
0.903439 0.204688
0.9035 0.234474
0.90408 0.278787
0.899808 0.387463
0.893185 0.452956
0.90698 0.482711
0.909391 0.51088
0.90643 0.557543
0.908994 0.585833
0.900754 0.666372
0.907346 0.731193
0.893887 0.75576
0.895993 0.788171
0.892972 0.843471
0.899625 0.930357
0.921812 0.0218513
0.918241 0.332713
0.915525 0.364818
0.918973 0.408093
0.929685 0.458876
0.923093 0.636097
0.911344 0.692801
0.925871 0.752342
0.927152 0.782952
0.918821 0.809351
0.920682 0.842982
0.915799 0.869625
0.916898 0.906308
0.919095 0.953887
0.915647 0.998016
0.937895 9.15555e-05
0.946898 0.0334178
0.934263 0.0573748
0.940123 0.09064
0.938231 0.129795
0.941984 0.159673
0.932768 0.192938
0.936949 0.224647
0.940184 0.262246
0.934263 0.291726
0.944609 0.392499
0.933592 0.489425
0.932615 0.546129
0.941191 0.580645
0.930174 0.605426
0.944334 0.667776
0.933866 0.70925
0.94644 0.733818
0.947844 0.828364
0.939451 0.890469
0.931913 0.929716
0.942869 0.973754
0.966155 0.0597247
0.960662 0.114017
0.965056 0.142674
0.962981 0.176794
0.963897 0.211768
0.963805 0.298868
0.952727 0.33253
0.953459 0.363414
0.962706 0.423872
0.956664 0.456282
0.959777 0.495926
0.949767 0.523057
0.960601 0.559282
0.965148 0.594073
0.953307 0.620472
0.960387 0.693045
0.954436 0.777734
0.963744 0.805139
0.961516 0.86166
0.959502 0.915952
0.96408 0.948027
0.967193 0.989227
0.968596 0.000824
0.984313 0.0227058
0.972777 0.0858791
0.976409 0.244514
0.981201 0.342326
0.974975 0.396771
0.978362 0.472365
0.98468 0.529008
0.97174 0.650777
0.970519 0.720359
0.970244 0.75576
0.996124 0.0596637
0.998352 0.101749
0.995727 0.134526
0.989837 0.161901
0.989441 0.192785
0.997467 0.22306
0.993286 0.27955
0.996887 0.311594
0.994201 0.37788
0.994232 0.423597
1 0.452193
0.998932 0.500351
0.99527 0.579943
0.997986 0.610645
0.993438 0.667989
0.996216 0.709433
0.99527 0.737876
0.99765 0.764733
0.995209 0.803827
0.99176 0.860897
0.992431 0.891507
0.998199 0.920133
0.993622 0.95526
0.994415 0.982269
