3215
0.0069277 0.00103763
0.0150456 0.0296945
0.010445 0.0479054
0.00106815 0.0641804
0.0163884 0.0876797
0.017249 0.0973963
0.0107425 0.121982
0.00500504 0.149541
0.0137832 0.169033
0.00271615 0.187323
0.0125143 0.193465
-0.00217281 0.213031
0.00216681 0.238838
0.0139141 0.253904
0.000549333 0.267556
0.00799585 0.29545
0.0158486 0.313029
0.00927763 0.331126
0.0131538 0.349293
0.00537126 0.366161
0.0136095 0.384696
0.0026851 0.402968
0.000854518 0.424177
0.0149954 0.442882
0.00170904 0.462203
0.00103763 0.489486
0.0163683 0.49885
0.0151067 0.51677
0.000824 0.53972
-0.000635331 0.55247
0.00653096 0.570086
0.0044557 0.606464
0.0101258 0.625844
0.0187689 0.644093
0.0137916 0.658298
0.00317392 0.668966
0.00674459 0.701224
0.00956804 0.720248
0.0072634 0.739341
-0.00770965 0.741451
0.00180074 0.773468
0.0151477 0.79184
0.00790429 0.799402
0.00369274 0.828913
-0.0186158 0.878057
0.000274667 0.903989
0.00952443 0.922311
0.00161748 0.941252
0.00303978 0.963069
0.000152593 0.984741
-0.00940096 1.00074
-0.012843 1.04584
