996
0.0124516 0.000640889
0.00408948 0.0421766
0.00256355 0.0744041
0.0119022 0.109714
0.0121158 0.149968
0.00457778 0.178594
0.00460829 0.238319
0.0172735 0.269967
0.0100101 0.311045
0.00137333 0.348155
0.0180975 0.373608
0.013184 0.400739
0.00289926 0.432142
0.000457778 0.458937
0.0150151 0.494491
0.004944 0.527482
0.00152593 0.556719
0.00469985 0.59566
0.00274667 0.625843
0.0127873 0.686514
0.0120243 0.719321
0.00112918 0.760277
0.0103763 0.793573
0.00463881 0.828944
0.0109561 0.857692
0.00268563 0.912137
0.00155644 0.94998
0.00396741 0.998383
0.0328074 0.0349437
0.037141 0.0677816
0.0307321 0.129124
0.0317392 0.176916
0.0294809 0.220374
0.0341197 0.293954
0.0286874 0.341227
0.0306406 0.431257
0.0336924 0.469802
0.0254524 0.570025
0.0366527 0.603626
0.0312204 0.631703
0.019715 0.657918
0.0289315 0.773034
0.0196844 0.887875
0.0268868 0.925993
0.0367443 0.964995
0.0342723 0.993652
0.0546587 0.00338755
0.038789 0.10062
0.0454115 0.152348
0.0532853 0.198096
0.046144 0.253059
0.0489212 0.319346
0.0467238 0.37199
0.0397046 0.405408
0.0471511 0.497665
0.0400708 0.524033
0.0472121 0.551714
0.0509964 0.665334
0.0415052 0.691488
0.0445265 0.723533
0.0466628 0.750572
0.0397351 0.803735
0.0448012 0.855892
0.0416883 0.90347
0.0533769 0.932157
0.0587786 0.0469069
0.0667745 0.0805078
0.0648213 0.119297
0.0590533 0.280313
0.0724204 0.356426
0.0650349 0.393719
0.0584124 0.430403
0.0606403 0.458785
0.0721152 0.537492
0.0578326 0.582232
0.0639973 0.62154
0.0748314 0.752617
0.0583819 0.77929
0.0714438 0.816431
0.0610675 0.879391
0.0648213 0.963469
0.0719626 0.997436
0.081637 0.00720237
0.0874355 0.0374767
0.0777001 0.149022
0.0836512 0.218299
0.0788903 0.249031
0.0884426 0.289834
0.0830714 0.316477
0.0929289 0.375591
0.089877 0.410779
0.0929899 0.442366
0.080752 0.484207
0.0847804 0.51207
0.0909452 0.556993
0.0876797 0.606159
0.0904874 0.635853
0.0768151 0.701712
0.0936308 0.733421
0.0847499 0.843135
0.0921049 0.889798
0.0843226 0.932401
0.0912198 0.972228
0.106601 0.0568865
0.0971099 0.0975677
0.110935 0.122684
0.10358 0.17774
0.108158 0.234535
0.110935 0.349834
0.10947 0.478317
0.105472 0.532945
0.104678 0.581286
0.11301 0.618427
0.0981475 0.668355
0.104404 0.703146
0.101138 0.767663
0.103946 0.796991
0.111759 0.867336
0.109669 1.0791
0.114231 0.0241096
0.119388 0.0825526
0.116459 0.205969
0.114231 0.273721
0.119846 0.311533
0.129429 0.375072
0.125095 0.414045
0.125004 0.441786
0.115238 0.507614
0.128666 0.675832
0.131901 0.721366
0.127537 0.780877
0.119053 0.832179
0.13242 0.908872
0.116306 0.934873
0.119724 0.989715
0.149236 0.00219733
0.133671 0.0435804
0.149846 0.121464
0.136601 0.145146
0.133824 0.183081
0.133061 0.25132
0.146275 0.277047
0.14713 0.308969
0.149998 0.341441
0.150243 0.394024
0.13712 0.47673
0.142827 0.529435
0.141942 0.56035
0.133854 0.587146
0.134587 0.64153
0.141758 0.750297
0.143956 0.808039
0.144353 0.851558
0.139073 0.881771
0.149663 0.93289
0.137333 0.967589
0.149236 0.998321
0.160497 0.0265816
0.160741 0.0572222
0.153813 0.0851772
0.167791 0.144414
0.166417 0.213416
0.170019 0.246132
0.165441 0.363567
0.158574 0.421247
0.154241 0.455336
0.16364 0.498917
0.159642 0.615009
0.159123 0.6704
0.163152 0.70925
0.158177 0.771722
0.169042 0.866085
0.168981 0.897153
0.164403 0.969634
0.183019 0.00540178
0.185461 0.038667
0.189367 0.0684835
0.185125 0.118931
0.171087 0.174932
0.184667 0.293649
0.177068 0.328684
0.177221 0.392071
0.179907 0.472213
0.189611 0.507462
0.172155 0.530534
0.179937 0.558489
0.174078 0.589251
0.185308 0.632313
0.187201 0.659322
0.180578 0.686636
0.189581 0.715293
0.178899 0.740074
0.185095 0.780938
0.171728 0.83169
0.177587 0.936338
0.198889 0.0941801
0.202795 0.149541
0.203894 0.177496
0.20603 0.204657
0.195013 0.231056
0.205695 0.258736
0.206671 0.312204
0.200385 0.343303
0.205237 0.434675
0.207892 0.586566
0.197241 0.807764
0.208686 0.841609
0.196448 0.880276
0.201758 0.91525
0.1919 0.962462
0.196997 0.99704
0.209967 0.00558489
0.215461 0.0488601
0.212256 0.118839
0.21189 0.285684
0.216498 0.368694
0.219672 0.405377
0.209906 0.482345
0.221442 0.51735
0.219672 0.561083
0.2107 0.617023
0.212195 0.646352
0.210364 0.687124
0.217719 0.72982
0.210669 0.75631
0.21659 0.782769
0.224799 0.865261
0.22776 0.905911
0.218268 0.945647
0.237068 0.0275887
0.228736 0.0975677
0.24427 0.13599
0.229438 0.161199
0.241493 0.20896
0.242225 0.237312
0.233894 0.263894
0.239265 0.303293
0.237098 0.344737
0.246559 0.405499
0.232704 0.43849
0.237403 0.62035
0.236427 0.662923
0.232459 0.705313
0.242073 0.759697
0.234443 0.808252
0.246712 0.955077
0.229682 0.998993
0.260445 0.00878933
0.247353 0.0525224
0.256935 0.0824915
0.252235 0.175634
0.262123 0.277139
0.265267 0.348613
0.247719 0.37553
0.264565 0.427931
0.254799 0.455428
0.250832 0.488388
0.250465 0.518906
0.255715 0.545579
0.248909 0.583056
0.252998 0.684713
0.249519 0.730369
0.25782 0.786859
0.250771 0.841578
0.264138 0.866756
0.253121 0.89404
0.255409 0.926969
0.258553 0.995758
0.270943 0.03708
0.265969 0.108829
0.272805 0.140507
0.279702 0.183569
0.273629 0.218879
0.26838 0.247505
0.269295 0.315653
0.281167 0.450331
0.279702 0.515
0.282022 0.554582
0.281655 0.599475
0.279763 0.636738
0.271706 0.662893
0.279305 0.745903
0.27839 0.80636
0.282327 0.844081
0.280648 0.89935
0.283761 0.937162
0.287942 0.00811792
0.29725 0.051088
0.288797 0.0926237
0.298898 0.132908
0.294504 0.159551
0.303049 0.198431
0.303079 0.227271
0.286355 0.291452
0.302164 0.353832
0.29136 0.386425
0.288308 0.488937
0.301584 0.534928
0.297311 0.67333
0.286477 0.715079
0.286264 0.772179
0.290872 0.874386
0.292734 0.964568
0.288888 0.997101
0.31727 0.00314341
0.321238 0.0815455
0.312693 0.254463
0.316843 0.290231
0.308695 0.321421
0.317454 0.378216
0.311686 0.409375
0.308176 0.469405
0.311136 0.505539
0.317454 0.571337
0.310007 0.599567
0.314219 0.626881
0.313242 0.726279
0.308512 0.754509
0.31315 0.782037
0.304117 0.817316
0.308939 0.847926
0.317331 0.88052
0.307627 0.918424
0.321144 1.0449
0.329936 0.0291757
0.332316 0.0560625
0.338542 0.120487
0.333781 0.149083
0.330454 0.183843
0.332743 0.226203
0.335582 0.343944
0.337016 0.397015
0.331187 0.428114
0.336528 0.519059
0.335887 0.549944
0.336589 0.605518
0.328715 0.665151
0.332499 0.821162
0.338328 0.926878
0.327708 0.987609
0.345744 0.00286874
0.359691 0.0499588
0.348613 0.0795923
0.359691 0.199805
0.355419 0.246895
0.342479 0.274026
0.34843 0.308298
0.354442 0.376049
0.356853 0.418744
0.345286 0.478835
0.351451 0.573534
0.350291 0.644032
0.349315 0.716788
0.344249 0.743736
0.344157 0.773827
0.351695 0.842952
0.344737 0.882595
0.348338 0.963408
0.356517 0.999359
0.370495 0.0201422
0.363842 0.106388
0.364208 0.170354
0.368664 0.285012
0.374889 0.320383
0.365154 0.346507
0.379345 0.395795
0.366741 0.443983
0.377453 0.480087
0.360973 0.501663
0.371593 0.52739
0.378033 0.553667
0.363781 0.620014
0.377758 0.64449
0.370098 0.670431
0.375011 0.700888
0.375652 0.742149
0.371593 0.786279
0.3614 0.812159
0.377697 0.87817
0.368175 0.908505
0.377361 0.968719
0.390851 0.000671407
0.393353 0.0423597
0.382488 0.0731223
0.392407 0.0992767
0.397595 0.130528
0.393078 0.157567
0.387402 0.208625
0.382427 0.261177
0.395032 0.292947
0.388562 0.361187
0.391949 0.433515
0.392956 0.507309
0.385846 0.597674
0.393231 0.767388
0.390179 0.819971
0.385113 0.847987
0.391949 0.924253
0.387768 0.994964
0.409345 0.0639668
0.416944 0.175054
0.402325 0.243019
0.411573 0.270577
0.404248 0.331004
0.405774 0.402203
0.408612 0.483169
0.400647 0.538011
0.411908 0.570391
0.40495 0.648946
0.405103 0.681936
0.404279 0.73336
0.406598 0.881527
0.401959 0.955626
0.413404 0.986724
0.426984 0.00341807
0.431135 0.0899075
0.423292 0.145299
0.432508 0.19776
0.424787 0.228095
0.42436 0.296152
0.425153 0.375866
0.424543 0.424696
0.431043 0.463301
0.426283 0.510422
0.430677 0.541307
0.422559 0.5992
0.4279 0.628468
0.430769 0.663869
0.431989 0.7575
0.420637 0.797754
0.418195 0.83343
0.425214 0.860775
0.420881 0.910123
0.434889 0.960204
0.450636 0.0292062
0.439192 0.0581988
0.442396 0.126194
0.447279 0.172033
0.45146 0.231819
0.441145 0.257057
0.451979 0.294076
0.441237 0.322367
0.448012 0.349895
0.454299 0.376598
0.452223 0.416028
0.449995 0.489853
0.451552 0.584399
0.451979 0.614307
0.440992 0.692801
0.45436 0.740959
0.447584 0.78283
0.448897 0.809839
0.449751 0.840297
0.439619 0.884426
0.43733 0.933012
0.439619 0.997772
0.466384 0.00427259
0.46794 0.0736412
0.465224 0.10181
0.47026 0.15067
0.474105 0.182287
0.471694 0.335032
0.468703 0.464217
0.456954 0.524613
0.4579 0.554796
0.456923 0.644978
0.467147 0.678671
0.46617 0.7116
0.464644 0.867153
0.456069 0.910886
0.468551 0.936094
0.466445 0.965789
0.478622 0.0429395
0.482101 0.210242
0.491348 0.23545
0.482314 0.261055
0.481063 0.364666
0.484481 0.407819
0.488968 0.436811
0.486312 0.491867
0.492386 0.53383
0.483352 0.603412
0.483535 0.637928
0.483444 0.739219
0.480575 0.772271
0.476577 0.804315
0.476974 0.833064
0.482833 0.906247
0.477187 0.993316
0.500443 0.00305185
0.504562 0.0359508
0.496719 0.0820948
0.499924 0.118595
0.494095 0.163823
0.509293 0.199561
0.511399 0.255898
0.501633 0.320963
0.502976 0.382824
0.51149 0.4214
0.498611 0.462722
0.493881 0.569231
0.506241 0.622791
0.505295 0.677602
0.509293 0.756859
0.504807 0.788476
0.503006 0.842097
0.503372 0.881314
0.506882 0.921506
0.49855 0.951323
0.511917 0.996429
0.524857 0.0853908
0.521561 0.144658
0.523484 0.174963
0.517808 0.225776
0.519761 0.291086
0.517869 0.350444
0.531144 0.400189
0.528367 0.446852
0.514725 0.487045
0.53032 0.51265
0.516343 0.550157
0.525071 0.596973
0.531388 0.660543
0.52913 0.702414
0.521287 0.728996
0.527573 0.82931
0.527085 0.85754
0.52504 0.966338
0.533647 0.0155339
0.532975 0.0575884
0.532701 0.116428
0.54622 0.156072
0.539689 0.202887
0.538041 0.27134
0.54973 0.312235
0.546312 0.477218
0.537675 0.568407
0.545915 0.632191
0.538438 0.756615
0.534593 0.793848
0.540513 0.902646
0.537919 0.934996
0.550035 0.993774
0.566179 0.0119938
0.556108 0.0856654
0.569079 0.133732
0.567034 0.214911
0.55266 0.242042
0.565386 0.271248
0.568468 0.333079
0.552507 0.364147
0.568712 0.415479
0.555223 0.449721
0.554735 0.526749
0.567248 0.551775
0.568896 0.582293
0.563768 0.609088
0.553941 0.680746
0.55913 0.712455
0.562273 0.739158
0.562029 0.772576
0.557726 0.813349
0.552843 0.84228
0.555681 0.870724
0.561144 0.953032
0.582415 0.0756554
0.572771 0.106845
0.586932 0.163213
0.582415 0.247444
0.580462 0.361553
0.572222 0.387707
0.587359 0.448256
0.576098 0.478957
0.586779 0.529588
0.573778 0.64391
0.581072 0.671987
0.585498 0.753532
0.584948 0.788141
0.586261 0.815668
0.575945 0.900601
0.587176 0.932188
0.587695 0.967223
0.578448 0.997101
0.593982 0.0205084
0.603259 0.10773
0.596728 0.137547
0.604389 0.198004
0.594317 0.223182
0.596484 0.282449
0.592425 0.309427
0.603412 0.336467
0.595874 0.416547
0.603046 0.480178
0.593951 0.559313
0.601856 0.616962
0.601337 0.691885
0.589007 0.84637
0.589007 0.875027
0.605792 0.993164
0.611713 0.000335704
0.620746 0.0256661
0.616535 0.0597247
0.623768 0.15949
0.614734 0.253487
0.609424 0.368267
0.618976 0.397076
0.619282 0.431318
0.624165 0.509201
0.618427 0.543229
0.616718 0.59386
0.608325 0.64391
0.624805 0.674825
0.608875 0.731895
0.611591 0.769127
0.610675 0.801202
0.623463 0.829188
0.617328 0.857662
0.612537 0.889004
0.613514 0.924223
0.623676 0.967193
0.643361 0.000885037
0.638844 0.0781579
0.63451 0.108158
0.637532 0.187323
0.631794 0.224647
0.6292 0.304453
0.631367 0.333079
0.636708 0.368877
0.636586 0.571734
0.636555 0.613605
0.641438 0.647786
0.62917 0.703238
0.635701 0.737938
0.644276 0.764458
0.638539 0.795495
0.642537 0.900815
0.64153 0.93173
0.639882 0.998596
0.663228 0.0224311
0.648183 0.0463881
0.660604 0.099765
0.65688 0.131565
0.658193 0.164556
0.661611 0.200903
0.649647 0.249733
0.653737 0.284097
0.656667 0.314402
0.661794 0.384838
0.645741 0.421339
0.646077 0.452467
0.65981 0.484542
0.650502 0.516129
0.66393 0.631092
0.654866 0.715751
0.655812 0.818079
0.646565 0.855464
0.654622 0.969176
0.681143 0.00241096
0.66628 0.0671407
0.682607 0.223304
0.681204 0.291269
0.67568 0.344615
0.675191 0.424543
0.680532 0.453688
0.675619 0.534013
0.667684 0.56267
0.666189 0.595599
0.665059 0.685537
0.669057 0.738975
0.675161 0.766869
0.667684 0.88049
0.673635 0.914762
0.670919 0.943968
0.67101 0.992126
0.671956 1.0748
0.689657 0.05356
0.688803 0.0881985
0.687155 0.11655
0.685842 0.178655
0.69985 0.202216
0.691122 0.254585
0.694052 0.319437
0.687796 0.375408
0.695456 0.402722
0.689871 0.481857
0.690786 0.509629
0.697378 0.629871
0.688101 0.661458
0.691183 0.717704
0.700583 0.752312
0.701682 0.779809
0.685354 0.801263
0.686544 0.839167
0.696097 0.871853
0.701376 0.901151
0.687948 0.966613
0.697653 0.996216
0.713553 0.0061037
0.716239 0.126347
0.715903 0.178167
0.711447 0.229469
0.715293 0.278268
0.715812 0.38197
0.711753 0.461165
0.713553 0.527573
0.703146 0.579089
0.712271 0.604755
0.721 0.651875
0.71041 0.697714
0.717399 0.729667
0.714438 0.823695
0.712973 0.948576
0.732597 0.0411084
0.734062 0.0785546
0.728538 0.202734
0.725852 0.316446
0.724876 0.350658
0.724876 0.425062
0.722617 0.490829
0.736167 0.564318
0.736076 0.676168
0.739158 0.711875
0.739006 0.749016
0.739952 0.804346
0.728538 0.849818
0.722831 0.880032
0.723533 0.922239
0.734642 0.97354
0.725608 0.999023
0.743309 0.0120853
0.757775 0.0597552
0.742729 0.109073
0.756951 0.193884
0.742576 0.227302
0.747948 0.26017
0.74926 0.298837
0.757134 0.32487
0.751915 0.391064
0.742759 0.461318
0.740654 0.525803
0.746513 0.61269
0.755821 0.646626
0.744255 0.776635
0.758751 0.83697
0.749046 0.86813
0.755303 0.895505
0.744713 0.941099
0.753716 0.993927
0.771111 0.00848415
0.775567 0.0351573
0.772118 0.0927152
0.76574 0.129765
0.778252 0.176916
0.774956 0.214057
0.776482 0.305002
0.761223 0.354961
0.759484 0.438093
0.777886 0.460891
0.763359 0.483505
0.773156 0.516098
0.765282 0.548051
0.766289 0.582934
0.770806 0.676168
0.768822 0.706595
0.767266 0.745476
0.7734 0.77163
0.768517 0.807367
0.776696 0.939054
0.773186 0.966918
0.789209 0.0690634
0.784326 0.244819
0.795679 0.285928
0.787835 0.365001
0.785699 0.392468
0.792138 0.495407
0.794733 0.564745
0.789422 0.603961
0.785058 0.634022
0.793237 0.659658
0.790246 0.727775
0.795892 0.754845
0.786492 0.834559
0.790857 0.871883
0.788842 0.914243
0.783715 0.993835
0.799036 0.000793481
0.814539 0.0318308
0.801416 0.0961638
0.804773 0.126133
0.805872 0.156743
0.802148 0.199072
0.809046 0.227454
0.804834 0.322214
0.804468 0.418073
0.807367 0.46736
0.81579 0.520798
0.816095 0.62392
0.799463 0.698813
0.799646 0.785913
0.80871 0.813868
0.810907 0.848109
0.813868 0.928465
0.801538 0.960448
0.810175 0.999512
0.832942 0.0112613
0.81872 0.0752281
0.827235 0.107456
0.830348 0.138462
0.831355 0.281075
0.831172 0.328318
0.81695 0.357768
0.828272 0.386639
0.82992 0.435591
0.829524 0.558306
0.823756 0.584582
0.8287 0.648366
0.820154 0.678701
0.830012 0.709799
0.829859 0.775109
0.817469 0.887966
0.828394 0.958556
0.836482 0.175848
0.844325 0.208014
0.840541 0.249825
0.851283 0.302805
0.853938 0.367962
0.847713 0.405805
0.850062 0.472823
0.843287 0.511399
0.848567 0.598834
0.85345 0.658803
0.842616 0.740654
0.83578 0.81988
0.848598 0.854884
0.837153 0.912748
0.851009 0.94348
0.839106 0.998901
0.869808 0.00585955
0.860775 0.0507828
0.855342 0.0777612
0.858272 0.145482
0.870022 0.238563
0.864406 0.266762
0.859065 0.333293
0.859218 0.437727
0.870418 0.500534
0.855678 0.538408
0.85461 0.56859
0.859523 0.627613
0.868618 0.682119
0.857662 0.715354
0.872616 0.738975
0.869655 0.77456
0.855281 0.892819
0.871395 0.91998
0.857021 0.976775
0.891079 0.0644246
0.874813 0.10126
0.885128 0.139256
0.880886 0.169774
0.880734 0.204199
0.890103 0.258003
0.884823 0.284768
0.884182 0.312784
0.881802 0.351238
0.878231 0.399548
0.888668 0.42729
0.88287 0.546831
0.881924 0.57448
0.885861 0.604266
0.884487 0.63805
0.873653 0.826044
0.882748 0.852535
0.891842 0.900906
0.88702 0.969268
0.877773 0.997589
0.907102 0.00180059
0.894925 0.0334178
0.90817 0.0852382
0.900143 0.113742
0.898007 0.230476
0.911039 0.341288
0.90112 0.376904
0.907468 0.406079
0.897183 0.475539
0.905637 0.521744
0.904416 0.660909
0.897305 0.687826
0.896847 0.723655
0.905789 0.750206
0.899808 0.779412
0.895383 0.809809
0.907041 0.877163
0.896878 0.934111
0.905637 0.99939
0.922941 0.0469375
0.924406 0.164251
0.912595 0.200903
0.923002 0.254982
0.924314 0.286172
0.915372 0.312021
0.91174 0.445723
0.925413 0.468978
0.919401 0.496078
0.912687 0.55739
0.915525 0.591968
0.912412 0.631275
0.92465 0.694266
0.923734 0.72219
0.927061 0.773583
0.926695 0.805017
0.926023 0.833125
0.918668 0.916959
0.918393 0.966063
0.942076 0.0125431
0.936216 0.0762658
0.930448 0.108463
0.934355 0.136479
0.9382 0.231941
0.937407 0.329386
0.93646 0.357982
0.930601 0.385693
0.94232 0.413678
0.9447 0.445936
0.933103 0.530473
0.942167 0.560594
0.944822 0.588458
0.933836 0.613422
0.936186 0.651173
0.944914 0.748161
0.934507 0.863277
0.934141 0.890957
0.942167 0.937956
0.944761 0.977691
0.955962 0.0554216
0.956755 0.0949431
0.966582 0.122929
0.952544 0.157109
0.953215 0.199774
0.967986 0.232856
0.965484 0.270821
0.950743 0.305216
0.957915 0.37962
0.954314 0.472732
0.954711 0.509995
0.963775 0.537278
0.959807 0.621876
0.963134 0.654134
0.950529 0.682607
0.94995 0.710959
0.964873 0.76928
0.96115 0.80108
0.961333 0.857143
0.957701 0.91522
0.961333 0.998901
0.979491 0.00219733
0.978118 0.0400403
0.977111 0.0774255
0.980773 0.151372
0.981964 0.180578
0.97412 0.338267
0.981353 0.393231
0.969359 0.421552
0.981597 0.459548
0.970061 0.576983
0.982635 0.691671
0.970641 0.738975
0.97467 0.83105
0.971282 0.970824
0.999695 0.0616169
0.997925 0.09476
0.993805 0.122257
0.996674 0.209815
0.994842 0.239082
0.996246 0.282083
0.998321 0.315867
0.999786 0.347575
0.996979 0.434248
0.99646 0.489456
0.995453 0.528062
0.999237 0.56325
0.996338 0.594836
0.997192 0.63332
0.991882 0.662679
0.997711 0.717368
0.99646 0.75341
0.991424 0.780694
0.998199 0.815088
1 0.846095
0.998383 0.876095
0.995239 0.909848
0.987121 0.936705
0.992828 0.995575
1.04651 0.16332
1.04511 0.392425
1.07522 0.782053
