1009
0.00155644 0.00021363
0.00888089 0.0294809
0.00265511 0.0797754
0.00201422 0.128605
0.00183111 0.155736
0.00125126 0.200232
0.00387585 0.234687
0.00314341 0.269906
0.00222785 0.321818
0.00021363 0.350688
0.0170904 0.410565
0.00878933 0.438459
0.00061037 0.487869
0.00814844 0.536058
0.00186163 0.568651
0.00125126 0.59798
0.006592 0.626484
0.0178838 0.651662
0.00189215 0.697623
0.00784326 0.72396
0.0129704 0.762078
0.00836207 0.795709
0.00061037 0.823145
0.00802637 0.860652
0.007416 0.90289
0.00534074 0.95349
0.0028077 0.981414
0.0291757 0.000762963
0.0360118 0.0288095
0.0195013 0.0575884
0.0266121 0.10358
0.030488 0.186132
0.0362865 0.215888
0.0287484 0.250832
0.0246895 0.304483
0.026429 0.334574
0.0341197 0.375317
0.0303354 0.481124
0.0203253 0.508469
0.0357372 0.561083
0.0278634 0.679891
0.0379345 0.848537
0.0283212 0.922697
0.0352489 0.950804
0.0321665 0.985076
0.0542314 0.0745567
0.0400708 0.134861
0.0562456 0.159215
0.0562761 0.280923
0.0538041 0.312632
0.0514542 0.352275
0.0459469 0.404736
0.0400098 0.43263
0.0490738 0.504501
0.0549028 0.5374
0.0469375 0.599872
0.0389721 0.634388
0.0426954 0.704917
0.0451064 0.734275
0.0491348 0.78695
0.0420545 0.813746
0.0412915 0.888607
0.0556963 0.912137
0.0641194 0.0069277
0.0615864 0.0407422
0.0583209 0.113132
0.0756859 0.13422
0.0663778 0.211768
0.0591144 0.247902
0.0726951 0.334208
0.0728691 0.377073
0.0744652 0.404523
0.0619831 0.461959
0.0756859 0.486953
0.0694296 0.564013
0.068453 0.61745
0.0571001 0.662679
0.0687277 0.71337
0.0639058 0.754051
0.0701315 0.85229
0.0717185 0.883724
0.061861 0.942381
0.0641499 0.975066
0.0928983 0.0292672
0.0932646 0.0727561
0.0818506 0.0983917
0.0782189 0.180059
0.0937529 0.207251
0.0876797 0.238411
0.093173 0.278542
0.0851466 0.306742
0.0795007 0.433912
0.0790735 0.5168
0.0836207 0.593493
0.0805078 0.676138
0.0945463 0.704245
0.0883206 0.742637
0.0868557 0.774621
0.0823389 0.820307
0.0838954 0.912595
0.0891446 0.943388
0.0948515 0.970183
0.0832545 0.998627
0.0970488 0.00134281
0.110752 0.1189
0.103946 0.151769
0.111179 0.255135
0.111176 0.321459
0.104404 0.349498
0.100833 0.394147
0.0949736 0.467879
0.107822 0.51442
0.102451 0.542436
0.101413 0.615497
0.0991851 0.655965
0.11182 0.681234
0.108097 0.80282
0.0986358 0.853755
0.0999176 0.883511
0.111454 0.924772
0.110141 0.993805
0.12302 0.0133366
0.119114 0.060976
0.116123 0.0888089
0.130924 0.153691
0.118931 0.177862
0.117161 0.228523
0.129185 0.393841
0.117313 0.425001
0.120243 0.456343
0.114658 0.575213
0.114841 0.773095
0.130589 0.870235
0.123936 0.898495
0.126347 0.96765
0.150182 0.000274667
0.138798 0.0410779
0.140721 0.0773949
0.138676 0.109714
0.1348 0.200568
0.144108 0.244026
0.143956 0.272805
0.136967 0.300821
0.134892 0.339671
0.142399 0.367351
0.144658 0.418165
0.138768 0.483291
0.140355 0.517106
0.140019 0.545762
0.138768 0.642659
0.137852 0.669637
0.135289 0.718894
0.133091 0.746696
0.142003 0.796441
0.134831 0.833796
0.139073 0.923734
0.149632 0.949095
0.161138 0.025483
0.164739 0.0598773
0.168126 0.103702
0.154027 0.134922
0.15659 0.168798
0.164708 0.22251
0.170782 0.304147
0.169561 0.386914
0.159978 0.450331
0.169378 0.530961
0.166478 0.570086
0.152043 0.603412
0.166692 0.644459
0.161199 0.709311
0.165654 0.736473
0.165899 0.766167
0.166265 0.810175
0.168371 0.840632
0.166326 0.868831
0.153935 0.896481
0.161168 0.999054
0.188086 0.0395215
0.18778 0.0829493
0.184545 0.162572
0.171514 0.19303
0.18775 0.237983
0.172185 0.261513
0.174291 0.333628
0.181616 0.360912
0.17307 0.421857
0.170904 0.491562
0.179144 0.610126
0.173498 0.68099
0.172033 0.922453
0.196997 0.0044557
0.208045 0.0583819
0.194433 0.114872
0.199042 0.194647
0.195257 0.27665
0.202826 0.306223
0.20603 0.379528
0.202277 0.406629
0.192236 0.455336
0.197821 0.485641
0.191382 0.557298
0.19718 0.58446
0.203925 0.655873
0.203375 0.687094
0.198309 0.717307
0.199988 0.754143
0.192419 0.781121
0.194372 0.818323
0.206946 0.849177
0.199042 0.879116
0.195135 0.906461
0.200293 0.965575
0.19306 0.999664
0.219092 0.0242622
0.220588 0.0884426
0.215644 0.134312
0.213843 0.168523
0.210395 0.219428
0.213111 0.251717
0.22425 0.323405
0.224097 0.354106
0.217475 0.436384
0.219886 0.464003
0.209937 0.521012
0.220099 0.627705
0.224189 0.728629
0.224555 0.828303
0.22718 0.880062
0.222999 0.91113
0.219977 0.944456
0.226722 0.972289
0.238436 0.00192431
0.237556 0.0665303
0.241523 0.126988
0.244575 0.16541
0.234626 0.196875
0.241371 0.234474
0.239357 0.281289
0.235206 0.392163
0.245918 0.4373
0.228553 0.492538
0.232643 0.536882
0.229865 0.564348
0.233314 0.60329
0.23838 0.647908
0.236183 0.678213
0.231574 0.757134
0.228217 0.788751
0.250221 0.0315867
0.248238 0.0950346
0.262917 0.207373
0.258736 0.256355
0.254646 0.317087
0.260384 0.357707
0.253945 0.476882
0.256111 0.50383
0.263833 0.538011
0.258766 0.566668
0.263405 0.672658
0.249611 0.70867
0.264321 0.743614
0.254311 0.776513
0.251625 0.808252
0.248085 0.850154
0.24723 0.89935
0.258095 0.93701
0.25486 0.968017
0.267953 0.000518815
0.278049 0.0298119
0.270424 0.0684835
0.281899 0.0964995
0.267647 0.133518
0.276803 0.178533
0.2743 0.232032
0.276284 0.29899
0.269906 0.391644
0.276589 0.420515
0.280557 0.4485
0.281899 0.476119
0.266793 0.598682
0.267495 0.627796
0.275307 0.700186
0.279153 0.802454
0.276376 0.834925
0.272652 0.874752
0.277447 0.910291
0.283792 0.967711
0.283792 0.994568
0.302225 0.00173955
0.301828 0.0443739
0.294931 0.124973
0.296657 0.157535
0.292398 0.205908
0.291513 0.257485
0.302316 0.30784
0.289224 0.335093
0.294626 0.36256
0.286019 0.511521
0.303201 0.532914
0.29545 0.623463
0.28663 0.650136
0.285806 0.727317
0.290475 0.760491
0.293527 0.856258
0.30253 0.883541
0.288827 0.938688
0.309976 0.0853603
0.322092 0.147221
0.306772 0.18305
0.322275 0.210395
0.315958 0.238624
0.317759 0.333689
0.312082 0.392834
0.306986 0.457961
0.319285 0.483139
0.304453 0.566668
0.310678 0.59798
0.319712 0.640675
0.307016 0.667837
0.305032 0.706015
0.315287 0.74218
0.30842 0.781976
0.308908 0.812311
0.309519 0.91232
0.320444 0.937498
0.312693 0.963408
0.329173 0.0133976
0.34135 0.0681173
0.334513 0.0978423
0.337382 0.183996
0.326731 0.267129
0.330973 0.295999
0.326182 0.363964
0.331065 0.423292
0.338176 0.46025
0.3314 0.53032
0.338786 0.557543
0.334208 0.702597
0.327219 0.840083
0.329356 0.89169
0.332286 0.987518
0.34788 0.0334483
0.343791 0.126865
0.359277 0.168176
0.35313 0.243843
0.344218 0.322947
0.351421 0.349925
0.355632 0.386975
0.342204 0.505325
0.360332 0.579089
0.341685 0.615741
0.351115 0.664785
0.358837 0.714042
0.342296 0.739677
0.342723 0.773186
0.351726 0.799371
0.342387 0.865474
0.346324 0.912809
0.351054 0.967131
0.357891 0.999725
0.365429 0.00149541
0.370373 0.0654317
0.376568 0.0974456
0.372997 0.127812
0.368114 0.193701
0.362377 0.275521
0.378338 0.309244
0.375774 0.408917
0.362743 0.441847
0.361522 0.482009
0.365276 0.542772
0.37492 0.601733
0.365276 0.63567
0.376873 0.749809
0.37904 0.808283
0.367595 0.836512
0.371349 0.880673
0.368572 0.941893
0.384442 0.0259102
0.386395 0.166448
0.382946 0.216468
0.384228 0.254158
0.390637 0.282113
0.389752 0.337138
0.395672 0.373455
0.393719 0.430433
0.395184 0.472884
0.38023 0.508316
0.396741 0.535447
0.391003 0.569109
0.39198 0.623249
0.389203 0.657826
0.382733 0.68746
0.391583 0.717338
0.380657 0.78045
0.395428 0.831111
0.397626 0.865474
0.384991 0.906095
0.398083 0.932432
0.389294 0.963225
0.385754 0.995636
0.40727 0.00393689
0.40318 0.0530717
0.405896 0.0925016
0.406262 0.145177
0.414716 0.186895
0.412427 0.318186
0.409711 0.403943
0.406262 0.501083
0.415479 0.677969
0.417524 0.710318
0.408862 0.74214
0.412061 0.805994
0.411756 0.898556
0.415815 0.954283
0.427259 0.0313425
0.425794 0.0716575
0.428724 0.126408
0.429548 0.227973
0.423231 0.254677
0.434095 0.279611
0.419874 0.356365
0.428938 0.382214
0.421522 0.43086
0.42494 0.46205
0.435102 0.500626
0.424451 0.542192
0.418592 0.578997
0.419355 0.624103
0.418806 0.77514
0.419618 0.849971
0.42439 0.924192
0.418043 0.999206
0.439436 0.00646992
0.454085 0.0336009
0.442763 0.0955535
0.448134 0.15775
0.44438 0.192206
0.451003 0.248848
0.438612 0.30784
0.443831 0.338878
0.448164 0.420911
0.452803 0.448317
0.449629 0.47795
0.450453 0.527421
0.443586 0.599841
0.450056 0.625904
0.441481 0.653035
0.443159 0.691977
0.43965 0.730552
0.445875 0.77752
0.445112 0.841365
0.455306 0.868038
0.439894 0.898923
0.447096 0.967528
0.473952 0.0129704
0.468551 0.0633564
0.45658 0.121003
0.472671 0.175298
0.471358 0.206885
0.466933 0.275643
0.470046 0.306009
0.470997 0.344147
0.460463 0.391156
0.470138 0.505478
0.458724 0.553453
0.469975 0.592427
0.461501 0.671743
0.466536 0.719596
0.467391 0.750633
0.456893 0.807215
0.471633 0.835902
0.462477 0.934538
0.462264 0.999023
0.486038 0.0855434
0.493362 0.119266
0.475112 0.142491
0.491256 0.226325
0.483535 0.253121
0.482711 0.369213
0.488693 0.39732
0.47673 0.421735
0.488907 0.466842
0.484939 0.529832
0.486598 0.570632
0.477126 0.624042
0.489578 0.664449
0.482284 0.692618
0.476638 0.779656
0.487569 0.806978
0.482528 0.875698
0.474868 0.907285
0.493149 0.930357
0.484634 0.969237
0.495437 0.0310678
0.502487 0.160344
0.496231 0.189184
0.511429 0.258858
0.497726 0.28544
0.500961 0.324015
0.508957 0.439405
0.506607 0.497574
0.508469 0.54857
0.507309 0.608509
0.498306 0.727897
0.494095 0.755242
0.501022 0.84814
0.511643 0.908933
0.494644 0.999145
0.512833 0.00589007
0.516678 0.0703757
0.517106 0.103153
0.522691 0.198523
0.522172 0.229804
0.519944 0.30137
0.523637 0.36079
0.528062 0.406354
0.525193 0.463515
0.521867 0.522355
0.518998 0.575365
0.523789 0.634571
0.520463 0.698447
0.513352 0.774071
0.528916 0.796869
0.513535 0.820826
0.530778 0.852077
0.516556 0.877316
0.529527 0.931303
0.515244 0.965087
0.520524 0.991943
0.54973 0.00872829
0.533372 0.0401624
0.548601 0.0677206
0.548906 0.0992767
0.541093 0.14713
0.546647 0.177496
0.549577 0.212073
0.543779 0.24659
0.532029 0.276406
0.542039 0.33491
0.548357 0.375591
0.546068 0.427229
0.538438 0.492569
0.535905 0.549272
0.548479 0.584307
0.542863 0.614795
0.548295 0.649068
0.53795 0.67452
0.53502 0.744957
0.542589 0.771172
0.540696 0.82284
0.542833 0.962706
0.549089 0.994751
0.567614 0.0450758
0.568346 0.126499
0.562142 0.279917
0.550829 0.306619
0.565416 0.349864
0.553148 0.46147
0.566363 0.499924
0.562853 0.530229
0.554491 0.70745
0.560411 0.804254
0.562049 0.851582
0.551744 0.879147
0.556627 0.907437
0.577502 0.00241096
0.575274 0.160314
0.582263 0.192022
0.584277 0.221076
0.570788 0.252235
0.576769 0.319926
0.5732 0.387048
0.581011 0.444197
0.582598 0.477218
0.584368 0.54912
0.575854 0.578845
0.58153 0.608203
0.579211 0.639943
0.569811 0.677572
0.586901 0.710013
0.569597 0.753288
0.576586 0.780633
0.574541 0.827662
0.5833 0.917905
0.570757 0.958769
0.582263 0.99234
0.604999 0.00921659
0.596271 0.0512406
0.589434 0.0843532
0.596515 0.134922
0.604877 0.170385
0.606159 0.260201
0.588549 0.287576
0.604541 0.310984
0.597736 0.343852
0.592212 0.40672
0.606922 0.49324
0.589312 0.514725
0.602167 0.56981
0.603442 0.664907
0.602008 0.75631
0.603259 0.792291
0.59331 0.852535
0.591998 0.881527
0.598102 0.946165
0.606983 0.976379
0.621632 0.031312
0.624256 0.0671102
0.61565 0.096408
0.622822 0.199896
0.611011 0.230934
0.625935 0.282968
0.622669 0.368084
0.618 0.395245
0.611805 0.437757
0.618915 0.541978
0.613697 0.600055
0.612171 0.63863
0.612018 0.695151
0.61388 0.825282
0.621723 0.863033
0.609188 0.90981
0.624796 0.951591
0.638783 0.00061037
0.641469 0.120334
0.637684 0.153569
0.635456 0.24543
0.644429 0.302499
0.63921 0.33668
0.644978 0.394879
0.643666 0.434797
0.635517 0.473678
0.641926 0.50557
0.629963 0.568621
0.636647 0.618152
0.637654 0.661702
0.62682 0.726127
0.630573 0.783044
0.641346 0.816156
0.629261 0.891568
0.636189 0.924009
0.641957 0.972747
0.653554 0.0301828
0.654469 0.0619526
0.646535 0.0903653
0.662831 0.13947
0.654988 0.189886
0.653645 0.222205
0.656209 0.262459
0.655202 0.370006
0.649831 0.536027
0.647786 0.590014
0.655934 0.640065
0.662069 0.676107
0.645802 0.702475
0.649342 0.752037
0.660085 0.792993
0.646779 0.845729
0.656819 0.876308
0.654195 0.903561
0.662191 0.997223
0.668142 0.00302133
0.680319 0.0795617
0.673116 0.112217
0.67864 0.208472
0.680898 0.23661
0.672079 0.285012
0.668355 0.321604
0.67748 0.348796
0.676748 0.393841
0.667562 0.422224
0.665517 0.45146
0.681112 0.489059
0.673788 0.522141
0.673452 0.578265
0.673086 0.615406
0.681661 0.730125
0.674367 0.762413
0.678121 0.852992
0.671651 0.927946
0.673513 0.972014
0.699271 0.00500504
0.691824 0.0335704
0.701804 0.0606403
0.687063 0.155644
0.691977 0.185125
0.697596 0.274776
0.696768 0.314096
0.698599 0.367199
0.697592 0.425275
0.696585 0.455763
0.696554 0.541154
0.69686 0.60094
0.689627 0.638783
0.687094 0.696158
0.691916 0.787164
0.697043 0.819941
0.690085 0.881893
0.698813 0.914792
0.689596 0.947996
0.705649 0.0927763
0.707785 0.133702
0.715506 0.164495
0.711264 0.206977
0.709922 0.250038
0.713889 0.39201
0.714225 0.479812
0.702414 0.511551
0.705435 0.57033
0.718894 0.651234
0.703665 0.674367
0.710135 0.715903
0.709769 0.763543
0.721183 0.792077
0.708914 0.8558
0.713095 0.970641
0.711814 0.999542
0.731864 0.00222785
0.734825 0.0383923
0.732932 0.078402
0.734519 0.141728
0.733787 0.236732
0.724754 0.279061
0.726005 0.325694
0.726981 0.367351
0.728904 0.418104
0.723127 0.44933
0.732292 0.522629
0.738273 0.561052
0.72396 0.595904
0.721397 0.623646
0.729301 0.685263
0.737876 0.714255
0.735282 0.751976
0.725608 0.824763
0.736717 0.862636
0.73339 0.892453
0.72512 0.920969
0.732078 0.947081
0.743004 0.112278
0.755364 0.166051
0.744255 0.2013
0.750969 0.264077
0.743553 0.30488
0.757225 0.353008
0.754112 0.393353
0.748863 0.458571
0.755638 0.584399
0.751976 0.614948
0.752922 0.644124
0.757408 0.67861
0.75869 0.732047
0.758568 0.772637
0.757988 0.802484
0.751976 0.837733
0.743583 0.971343
0.75045 0.999756
0.767418 0.00241096
0.771874 0.0315561
0.761315 0.0882595
0.772423 0.140355
0.77221 0.21012
0.775262 0.23954
0.769402 0.293771
0.760979 0.326121
0.766045 0.417463
0.774773 0.443373
0.760857 0.493149
0.767243 0.519528
0.767418 0.705283
0.772546 0.85815
0.761681 0.886715
0.766076 0.918943
0.760033 0.94821
0.772332 0.972259
0.795923 0.00274667
0.781304 0.0661641
0.78872 0.0921964
0.788659 0.162419
0.791436 0.324473
0.786645 0.356761
0.783685 0.390149
0.793817 0.415601
0.79223 0.467483
0.778741 0.544115
0.790368 0.570299
0.783197 0.602863
0.787286 0.629933
0.781732 0.666433
0.796655 0.697165
0.788171 0.730705
0.792871 0.770867
0.787255 0.802789
0.780541 0.828883
0.787805 0.945769
0.807978 0.0363475
0.8081 0.070101
0.801477 0.133305
0.797296 0.193731
0.798608 0.225562
0.803522 0.26249
0.813227 0.294534
0.810938 0.384442
0.814783 0.448714
0.799646 0.496231
0.811274 0.659474
0.813776 0.794946
0.810877 0.842555
0.798883 0.867763
0.799585 0.900021
0.811304 0.927671
0.79931 0.994385
0.82403 0.00305185
0.834986 0.0851772
0.817713 0.111911
0.829249 0.13712
0.82757 0.16483
0.831324 0.225471
0.827357 0.317484
0.821802 0.350352
0.823176 0.422071
0.831538 0.471358
0.823481 0.517899
0.821711 0.552782
0.823756 0.58092
0.820246 0.632069
0.827662 0.684347
0.824335 0.713187
0.820124 0.75219
0.829798 0.893521
0.823328 0.953398
0.824702 0.985351
0.836665 0.0267953
0.836787 0.0548723
0.852504 0.118717
0.835719 0.192114
0.83639 0.262917
0.85168 0.346904
0.837947 0.372478
0.847255 0.407483
0.842402 0.445814
0.841334 0.496963
0.845376 0.534981
0.848872 0.630146
0.840124 0.657973
0.847804 0.73693
0.847804 0.77694
0.838832 0.80755
0.838466 0.861385
0.848567 0.92758
0.870418 0.00778222
0.86579 0.059883
0.867489 0.0892666
0.858852 0.176427
0.868374 0.217841
0.854854 0.241981
0.860683 0.279977
0.858791 0.30842
0.868069 0.459059
0.868587 0.498764
0.87167 0.526048
0.862178 0.563402
0.857387 0.596911
0.8605 0.682669
0.863674 0.711112
0.868862 0.759117
0.865407 0.811847
0.863338 0.838801
0.856471 0.88229
0.857814 0.991119
0.887966 0.0365917
0.887081 0.110019
0.877499 0.136082
0.884426 0.166082
0.879025 0.255287
0.884793 0.297006
0.875912 0.333018
0.876888 0.366619
0.878353 0.399945
0.881039 0.430097
0.883541 0.624012
0.882809 0.662221
0.890835 0.700674
0.882443 0.731742
0.887112 0.795923
0.882992 0.866359
0.887661 0.90405
0.886227 0.934172
0.877956 0.960326
0.884976 1
0.89935 0.00271615
0.892575 0.0647298
0.90701 0.0876492
0.90408 0.146825
0.894894 0.192907
0.895627 0.232978
0.908017 0.256874
0.899869 0.320109
0.900174 0.347179
0.902493 0.383282
0.90936 0.431104
0.897427 0.476241
0.903195 0.517045
0.896939 0.548967
0.895566 0.580157
0.910642 0.603717
0.906064 0.646077
0.907102 0.748314
0.910367 0.811396
0.893002 0.833033
0.909757 0.861202
0.910337 0.920652
0.902676 0.976684
0.926084 0.0673849
0.926511 0.120579
0.920316 0.181188
0.926873 0.313892
0.929594 0.526292
0.912259 0.680532
0.921598 0.771355
0.914365 0.892025
0.914945 0.94882
0.922514 0.997223
0.930357 0.00430311
0.94525 0.0419019
0.936064 0.0945769
0.933836 0.14658
0.945585 0.170904
0.942137 0.199866
0.933012 0.239479
0.930326 0.280953
0.930143 0.345378
0.931028 0.373241
0.937223 0.402417
0.946928 0.427961
0.934019 0.45967
0.936186 0.491836
0.932524 0.562883
0.935301 0.590106
0.935575 0.617664
0.940641 0.649739
0.946104 0.677694
0.932737 0.707144
0.945433 0.738731
0.947233 0.789697
0.935179 0.823054
0.938231 0.869564
0.945097 0.902402
0.936064 0.932218
0.93939 0.970244
0.960204 0.00100711
0.962462 0.142125
0.962188 0.21836
0.963383 0.246962
0.962641 0.274378
0.95291 0.323374
0.962889 0.356975
0.95764 0.384655
0.961943 0.453169
0.961852 0.50145
0.954238 0.542927
0.967386 0.604206
0.959044 0.765496
0.966033 0.812708
0.967376 0.851009
0.964385 0.938963
0.968078 0.966002
0.958983 0.995544
0.974303 0.0292672
0.973388 0.0603046
0.968322 0.0903348
0.977905 0.117862
0.984344 0.164403
0.975768 0.306314
0.969481 0.41319
0.985748 0.436781
0.972259 0.566576
0.969695 0.648244
0.976104 0.677908
0.970733 0.707541
0.983673 0.74572
0.983367 0.8858
0.978332 0.912259
0.998993 0.00811792
0.997253 0.0441603
0.998962 0.0887173
0.999908 0.136662
0.996002 0.188818
0.995148 0.227119
0.988891 0.259957
1 0.284982
0.994507 0.325999
0.997375 0.362865
0.999939 0.394086
0.999939 0.462172
0.993713 0.512925
0.999237 0.550432
0.997436 0.587176
0.995178 0.627125
0.998291 0.659078
0.99939 0.693136
0.99588 0.720573
0.999634 0.784051
0.992462 0.821375
0.996002 0.849361
0.997162 0.931822
0.998718 0.989624
