982
0.00515763 0.0181585
0.0158391 0.0521256
0.00308237 0.0898465
0.00521867 0.13422
0.006592 0.170293
0.00259407 0.209601
0.00219733 0.247566
0.013184 0.296396
0.00360118 0.35197
0.000152593 0.380047
0.0105594 0.406476
0.005768 0.433454
0.00100711 0.493759
0.00824 0.55913
0.00106815 0.585345
0.0183721 0.607837
0.00244148 0.634388
0.00689718 0.674978
0.000183111 0.714316
0.00360118 0.74575
0.0115055 0.791681
0.00204474 0.820856
0.00653096 0.855068
0.00219733 0.885922
0.0128178 0.914304
0.00595111 0.945189
0.00375378 0.996582
0.0316477 0.00204474
0.0332957 0.140019
0.0329295 0.211646
0.0240486 0.26899
0.0300302 0.329508
0.0319834 0.35783
0.0321055 0.441023
0.0298471 0.470168
0.0284432 0.503586
0.0293893 0.533189
0.0268868 0.649129
0.0264901 0.69921
0.0244758 0.727958
0.032075 0.754021
0.0310678 0.839839
0.0332652 0.896725
0.0372021 0.926756
0.0289621 0.98294
0.0405591 0.11362
0.0537736 0.173315
0.0417493 0.239723
0.0520341 0.267739
0.0422376 0.29487
0.0455336 0.391278
0.0567339 0.461379
0.0539262 0.492965
0.0393384 0.565447
0.0457167 0.597217
0.0540178 0.630177
0.0409864 0.672597
0.0386059 0.803369
0.0428175 0.953581
0.0561846 0.996033
0.0643025 0.00643941
0.0731834 0.0613422
0.067568 0.0914029
0.0721152 0.133457
0.0654012 0.214942
0.0664998 0.30665
0.0609149 0.366527
0.0687582 0.406995
0.067568 0.436537
0.0712607 0.560594
0.0728782 0.666921
0.0673238 0.693808
0.0606098 0.728904
0.0649739 0.759362
0.0666524 0.787591
0.0723594 0.819361
0.0617695 0.850154
0.0701621 0.933653
0.0909452 0.00311289
0.0828883 0.0311899
0.0935392 0.107425
0.0910977 0.15714
0.0794092 0.188879
0.093936 0.222968
0.0769982 0.247993
0.0868557 0.274117
0.0820338 0.329966
0.0890225 0.358837
0.0892666 0.466811
0.0851466 0.501724
0.0793176 0.534379
0.0795007 0.594165
0.0867031 0.718223
0.0947905 0.746727
0.0921964 0.843867
0.0891446 0.880917
0.079104 0.907163
0.0867946 0.955779
0.0802637 0.982757
0.103885 0.0737022
0.106021 0.133549
0.111454 0.190191
0.108188 0.252754
0.100009 0.30546
0.0978118 0.385907
0.103763 0.417615
0.111423 0.487106
0.111454 0.515122
0.101108 0.561388
0.107456 0.588397
0.0961943 0.615802
0.0979339 0.645863
0.0958586 0.687338
0.098178 0.774682
0.105289 0.81222
0.113498 0.861171
0.10773 0.904782
0.0983001 0.93054
0.108402 0.973144
0.11832 0.00192267
0.11478 0.045381
0.131352 0.0726035
0.127476 0.168249
0.128422 0.22132
0.120518 0.280801
0.131748 0.343913
0.127598 0.370708
0.12479 0.400891
0.115635 0.448958
0.131046 0.604877
0.122105 0.632832
0.1236 0.66982
0.115055 0.725974
0.131993 0.919065
0.128483 0.94702
0.11887 0.998199
0.150914 0.00256355
0.14066 0.0347606
0.134495 0.11243
0.141209 0.140721
0.143681 0.194617
0.142674 0.26252
0.134556 0.308664
0.133885 0.42906
0.141484 0.4597
0.143559 0.486923
0.136326 0.529801
0.13654 0.557451
0.150853 0.725578
0.15009 0.782769
0.146153 0.823939
0.142216 0.859188
0.134892 0.886929
0.137547 0.972564
0.147526 0.997559
0.167882 0.0562456
0.161168 0.0902737
0.156529 0.166173
0.169988 0.205481
0.152867 0.237159
0.168096 0.271889
0.161077 0.331309
0.163549 0.370617
0.154546 0.404859
0.162908 0.440779
0.169439 0.501938
0.158666 0.592029
0.158696 0.646107
0.160161 0.674612
0.165838 0.703177
0.169256 0.843837
0.161199 0.89639
0.164708 0.950102
0.186438 0.0334788
0.183752 0.10535
0.174596 0.134129
0.172155 0.300333
0.189367 0.392071
0.178625 0.472915
0.173772 0.535142
0.172033 0.568224
0.185217 0.599231
0.185583 0.648762
0.18717 0.678243
0.180914 0.735923
0.180364 0.782464
0.17542 0.811182
0.184454 0.927732
0.175848 0.990722
0.198645 0.00512711
0.202338 0.0671407
0.195502 0.183935
0.192633 0.259194
0.207434 0.292795
0.192785 0.319254
0.191931 0.362621
0.198859 0.438978
0.207099 0.468001
0.19892 0.575549
0.203955 0.701529
0.207587 0.789819
0.202368 0.817042
0.195898 0.850795
0.194067 0.899014
0.196692 0.966185
0.206635 1.027
0.226569 0.0939055
0.211707 0.121006
0.219275 0.14716
0.225379 0.210395
0.214423 0.241371
0.222388 0.268044
0.220374 0.318186
0.215827 0.347728
0.222938 0.388989
0.221198 0.421766
0.22718 0.449782
0.211463 0.503189
0.226417 0.535508
0.224372 0.563189
0.217963 0.596454
0.209845 0.625294
0.212745 0.665578
0.215857 0.727012
0.216193 0.764275
0.226661 0.835169
0.213538 0.920225
0.219886 0.948119
0.23484 0.00399792
0.231269 0.0308847
0.230689 0.0597552
0.242256 0.117161
0.24247 0.17188
0.237556 0.292978
0.242409 0.367229
0.244911 0.407331
0.234199 0.485153
0.243141 0.512375
0.241615 0.631275
0.243873 0.687643
0.242775 0.72338
0.237342 0.782189
0.2425 0.811792
0.238624 0.863979
0.236793 0.898801
0.233467 0.971526
0.259316 0.0262459
0.252632 0.0774255
0.264901 0.102298
0.257515 0.144932
0.260109 0.228278
0.250191 0.253578
0.253609 0.325877
0.263253 0.386059
0.263955 0.452193
0.260353 0.478805
0.258217 0.555467
0.251259 0.5815
0.260048 0.659078
0.261452 0.757103
0.2631 0.834071
0.256325 0.921232
0.261208 0.998383
0.282205 0.000274667
0.281381 0.0634175
0.281136 0.129154
0.281991 0.166509
0.272378 0.200812
0.279641 0.252419
0.268593 0.298868
0.280343 0.32844
0.266152 0.351726
0.269356 0.421216
0.272134 0.509506
0.27134 0.615864
0.276894 0.696646
0.277016 0.723563
0.273019 0.781579
0.275521 0.808527
0.276894 0.859676
0.272317 0.889737
0.283883 0.919767
0.281564 0.948912
0.297922 0.0290536
0.291238 0.0919523
0.287606 0.226295
0.300882 0.346507
0.29548 0.389477
0.301889 0.461135
0.29313 0.488418
0.293588 0.549364
0.300912 0.617176
0.286599 0.64214
0.285928 0.670125
0.301035 0.755974
0.303446 0.881497
0.291574 0.998749
0.309091 0.00408948
0.319346 0.0607318
0.304544 0.145329
0.308145 0.179083
0.311686 0.2125
0.306528 0.269631
0.306467 0.297372
0.303903 0.433424
0.322428 0.534501
0.31962 0.561632
0.311899 0.592395
0.317667 0.643788
0.303903 0.701437
0.311655 0.727683
0.305856 0.787347
0.304086 0.833857
0.322611 0.912625
0.306284 0.936064
0.320444 0.998474
0.339885 0.00207526
0.328928 0.0294198
0.33903 0.0817286
0.329569 0.110019
0.330454 0.161382
0.337352 0.221992
0.329203 0.250496
0.332804 0.288888
0.322947 0.320902
0.327036 0.352855
0.328806 0.382611
0.33726 0.416822
0.332774 0.448927
0.325663 0.475082
0.33079 0.50148
0.330515 0.616718
0.332316 0.672781
0.328074 0.765648
0.326731 0.813623
0.329844 0.853236
0.333811 0.961516
0.347453 0.0560015
0.346843 0.196722
0.355815 0.256478
0.355724 0.303507
0.351604 0.332713
0.359996 0.400891
0.352855 0.471236
0.346904 0.561846
0.346141 0.58916
0.352245 0.6545
0.356639 0.684988
0.347392 0.720054
0.352336 0.746818
0.354961 0.805414
0.359294 0.832087
0.342021 0.883785
0.358959 0.910947
0.355052 0.998535
0.371807 0.0378429
0.372021 0.0755333
0.361217 0.104892
0.365062 0.171178
0.372265 0.215918
0.365429 0.370647
0.365001 0.428266
0.363353 0.507096
0.367595 0.539872
0.376904 0.576922
0.379254 0.605487
0.366955 0.629871
0.373791 0.725669
0.364483 0.776055
0.368572 0.858791
0.36848 0.944578
0.366436 0.972869
0.387249 0.00021363
0.393384 0.0539262
0.387463 0.110996
0.382 0.14481
0.398419 0.191076
0.394391 0.255715
0.382702 0.28309
0.38435 0.315592
0.387402 0.352184
0.387677 0.388714
0.388348 0.452223
0.392041 0.519303
0.397351 0.629688
0.382122 0.664296
0.392437 0.70159
0.396466 0.769127
0.38728 0.812799
0.391278 0.840754
0.382763 0.882626
0.390606 0.911985
0.410352 0.0184332
0.398938 0.085696
0.404157 0.162053
0.407697 0.219855
0.409742 0.30665
0.415143 0.343211
0.400952 0.422834
0.405103 0.475448
0.410993 0.559038
0.415937 0.649281
0.409009 0.675558
0.401624 0.727409
0.410199 0.796594
0.408429 0.863094
0.411054 0.890957
0.413495 0.941618
0.398938 0.993774
0.425947 0.077517
0.420484 0.107212
0.426862 0.135777
0.425794 0.192969
0.419019 0.279519
0.420881 0.37553
0.424879 0.402325
0.423261 0.444075
0.435133 0.472152
0.423078 0.496658
0.431349 0.539964
0.424665 0.586291
0.428541 0.61568
0.430982 0.728355
0.424451 0.754753
0.432203 0.834376
0.423841 0.915677
0.424604 0.969573
0.427168 0.997803
0.45497 0.00598163
0.441847 0.0451674
0.453444 0.0753502
0.454512 0.140812
0.446883 0.175634
0.451674 0.212897
0.442366 0.241523
0.447005 0.292062
0.438673 0.329752
0.452712 0.367107
0.453169 0.398144
0.441725 0.423902
0.455397 0.526292
0.448012 0.640034
0.437239 0.696646
0.449934 0.766716
0.445387 0.80755
0.436934 0.861721
0.453597 0.936796
0.467757 0.0319834
0.455611 0.108585
0.471572 0.191717
0.468947 0.237312
0.473067 0.278146
0.469253 0.339824
0.473708 0.420148
0.458785 0.45201
0.462081 0.479263
0.474471 0.504776
0.457869 0.553697
0.462661 0.668264
0.462996 0.704489
0.461989 0.740135
0.471999 0.792108
0.465804 0.82693
0.467025 0.867305
0.460372 0.910642
0.471847 0.961211
0.464583 0.996368
0.477371 0.0582598
0.479293 0.0852382
0.484725 0.126957
0.478622 0.155278
0.479141 0.31196
0.49324 0.397809
0.489547 0.452925
0.49263 0.479782
0.484603 0.559221
0.481002 0.612415
0.482955 0.642811
0.483077 0.934873
0.493423 0.990814
0.500687 0.0100101
0.506027 0.0462355
0.508316 0.076632
0.511093 0.112339
0.504898 0.14774
0.49913 0.178411
0.494003 0.208808
0.497787 0.236946
0.506699 0.264077
0.503037 0.297494
0.49678 0.333689
0.501083 0.370281
0.502365 0.426221
0.508896 0.504562
0.502701 0.530869
0.494644 0.588336
0.510849 0.613758
0.51207 0.656117
0.493667 0.679006
0.505692 0.714286
0.497208 0.747429
0.494797 0.774804
0.503861 0.826563
0.496139 0.860073
0.501083 0.89053
0.510208 0.941801
0.511582 0.970702
0.519822 0.198218
0.521531 0.318461
0.530076 0.349559
0.526078 0.404065
0.518326 0.559679
0.525651 0.683218
0.521683 0.801355
0.525681 0.847896
0.519944 0.914121
0.535356 0.00460829
0.534166 0.0318613
0.532334 0.0606403
0.533586 0.0967132
0.535905 0.141789
0.531938 0.17127
0.535905 0.226417
0.531571 0.253304
0.534806 0.283639
0.534959 0.377758
0.535478 0.468337
0.545122 0.57036
0.534135 0.598346
0.534837 0.631855
0.532121 0.733055
0.533525 0.76751
0.546281 0.813929
0.548967 0.863247
0.547075 0.937498
0.540391 0.968047
0.538133 0.999695
0.56209 0.0401318
0.557085 0.0715049
0.557146 0.117832
0.568041 0.172979
0.551897 0.198462
0.565172 0.227454
0.557543 0.265786
0.566363 0.297708
0.562578 0.325938
0.563982 0.361675
0.551408 0.441816
0.562914 0.466933
0.562487 0.502945
0.556017 0.530778
0.55678 0.615528
0.554949 0.669851
0.551592 0.711447
0.565447 0.741874
0.558428 0.781487
0.565996 0.834193
0.55797 0.900632
0.567614 0.956206
0.570238 0.0124516
0.582507 0.0959502
0.572558 0.145512
0.585101 0.203864
0.587451 0.248115
0.58327 0.381909
0.58681 0.440931
0.573504 0.579241
0.574969 0.650594
0.585742 0.687124
0.588397 0.719962
0.584674 0.76867
0.572283 0.804926
0.572741 0.926359
0.576708 0.992218
0.599902 0.00616474
0.598559 0.0333262
0.588702 0.0597858
0.596789 0.164861
0.602679 0.273721
0.589984 0.320994
0.594165 0.408582
0.589679 0.492752
0.599933 0.531541
0.602557 0.565569
0.594958 0.601276
0.605396 0.74868
0.603198 0.801111
0.594226 0.90582
0.594836 0.954009
0.625263 0.0262764
0.618274 0.0530717
0.615589 0.0825831
0.61388 0.111667
0.622547 0.148534
0.619404 0.190008
0.624653 0.223701
0.617756 0.313425
0.609455 0.348155
0.60979 0.375683
0.61626 0.488479
0.617786 0.629627
0.610675 0.65688
0.615131 0.683737
0.617695 0.772546
0.610065 0.829798
0.612415 0.857601
0.620899 0.884213
0.619007 0.920652
0.624989 0.954558
0.611408 0.999206
0.6404 0.0714744
0.642781 0.0986663
0.643849 0.132145
0.627216 0.253945
0.636555 0.360057
0.628956 0.403943
0.627064 0.431288
0.62801 0.463424
0.641835 0.50502
0.627308 0.543626
0.631428 0.577349
0.644093 0.601154
0.639332 0.646077
0.627857 0.711844
0.633015 0.744102
0.638905 0.828333
0.65508 0.00625629
0.649464 0.178533
0.648061 0.206397
0.650533 0.237892
0.648274 0.285257
0.657521 0.336589
0.648396 0.385327
0.65981 0.415967
0.656484 0.450117
0.651509 0.477432
0.652882 0.559557
0.661183 0.628437
0.648518 0.691183
0.655446 0.76339
0.652547 0.799921
0.651845 0.859493
0.650624 0.8876
0.648335 0.927518
0.66036 0.957213
0.649831 0.999573
0.664479 0.0561235
0.667592 0.10947
0.665273 0.155278
0.675375 0.192785
0.677084 0.220313
0.668203 0.260079
0.68334 0.284707
0.665334 0.308817
0.682516 0.362407
0.680288 0.434767
0.679495 0.499161
0.66921 0.532914
0.68099 0.564043
0.668447 0.589007
0.668752 0.667714
0.674947 0.705588
0.680349 0.789697
0.675893 0.837367
0.679311 0.865841
0.668966 0.908139
0.675252 0.980743
0.686239 0.0359813
0.694815 0.0779748
0.701834 0.126652
0.692892 0.162236
0.695456 0.24131
0.694479 0.31138
0.683889 0.392468
0.687674 0.473312
0.695334 0.522477
0.697317 0.616474
0.68984 0.65096
0.693625 0.6798
0.689932 0.743034
0.69921 0.768578
0.69985 0.907041
0.691397 0.935758
0.702261 0.960631
0.708243 0.001648
0.720145 0.0340892
0.721274 0.168126
0.70925 0.198035
0.718345 0.224464
0.714225 0.269295
0.712973 0.339366
0.710685 0.390667
0.702628 0.416303
0.712394 0.44908
0.719718 0.510697
0.707358 0.548906
0.721305 0.709403
0.719443 0.744072
0.703513 0.808466
0.702841 0.837428
0.705618 0.875149
0.706839 0.989746
0.727348 0.0907926
0.72573 0.140019
0.740165 0.240211
0.729301 0.300485
0.72222 0.364666
0.734794 0.42967
0.731071 0.484542
0.739525 0.557268
0.722617 0.581378
0.726951 0.608356
0.732719 0.642445
0.722434 0.675191
0.730918 0.811945
0.726676 0.856014
0.728111 0.889828
0.731712 0.917661
0.724052 0.944029
0.729453 0.971831
0.750267 0.0028077
0.750786 0.0375072
0.756401 0.0756859
0.747826 0.116001
0.747581 0.202063
0.742363 0.267525
0.742576 0.331584
0.740776 0.389416
0.75692 0.412793
0.753777 0.507492
0.747032 0.696615
0.748405 0.760216
0.756798 0.796716
0.752617 0.86816
0.752251 0.937559
0.760704 0.170141
0.775475 0.267281
0.768365 0.303568
0.771142 0.331187
0.768914 0.384289
0.765648 0.444716
0.76516 0.480636
0.766778 0.564318
0.759362 0.607349
0.759362 0.638142
0.759423 0.670125
0.7593 0.734489
0.764641 0.836482
0.768517 0.910825
0.762505 0.967498
0.769921 0.999237
0.791986 0.0245979
0.781671 0.0496841
0.789331 0.105655
0.783837 0.133763
0.787927 0.163884
0.781823 0.197913
0.791742 0.240913
0.793451 0.290811
0.791314 0.360576
0.790704 0.415113
0.795129 0.450941
0.779504 0.519517
0.781091 0.587298
0.787591 0.630482
0.785211 0.65981
0.783746 0.721854
0.785852 0.801843
0.796472 0.851588
0.796197 0.878658
0.786248 0.95407
0.811396 0.00372326
0.808466 0.0597247
0.812921 0.190222
0.812525 0.219123
0.812555 0.262368
0.805689 0.332835
0.815088 0.401593
0.800409 0.479995
0.811945 0.517685
0.800195 0.552293
0.808252 0.579974
0.815027 0.636097
0.815455 0.671773
0.812097 0.712943
0.807855 0.740928
0.804132 0.774132
0.803339 0.823237
0.797967 0.928587
0.810266 0.968932
0.798242 0.997894
0.822108 0.0333262
0.821284 0.0881375
0.828486 0.117252
0.81872 0.145665
0.834223 0.242683
0.820368 0.301218
0.834956 0.369365
0.83285 0.423841
0.833399 0.479537
0.833796 0.569018
0.828913 0.761345
0.823725 0.800989
0.826197 0.848903
0.819391 0.903623
0.829951 0.991668
0.843104 0.0011597
0.837672 0.0611591
0.853023 0.179662
0.842219 0.207373
0.837916 0.27192
0.84814 0.300729
0.838221 0.334117
0.847255 0.394238
0.841212 0.452071
0.854183 0.501053
0.835902 0.533097
0.848262 0.600696
0.840876 0.628712
0.84991 0.668661
0.835536 0.693136
0.851985 0.740013
0.839961 0.824183
0.84167 0.875423
0.839076 0.931547
0.838435 0.961669
0.862331 0.0325327
0.855464 0.0903348
0.85989 0.145817
0.872951 0.209723
0.865108 0.259041
0.872799 0.333628
0.868007 0.363292
0.870724 0.411817
0.870327 0.440168
0.861873 0.469985
0.862484 0.55153
0.868801 0.6386
0.861202 0.706687
0.855129 0.771935
0.856136 0.801172
0.867733 0.868984
0.865017 0.94525
0.859249 0.993683
0.879055 0.00125126
0.891568 0.0442213
0.877743 0.0704062
0.885464 0.0977203
0.888852 0.139256
0.879666 0.174413
0.884701 0.283944
0.885769 0.389264
0.880947 0.518265
0.876492 0.596149
0.875179 0.679464
0.879818 0.754234
0.882443 0.808252
0.876186 0.836451
0.875362 0.899655
0.886776 0.929258
0.88818 0.987945
0.907865 0.0120548
0.905301 0.068392
0.902066 0.195593
0.895413 0.244636
0.892392 0.310709
0.896176 0.348491
0.897214 0.419294
0.901547 0.462722
0.909177 0.48912
0.904874 0.54149
0.905179 0.578082
0.897366 0.632191
0.894467 0.713767
0.907224 0.73928
0.903928 0.835597
0.905332 0.868648
0.909177 0.902707
0.924863 0.033723
0.916196 0.137089
0.923551 0.179052
0.9288 0.211249
0.912625 0.267678
0.91702 0.323252
0.91641 0.366497
0.923124 0.403516
0.923582 0.517624
0.92877 0.55443
0.911161 0.604877
0.914029 0.658467
0.920408 0.687826
0.930021 0.766167
0.914029 0.791284
0.925199 0.818415
0.923795 0.931822
0.926847 0.958739
0.913266 0.999481
0.934599 0.0011597
0.935728 0.0698569
0.939451 0.119358
0.940886 0.154424
0.933988 0.239235
0.943327 0.266762
0.934904 0.296152
0.947691 0.341502
0.933836 0.442488
0.939695 0.478988
0.939787 0.586474
0.931578 0.637379
0.947783 0.671071
0.947874 0.701041
0.939695 0.730094
0.936766 0.854335
0.931455 0.882321
0.967101 0.00173955
0.951964 0.0318613
0.954588 0.093173
0.968017 0.178625
0.958525 0.205451
0.962279 0.233924
0.961455 0.291147
0.966735 0.31901
0.957518 0.381878
0.966033 0.43614
0.949126 0.504196
0.954283 0.531999
0.950163 0.616016
0.96408 0.642476
0.956786 0.782708
0.950743 0.828394
0.968078 0.854427
0.951872 0.910398
0.951659 0.939268
0.964202 0.967376
0.949522 0.996368
0.9859 0.0259407
0.971618 0.0504166
0.985351 0.0779138
0.976684 0.115787
0.986358 0.147618
0.970611 0.264992
0.975616 0.348979
0.970397 0.46971
0.981719 0.497665
0.981994 0.524735
0.971252 0.557878
0.973418 0.681509
0.977935 0.708151
0.970428 0.751244
0.97528 0.806207
0.972533 0.886441
0.985534 0.939329
0.986084 0.999084
0.998657 0.00128178
0.998901 0.0540178
0.998871 0.176611
0.997162 0.207709
0.989898 0.235542
0.99823 0.269723
0.998566 0.297006
0.996735 0.325022
0.991546 0.370678
0.999298 0.400647
0.994842 0.429914
0.998871 0.470321
0.998688 0.5674
0.997589 0.605731
0.999268 0.633808
0.999054 0.663167
0.993286 0.732719
0.998871 0.770348
0.990265 0.834773
0.999786 0.862972
0.990295 0.912809
0.993774 0.969787
1.02973 0.0159823
1.02997 0.0876592
1.05522 0.237725
1.05538 0.527491
1.0608 0.681658
1.05226 0.93762
1.0647 0.745119
