1209
0.00119022 0.00662252
0.000152593 0.0368664
0.0177618 0.0602741
0.00170904 0.0970183
0.00161748 0.193304
0.00265511 0.235054
0.0132145 0.27543
0.012299 0.309458
0.0112003 0.339946
0.00701926 0.386456
0.000457778 0.431135
0.00607318 0.458449
0.00491348 0.489181
0.0165715 0.516526
0.0112308 0.553911
0.00204474 0.598071
0.00350963 0.646168
0.00369274 0.673452
0.00155644 0.704367
0.000793481 0.737449
0.0151067 0.760979
0.00473037 0.827113
0.00103763 0.879055
0.000976592 0.937864
0.00717185 0.965148
0.00375378 0.993103
0.0290231 0.0324107
0.0300913 0.0939055
0.019837 0.124973
0.0307321 0.150304
0.0341197 0.185522
0.0226753 0.210761
0.0362865 0.252083
0.0365001 0.327586
0.0314341 0.37431
0.0311899 0.401807
0.037141 0.428755
0.0360729 0.457228
0.0353099 0.490921
0.0236518 0.579272
0.0232856 0.620289
0.031312 0.656484
0.0341502 0.692862
0.0276803 0.720969
0.0373015 0.727558
0.0245674 0.79281
0.0336009 0.825007
0.0209967 0.851497
0.0335704 0.87759
0.0199591 0.901669
0.028901 0.928495
0.0310678 0.995849
0.0482498 0.000183111
0.0214261 0.0300264
0.0516068 0.0625324
0.0209351 0.0944784
0.0549333 0.220099
0.0467544 0.278512
0.056856 0.410413
0.0394909 0.538072
0.0510269 0.56444
0.0467238 0.59743
0.0482498 0.632862
0.0435456 0.704374
0.0266645 0.729771
0.0271896 0.766825
0.0515152 0.796564
0.0502029 0.847713
0.0260022 0.867779
0.0324891 0.896746
0.0522782 0.901059
0.0258729 0.939384
0.0399792 0.963256
0.0570696 0.0357982
0.0730003 0.0814844
0.0599689 0.116245
0.0579241 0.147679
0.0647298 0.194891
0.0690023 0.247627
0.0667745 0.310556
0.0573443 0.345805
0.0628071 0.378491
0.0784855 0.426577
0.0638142 0.447371
0.0634175 0.485366
0.0632038 0.515244
0.0699789 0.542497
0.0711997 0.583789
0.0734581 0.623524
0.044192 0.65124
0.0601825 0.673635
0.0468095 0.717973
0.0572222 0.752708
0.0627155 0.822016
0.0680258 0.877834
0.0719222 0.890728
0.0642415 0.927946
0.0641499 0.982696
0.0767235 0.00964385
0.0835597 0.0539262
0.0856044 0.107089
0.0837123 0.13422
0.0880154 0.167089
0.0821558 0.224128
0.0867031 0.281747
0.0824915 0.33253
0.0944853 0.362072
0.0821781 0.412073
0.0861232 0.400891
0.0894803 0.439467
0.0837509 0.466579
0.0922566 0.662411
0.0998864 0.679477
0.0786157 0.700919
0.0840175 0.729148
0.0857265 0.773705
0.0923795 0.803034
0.0829798 0.846797
0.108167 0.878551
0.0904853 0.891563
0.103603 0.929505
0.0848109 0.947203
0.0914945 0.999023
0.113742 0.00262459
0.103702 0.0320444
0.109806 0.0778527
0.113254 0.11478
0.0957366 0.195013
0.112857 0.300302
0.109867 0.327586
0.115462 0.373746
0.108529 0.401437
0.0530272 0.427445
0.110019 0.457839
0.0994903 0.489975
0.102115 0.535783
0.106174 0.569811
0.0983917 0.612445
0.0954009 0.653615
0.112705 0.683615
0.110385 0.723228
0.107425 0.754265
0.106693 0.826838
0.112247 0.855068
0.0976287 0.87759
0.102725 0.904935
0.113071 0.942381
0.0949903 0.977638
0.101657 0.970366
0.123051 0.051149
0.114475 0.151219
0.126469 0.18424
0.103923 0.215568
0.118442 0.218818
0.116642 0.245766
0.132756 0.269906
0.122471 0.362102
0.114628 0.389264
0.127384 0.424512
0.129795 0.485061
0.117511 0.511922
0.125248 0.601093
0.119388 0.631581
0.119197 0.671225
0.122116 0.685094
0.122074 0.796808
0.108278 0.869128
0.127812 0.88638
0.121082 0.894114
0.121097 0.993225
0.133122 0.0251778
0.142399 0.0722068
0.146766 0.0816339
0.140263 0.119114
0.14774 0.157994
0.142226 0.206118
0.146947 0.239906
0.159667 0.229704
0.139677 0.296148
0.144932 0.328776
0.124629 0.360926
0.146794 0.396252
0.138829 0.450087
0.154873 0.498661
0.145634 0.515854
0.147618 0.543565
0.140263 0.577502
0.155335 0.606087
0.138615 0.675161
0.135996 0.689099
0.148869 0.726798
0.134831 0.751061
0.14597 0.783197
0.151769 0.810724
0.133122 0.837458
0.121474 0.880342
0.148228 0.906949
0.140281 0.934222
0.136692 0.962401
0.160741 0.00473037
0.157262 0.0406507
0.155097 0.0666987
0.167046 0.115311
0.168798 0.175085
0.164701 0.216861
0.168981 0.209449
0.16541 0.278878
0.163915 0.308359
0.157506 0.368877
0.163518 0.428877
0.166966 0.459519
0.164861 0.48912
0.168706 0.580126
0.160536 0.590952
0.15537 0.614551
0.152745 0.651723
0.153356 0.700095
0.169408 0.768639
0.164422 0.900689
0.152104 0.861629
0.161661 0.951263
0.158269 0.999145
0.188543 0.00589007
0.179347 0.0415779
0.184057 0.038789
0.168949 0.0502338
0.171484 0.0886258
0.174444 0.141331
0.0923492 0.222381
0.186346 0.247261
0.181677 0.339152
0.176916 0.394177
0.188627 0.484879
0.177862 0.523545
0.175028 0.552118
0.17951 0.63393
0.193191 0.655292
0.174383 0.674856
0.185247 0.707541
0.188757 0.744652
0.178869 0.804102
0.176763 0.833583
0.181646 0.86877
0.181951 0.897214
0.171484 0.925748
0.18131 0.969787
0.187414 0.99881
0.196216 0.0757268
0.194708 0.10358
0.192816 0.162603
0.195349 0.193762
0.194708 0.221351
0.201331 0.283883
0.204077 0.320811
0.20838 0.349803
0.202551 0.382519
0.204169 0.416669
0.190985 0.442091
0.192724 0.470626
0.207221 0.518235
0.207068 0.548357
0.195166 0.573229
0.194952 0.608936
0.216036 0.623425
0.204871 0.664083
0.200726 0.669802
0.206817 0.761229
0.194494 0.780389
0.200232 0.849269
0.207556 0.885525
0.205939 0.91406
0.193426 0.942228
0.220069 0.0253914
0.209632 0.0512711
0.226569 0.0873135
0.212012 0.124424
0.226067 0.159753
0.216468 0.176702
0.219825 0.206732
0.219733 0.235237
0.219733 0.262215
0.231671 0.296127
0.213199 0.390984
0.227897 0.453521
0.215949 0.456923
0.21128 0.490341
0.223731 0.582751
0.225218 0.613293
0.222968 0.643788
0.220588 0.709891
0.213198 0.749182
0.216529 0.751274
0.223182 0.780358
0.216209 0.782624
0.214362 0.819697
0.224738 0.940489
0.211707 0.969115
0.222571 0.994873
0.236793 0.0574053
0.245216 0.109806
0.227912 0.151921
0.231608 0.175489
0.239412 0.279517
0.237922 0.304086
0.235337 0.336086
0.239601 0.348949
0.244972 0.382305
0.232398 0.425275
0.239692 0.486404
0.234138 0.535874
0.237709 0.670095
0.243629 0.724296
0.242836 0.760582
0.245705 0.807031
0.241401 0.836024
0.240181 0.873928
0.235969 0.910428
0.247993 0.0036317
0.259011 0.0364086
0.25274 0.0241218
0.253883 0.144749
0.250038 0.204474
0.247566 0.237892
0.250008 0.270455
0.258178 0.325791
0.264321 0.403363
0.247871 0.450392
0.263955 0.522416
0.256142 0.556932
0.25309 0.595233
0.25071 0.62508
0.260805 0.654553
0.253243 0.696921
0.273868 0.92005
0.250893 0.934385
0.256508 0.964171
0.275094 0.00640889
0.259963 0.0355831
0.266457 0.0741295
0.280496 0.12299
0.269478 0.167577
0.280007 0.202704
0.27488 0.242164
0.266457 0.297281
0.277352 0.346965
0.275063 0.375195
0.271279 0.432264
0.275094 0.458876
0.273537 0.495926
0.281589 0.582007
0.282615 0.595485
0.27131 0.66335
0.280038 0.692434
0.282235 0.719413
0.281838 0.748924
0.268624 0.782067
0.276681 0.808344
0.273293 0.839381
0.282113 0.872768
0.266701 0.908719
0.283242 0.930814
0.2928 0.981239
0.26896 0.994507
0.302622 0.0102237
0.292093 0.0363781
0.293954 0.0845668
0.300546 0.220496
0.296762 0.278939
0.303476 0.321726
0.29902 0.40022
0.299661 0.437574
0.294997 0.47827
0.298044 0.516861
0.292917 0.544481
0.287484 0.582324
0.293771 0.6086
0.285104 0.635731
0.300333 0.658864
0.302988 0.898251
0.308844 0.936877
0.290994 0.959929
0.302011 0.991699
0.307657 0.116794
0.306223 0.14948
0.311747 0.17597
0.306528 0.24897
0.31843 0.298135
0.317041 0.342377
0.322642 0.362163
0.31585 0.362482
0.317606 0.462111
0.320231 0.548875
0.314402 0.575976
0.322428 0.624103
0.308419 0.696379
0.311686 0.724845
0.321818 0.749962
0.310099 0.775262
0.316659 0.813433
0.313913 0.822413
0.304636 0.849788
0.319407 0.874142
0.319919 0.92037
0.316874 0.948058
0.312397 0.950703
0.334587 0.00698539
0.333445 0.0390942
0.327891 0.0686056
0.332041 0.100192
0.340403 0.135014
0.340709 0.173559
0.334849 0.203955
0.329234 0.233039
0.339549 0.280953
0.32899 0.335215
0.350746 0.353905
0.329112 0.403699
0.331797 0.434889
0.324534 0.504593
0.339213 0.601428
0.338425 0.648081
0.326945 0.67452
0.336192 0.703238
0.34022 0.77163
0.334033 0.78368
0.334758 0.799005
0.335673 0.850368
0.34268 0.89023
0.342072 0.976051
0.354808 0.0703452
0.360302 0.104404
0.358592 0.222724
0.353557 0.30607
0.354472 0.376476
0.34781 0.369887
0.358715 0.457411
0.350505 0.483505
0.34492 0.524705
0.353069 0.556139
0.348753 0.591965
0.355203 0.703656
0.342082 0.731498
0.339531 0.771172
0.327808 0.82282
0.35313 0.87994
0.345164 0.908597
0.349223 0.93582
0.345988 0.966246
0.352702 0.996979
0.366405 0.0114444
0.374004 0.0465407
0.367565 0.151677
0.366497 0.192236
0.370067 0.24778
0.367748 0.281289
0.360759 0.339457
0.376507 0.393323
0.36848 0.420759
0.368358 0.597217
0.362102 0.631642
0.365917 0.661916
0.364483 0.707846
0.368053 0.74395
0.376812 0.776635
0.362468 0.804743
0.365947 0.855922
0.356027 0.88676
0.376872 0.930847
0.373299 0.976379
0.394238 0.0242012
0.396313 0.0616779
0.387249 0.0945463
0.398328 0.125309
0.392834 0.216071
0.403436 0.254421
0.396893 0.267312
0.388592 0.302225
0.390851 0.335704
0.381542 0.362499
0.388775 0.491012
0.381359 0.5262
0.380566 0.567461
0.394696 0.590533
0.378071 0.607872
0.393719 0.699301
0.390881 0.727165
0.388104 0.832575
0.395184 0.874996
0.386883 0.904599
0.392315 0.954314
0.410901 0.001648
0.410259 0.0591562
0.416181 0.0926237
0.424195 0.086876
0.402112 0.158361
0.399213 0.185705
0.414991 0.243202
0.402417 0.412183
0.399762 0.453352
0.410474 0.528031
0.414899 0.56389
0.39342 0.598679
0.401166 0.640034
0.414777 0.670949
0.399487 0.758354
0.40965 0.796136
0.413709 0.854457
0.415143 0.894833
0.407239 0.997223
0.428266 0.0227668
0.419747 0.0794091
0.426283 0.120792
0.415183 0.0740723
0.432508 0.15537
0.419959 0.216532
0.410283 0.266047
0.421888 0.287667
0.428114 0.314096
0.418958 0.343486
0.419202 0.382
0.424696 0.4279
0.433058 0.456435
0.417829 0.488113
0.433668 0.584216
0.427137 0.620197
0.430708 0.647877
0.426252 0.697409
0.421216 0.727866
0.428205 0.755242
0.420789 0.82693
0.418226 0.928678
0.431593 0.948496
0.428083 0.976714
0.443007 0.0471816
0.43399 0.0774357
0.442457 0.0759301
0.455251 0.095135
0.452925 0.137181
0.462795 0.167203
0.438429 0.196661
0.450636 0.22187
0.445845 0.24955
0.447829 0.27662
0.446556 0.336285
0.440168 0.364422
0.45088 0.405591
0.439086 0.468789
0.436872 0.50737
0.43965 0.53798
0.447157 0.672933
0.440535 0.779809
0.446211 0.814325
0.444502 0.843776
0.437674 0.873819
0.441603 0.905087
0.443007 0.940428
0.448927 0.998108
0.459578 0.00704978
0.467208 0.0328379
0.455617 0.0799158
0.456923 0.102878
0.472082 0.153551
0.457869 0.174352
0.458236 0.267982
0.471023 0.320994
0.468825 0.35905
0.465285 0.431898
0.458937 0.468062
0.466567 0.498337
0.46382 0.561785
0.462416 0.595141
0.456984 0.639759
0.460341 0.698813
0.45912 0.743217
0.468398 0.795221
0.474044 0.822199
0.466964 0.872951
0.448289 0.940917
0.461898 0.969878
0.488815 0.0139775
0.479171 0.0584429
0.485031 0.106082
0.479934 0.135197
0.484054 0.162175
0.480855 0.1651
0.477859 0.203162
0.483901 0.237007
0.485733 0.280313
0.477615 0.396771
0.491348 0.439283
0.490585 0.480178
0.485427 0.527848
0.491897 0.574236
0.481063 0.62505
0.477798 0.657643
0.479019 0.720511
0.47972 0.762047
0.484207 0.847804
0.475387 0.907132
0.492202 0.930418
0.489944 0.960021
0.490066 0.996979
0.505997 0.0506302
0.498795 0.0818201
0.508583 0.170826
0.504593 0.213996
0.511917 0.25895
0.496109 0.305246
0.510666 0.34547
0.505203 0.384808
0.508042 0.416608
0.509537 0.459975
0.505783 0.507157
0.495621 0.601428
0.492361 0.617229
0.504746 0.6433
0.515967 0.635463
0.499863 0.684774
0.502579 0.742943
0.501328 0.805414
0.496902 0.880642
0.520463 0.10831
0.517258 0.140263
0.518357 0.18067
0.523759 0.285806
0.529221 0.366894
0.503942 0.483212
0.516648 0.543077
0.517258 0.585528
0.527146 0.623676
0.515271 0.648879
0.529529 0.684614
0.515427 0.710715
0.516648 0.782189
0.523057 0.83343
0.52736 0.860286
0.520035 0.903012
0.517106 0.951415
0.521622 0.988159
0.535142 0.000640889
0.532578 0.0297555
0.539872 0.0731223
0.540035 0.0612028
0.547472 0.133702
0.546281 0.167058
0.546495 0.200018
0.540147 0.231025
0.544176 0.264534
0.539872 0.324778
0.539709 0.358343
0.533891 0.394147
0.549255 0.419816
0.531877 0.444166
0.537143 0.475297
0.535386 0.506821
0.549394 0.530503
0.539079 0.55858
0.540605 0.598926
0.530294 0.631837
0.541887 0.657643
0.540391 0.72866
0.542711 0.765465
0.541154 0.793786
0.548967 0.822016
0.539334 0.88433
0.547136 0.926237
0.555204 0.946689
0.543657 0.967864
0.549292 0.959067
0.560888 0.02918
0.565416 0.0571306
0.552202 0.106601
0.55153 0.294076
0.541314 0.35875
0.558336 0.379345
0.567095 0.469314
0.562578 0.501053
0.565569 0.552171
0.568255 0.587848
0.565111 0.677938
0.550859 0.702658
0.568407 0.729881
0.568804 0.801477
0.558885 0.860561
0.559343 0.902249
0.567431 0.95407
0.563982 0.989563
0.572771 0.00347911
0.578875 0.100711
0.576678 0.135441
0.572832 0.177099
0.574877 0.206397
0.570421 0.234291
0.577685 0.27607
0.576983 0.307596
0.572741 0.33488
0.564398 0.372829
0.577593 0.41023
0.580401 0.440168
0.582049 0.526688
0.569567 0.621632
0.575152 0.651112
0.58095 0.702292
0.569994 0.769189
0.577624 0.834773
0.578109 0.881196
0.565225 0.914602
0.603351 0.0165105
0.599261 0.0442518
0.565672 0.0664968
0.59508 0.0777612
0.601611 0.209754
0.592792 0.24955
0.597705 0.350505
0.591876 0.377087
0.605426 0.430403
0.601001 0.457472
0.588549 0.493423
0.601717 0.510156
0.592486 0.57445
0.606891 0.669668
0.599857 0.736795
0.60033 0.750633
0.599567 0.778466
0.598376 0.854091
0.606159 0.884121
0.597718 0.897082
0.593707 0.911527
0.593982 0.943602
0.595355 0.972625
0.626026 0.000793481
0.622242 0.0622578
0.607837 0.107608
0.614307 0.138676
0.609088 0.172399
0.615925 0.232795
0.622913 0.25956
0.619221 0.28724
0.610706 0.313761
0.614795 0.485488
0.611255 0.521531
0.615589 0.55031
0.625538 0.578997
0.611988 0.60448
0.607471 0.633381
0.618641 0.703055
0.620838 0.730338
0.62569 0.786126
0.61446 0.812555
0.62539 0.840669
0.618519 0.922941
0.622028 0.962859
0.613422 0.994446
0.631489 0.0299387
0.632405 0.0871609
0.635304 0.116367
0.653492 0.134661
0.638295 0.155736
0.633045 0.207068
0.644673 0.235176
0.632238 0.281934
0.645276 0.294014
0.635762 0.339274
0.6386 0.368755
0.628193 0.393689
0.64098 0.418134
0.643818 0.448195
0.639641 0.46848
0.637745 0.499954
0.641926 0.628895
0.636402 0.656697
0.631977 0.756523
0.645009 0.811945
0.630726 0.870357
0.641102 0.900418
0.640479 0.941123
0.639434 0.98694
0.659139 0.0329905
0.652364 0.0596637
0.661397 0.0929289
0.664235 0.124912
0.658986 0.189886
0.636327 0.268393
0.657002 0.318247
0.651398 0.47532
0.646901 0.537187
0.654714 0.564867
0.657491 0.599994
0.662453 0.649751
0.645466 0.693838
0.651326 0.725669
0.671017 0.76487
0.655019 0.783044
0.652608 0.841914
0.656636 0.966033
0.667714 0.00720237
0.647678 0.521237
0.681936 0.0693381
0.665547 0.128615
0.675802 0.165197
0.668142 0.217689
0.681907 0.237327
0.673116 0.255196
0.671316 0.287179
0.66509 0.361431
0.666158 0.396039
0.665822 0.432813
0.674154 0.458724
0.676443 0.516831
0.675314 0.544206
0.680685 0.572527
0.67672 0.61355
0.679311 0.628712
0.673055 0.685385
0.666219 0.751885
0.681327 0.774908
0.675893 0.801904
0.664571 0.875027
0.666189 0.9288
0.682015 0.950771
0.664663 0.996765
0.695822 0.0218818
0.689047 0.0981475
0.698813 0.146825
0.69274 0.197699
0.693228 0.229194
0.702048 0.279702
0.688772 0.308939
0.689413 0.344768
0.688885 0.378017
0.703005 0.397369
0.684164 0.48851
0.701193 0.552568
0.684469 0.602283
0.704305 0.597575
0.702056 0.644664
0.687826 0.658864
0.701926 0.685049
0.684317 0.713736
0.349972 0.720677
0.70384 0.741777
0.684927 0.846583
0.691922 0.873095
0.687429 0.900143
0.696676 0.928007
0.688162 0.977142
0.712485 0.0545976
0.716452 0.0883511
0.704482 0.120369
0.713797 0.175024
0.7181 0.218055
0.707907 0.253151
0.718528 0.328959
0.711661 0.360057
0.714225 0.389721
0.702536 0.41435
0.703373 0.416367
0.709952 0.453536
0.711966 0.49028
0.714107 0.746593
0.704917 0.52266
0.72345 0.602573
0.708487 0.58446
0.718995 0.630947
0.704565 0.637859
0.701922 0.659718
0.702319 0.674698
0.713392 0.732274
0.720481 0.722343
0.706534 0.745811
0.709994 0.746406
0.709647 0.789544
0.70864 0.81933
0.720634 0.973693
0.711173 0.999451
0.728996 0.0265206
0.729484 0.130711
0.737449 0.158818
0.734153 0.241249
0.727836 0.289315
0.73748 0.374035
0.732719 0.410779
0.738945 0.440748
0.731101 0.531693
0.728172 0.560991
0.724113 0.607074
0.717524 0.602962
0.731407 0.636891
0.731864 0.696646
0.719861 0.725438
0.724676 0.736285
0.736167 0.752739
0.74707 0.78523
0.722532 0.78485
0.731773 0.804773
0.740003 0.815235
0.721641 0.852626
0.724662 0.879543
0.721397 0.907834
0.727741 0.940841
0.750297 0.00796533
0.758019 0.042848
0.742851 0.0802942
0.757775 0.107273
0.741874 0.193365
0.75396 0.22682
0.751488 0.267953
0.756371 0.3043
0.742363 0.344462
0.758507 0.419965
0.742759 0.479904
0.747703 0.509232
0.757073 0.557939
0.744102 0.583117
0.762695 0.600428
0.760074 0.614007
0.748039 0.666158
0.757866 0.708914
0.727673 0.751708
0.733859 0.748856
0.758049 0.795648
0.74503 0.802284
0.758812 0.842463
0.752434 0.870479
0.750175 0.901273
0.748924 0.967406
0.741325 0.998901
0.754794 0.0238796
0.776116 0.063509
0.764611 0.134983
0.769585 0.181799
0.765221 0.210364
0.762719 0.23719
0.767571 0.328928
0.77459 0.366039
0.778712 0.441451
0.752888 0.449272
0.772973 0.493667
0.774346 0.524583
0.771325 0.586474
0.760063 0.621815
0.77224 0.65096
0.774071 0.684042
0.762566 0.737175
0.782937 0.78003
0.777337 0.81991
0.763049 0.905293
0.765526 0.934202
0.772615 0.97269
0.769219 0.985931
0.779137 0.0133366
0.784082 0.0967437
0.790582 0.123203
0.792871 0.150487
0.793091 0.222869
0.794946 0.253822
0.797174 0.290414
0.778314 0.399976
0.791528 0.436384
0.787805 0.464034
0.788507 0.561632
0.784326 0.715506
0.78045 0.760918
0.793512 0.79049
0.780847 0.859096
0.786554 0.888852
0.794078 0.938933
0.796838 0.967742
0.805841 0.000427259
0.800043 0.0438551
0.8052 0.0732749
0.811243 0.103397
0.802515 0.176885
0.802515 0.210669
0.803827 0.334178
0.80108 0.38374
0.79133 0.436344
0.814539 0.457686
0.805811 0.485946
0.801935 0.526017
0.804102 0.600177
0.797662 0.627033
0.801935 0.658681
0.805934 0.691061
0.806269 0.739006
0.811121 0.769341
0.805261 0.819269
0.814203 0.847804
0.810816 0.876308
0.80282 0.911344
0.786502 0.972503
0.80633 0.999451
0.824061 0.0219733
0.82638 0.0553301
0.835047 0.0814844
0.82284 0.141179
0.830744 0.189093
0.832823 0.213385
0.817072 0.236244
0.819178 0.265419
0.823054 0.310007
0.830287 0.351817
0.83401 0.379009
0.816858 0.40727
0.830728 0.436127
0.832484 0.479659
0.829401 0.513535
0.829554 0.54445
0.823939 0.580676
0.829981 0.616077
0.828242 0.645009
0.831385 0.679891
0.823481 0.713431
0.833766 0.749474
0.835139 0.894528
0.827052 0.924223
0.832632 0.918677
0.820643 0.953307
0.829707 0.982543
0.838181 0.97547
0.851466 0.000824
0.864406 0.0221485
0.848933 0.121738
0.849361 0.157811
0.845912 0.223487
0.846767 0.255531
0.842586 0.289315
0.84872 0.321757
0.842834 0.414636
0.843226 0.441633
0.841853 0.797632
0.836421 0.831782
0.851131 0.862514
0.837167 0.901761
0.837591 0.915899
0.839804 0.961701
0.849818 0.961058
0.861171 0.0447096
0.859554 0.189154
0.866787 0.275399
0.864498 0.365947
0.863369 0.397107
0.846595 0.446388
0.864101 0.481491
0.842816 0.510656
0.857234 0.516587
0.858272 0.54854
0.854671 0.581286
0.858394 0.617481
0.858913 0.644459
0.863948 0.673238
0.855617 0.712882
0.858272 0.776269
0.868587 0.813196
0.865017 0.886685
0.862697 0.930143
0.855434 0.994659
0.876705 0.0143132
0.889157 0.0452589
0.876125 0.0722373
0.881802 0.100345
0.873714 0.140294
0.881161 0.170904
0.880425 0.207566
0.874172 0.234687
0.879208 0.301645
0.877132 0.333659
0.890194 0.385601
0.875607 0.421216
0.885769 0.452376
0.882397 0.516034
0.883419 0.529588
0.874039 0.556381
0.87701 0.597034
0.885495 0.623951
0.889448 0.700494
0.882809 0.697531
0.895852 0.71202
0.896808 0.719775
0.876064 0.744682
0.888668 0.789727
0.876919 0.846492
0.890713 0.872066
0.880009 0.909276
0.877328 0.963771
0.891781 0.987335
0.904202 0.0129398
0.902127 0.0801111
0.9017 0.121799
0.902768 0.149083
0.908109 0.204688
0.907346 0.234718
0.901303 0.26719
0.901059 0.321146
0.899838 0.360515
0.895413 0.479202
0.902249 0.505356
0.903134 0.57973
0.892483 0.659749
0.908602 0.706356
0.900998 0.732536
0.900266 0.762871
0.901181 0.813959
0.90946 0.845447
0.904477 0.920957
0.901578 0.950499
0.928983 0.00225837
0.926488 0.0305552
0.918149 0.0577105
0.92143 0.0707687
0.926969 0.11066
0.916715 0.172246
0.918119 0.289468
0.921964 0.382183
0.919187 0.425886
0.913083 0.45436
0.921659 0.485153
0.929868 0.516282
0.914945 0.548418
0.911863 0.618183
0.923307 0.683401
0.928159 0.727226
0.918882 0.784661
0.914426 0.893185
0.929136 0.945097
0.924772 0.974853
0.946623 0.0498978
0.935697 0.144749
0.945682 0.177184
0.946745 0.206549
0.939665 0.23545
0.939604 0.266457
0.930875 0.319895
0.935697 0.350261
0.946074 0.397443
0.947264 0.437056
0.941862 0.541368
0.932829 0.570574
0.941221 0.599567
0.933897 0.639668
0.945647 0.703543
0.938383 0.758324
0.948882 0.785302
0.934629 0.811121
0.932371 0.865596
0.936399 0.915921
0.943419 0.998291
0.951506 0.0811487
0.96353 0.124912
0.96292 0.153386
0.967681 0.26896
0.953307 0.299112
0.96115 0.331431
0.964782 0.375958
0.951018 0.464583
0.963622 0.489303
0.965789 0.523942
0.961791 0.581439
0.965575 0.641863
0.961547 0.67336
0.961333 0.737175
0.953124 0.841792
0.95584 0.892117
0.957112 0.883053
0.957366 0.935453
0.956633 0.97409
0.969054 0.0245979
0.979827 0.0657063
0.968822 0.191048
0.969237 0.237709
0.980499 0.352733
0.980773 0.407636
0.980438 0.457564
0.980407 0.551378
0.970092 0.610431
0.98117 0.702567
0.957337 0.86911
0.971984 0.7622
0.962774 0.785691
0.970397 0.806665
0.96564 0.803008
0.978454 0.873531
0.978637 0.914457
0.978149 0.999695
0.995636 0.00790429
0.996521 0.042085
0.995575 0.0905179
0.993133 0.120975
0.996216 0.148442
0.991333 0.176183
0.998321 0.214057
0.995941 0.262978
0.992248 0.289712
0.992527 0.32237
0.999206 0.386486
0.994476 0.433668
0.999725 0.478439
0.990326 0.505478
0.989563 0.589099
0.999115 0.615101
0.998199 0.643361
0.995788 0.674215
0.992981 0.7322
0.999969 0.770928
0.998901 0.802759
0.995758 0.848872
0.998321 0.896145
0.996216 0.942045
0.990844 0.969848
