1041
0.00585955 0.0155339
0.00225837 0.0437635
0.00955229 0.0726035
0.00317392 0.099704
0.00179135 0.1424
0.00784326 0.168554
0.000244148 0.208167
0.0019837 0.246864
0.00714133 0.284402
0.00292978 0.318857
0.004944 0.356944
0.0118107 0.400128
0.00674459 0.427625
0.00308237 0.470351
0.00781274 0.49794
0.00259407 0.529313
0.000305185 0.561113
0.00723289 0.600482
0.000885037 0.630787
0.0163579 0.660512
0.00598163 0.686148
0.00863674 0.713889
0.000183111 0.746025
0.00219733 0.774163
0.00021363 0.803583
0.00561541 0.830989
0.00183111 0.860195
0.00155852 0.887247
0.000274667 0.914457
0.00717185 0.953398
0.00738548 0.997955
0.0379345 0.00167852
0.0365001 0.0779748
0.0229194 0.118473
0.034669 0.171148
0.0222175 0.224342
0.0365612 0.313181
0.0230211 0.336662
0.0343333 0.445448
0.0293588 0.475906
0.0375378 0.502853
0.0254219 0.545671
0.0281991 0.627216
0.033845 0.693808
0.0278024 0.744743
0.0267953 0.785638
0.0351268 0.847896
0.0272835 0.879574
0.0310678 0.930937
0.0302133 0.967254
0.0454115 0.046968
0.0475173 0.104495
0.0390027 0.143162
0.0427259 0.206122
0.0382092 0.252327
0.038789 0.279641
0.0439467 0.353526
0.0417493 0.391827
0.0471511 0.418928
0.0559709 0.470412
0.0392163 0.591937
0.0529801 0.637898
0.0554216 0.66924
0.0438856 0.719871
0.0532853 0.762017
0.044496 0.822596
0.0549028 0.869655
0.0490738 0.903561
0.0712607 0.0255135
0.0636921 0.069277
0.060152 0.161016
0.0717185 0.226081
0.0673238 0.256203
0.0652568 0.284125
0.0701315 0.312265
0.0649739 0.371288
0.0669881 0.441877
0.0658895 0.503372
0.0622272 0.5403
0.0627766 0.576647
0.0622883 0.607379
0.0722983 0.691061
0.0726646 0.722922
0.0602435 0.789453
0.0737393 0.812659
0.0679037 0.840236
0.0630207 0.934324
0.0644551 0.970885
0.0579852 0.999206
0.0881069 0.00360118
0.0906095 0.058565
0.077517 0.0998871
0.0811487 0.137516
0.0914029 0.168096
0.0845973 0.199805
0.0930204 0.284127
0.0870388 0.348796
0.0861843 0.396435
0.0910062 0.515793
0.0881985 0.549821
0.0826441 0.626545
0.0818812 0.660726
0.0912198 0.749077
0.0944243 0.850307
0.0867641 0.8764
0.0770897 0.903287
0.0903653 0.930143
0.0918302 0.957701
0.105075 0.0295724
0.113498 0.074984
0.104617 0.105472
0.10596 0.217261
0.104892 0.24427
0.105075 0.311838
0.102851 0.37049
0.0997345 0.42848
0.10358 0.45793
0.0949126 0.483932
0.111789 0.534501
0.0952788 0.575854
0.107944 0.602222
0.0989105 0.681997
0.100467 0.710685
0.101047 0.776757
0.10123 0.808008
0.0975982 0.988647
0.126133 0.00436415
0.123417 0.0491958
0.118192 0.128632
0.115909 0.156041
0.121799 0.19126
0.128636 0.28544
0.123234 0.349559
0.119053 0.399854
0.127171 0.426344
0.129063 0.468947
0.118442 0.50557
0.131657 0.566637
0.119419 0.630268
0.120304 0.657796
0.13242 0.719077
0.127598 0.782678
0.123295 0.831507
0.118107 0.872097
0.118961 0.907285
0.12598 0.942137
0.124149 0.982391
0.142322 0.0257784
0.135472 0.0930509
0.143773 0.138707
0.147893 0.17777
0.150395 0.212165
0.146306 0.240272
0.131406 0.317065
0.149998 0.383221
0.149144 0.491745
0.150975 0.544053
0.143132 0.593768
0.150243 0.639546
0.137944 0.683309
0.132969 0.75277
0.142247 0.805872
0.150639 0.845241
0.141301 0.892056
0.149876 0.920743
0.151372 0.952483
0.169774 0.0135502
0.164988 0.0401618
0.152959 0.0645466
0.167302 0.120304
0.165227 0.157201
0.164403 0.288156
0.158544 0.321574
0.152104 0.355754
0.156072 0.409436
0.168737 0.436689
0.159642 0.465316
0.16831 0.519059
0.162267 0.568865
0.166662 0.615406
0.163274 0.670949
0.159398 0.719474
0.159795 0.750236
0.15537 0.777642
0.170415 0.823481
0.166784 0.882229
0.163488 0.978149
0.177831 0.0797449
0.177526 0.194983
0.175234 0.222348
0.176061 0.250435
0.186865 0.303476
0.177801 0.345073
0.186132 0.382519
0.177252 0.486038
0.183691 0.545335
0.179479 0.647755
0.187872 0.709281
0.184393 0.739341
0.18128 0.797113
0.187964 0.857997
0.182257 0.915616
0.178381 0.94998
0.183355 0.996216
0.200568 0.00268563
0.193274 0.0375072
0.201743 0.0675432
0.206946 0.116245
0.195074 0.144902
0.196051 0.173131
0.202422 0.205026
0.207251 0.231849
0.195227 0.277779
0.201636 0.330332
0.204138 0.361278
0.199683 0.413953
0.194891 0.445296
0.199408 0.50267
0.191504 0.582873
0.196417 0.623463
0.192755 0.678701
0.190619 0.766991
0.203253 0.814417
0.20365 0.885922
0.207068 0.938444
0.227515 0.0868252
0.217536 0.261238
0.21365 0.301682
0.220435 0.388836
0.223212 0.42732
0.210852 0.475204
0.211341 0.539537
0.215461 0.600543
0.221503 0.659871
0.217963 0.730918
0.222114 0.758476
0.218146 0.790826
0.216651 0.844081
0.220771 0.97055
0.220679 0.999145
0.244942 0.00109867
0.231666 0.0313425
0.241188 0.0579852
0.242775 0.131748
0.230811 0.158452
0.229682 0.202795
0.234474 0.233924
0.241371 0.279519
0.242286 0.315287
0.231941 0.351909
0.245064 0.377697
0.245094 0.41084
0.229682 0.454421
0.231422 0.49971
0.242195 0.536088
0.22956 0.5656
0.243812 0.600513
0.230811 0.626667
0.233375 0.694418
0.240242 0.881344
0.228217 0.908841
0.234474 0.942778
0.26545 0.0352184
0.257607 0.0897244
0.254097 0.182409
0.259255 0.211402
0.260231 0.244636
0.257149 0.342265
0.258126 0.457991
0.257088 0.510758
0.258705 0.557512
0.258736 0.63039
0.249092 0.671407
0.259713 0.713767
0.25602 0.743461
0.254097 0.770592
0.247169 0.819941
0.250191 0.855403
0.252693 0.922147
0.264168 0.961455
0.248665 0.995209
0.275369 0.00402844
0.270852 0.0661031
0.281625 0.116337
0.266823 0.143712
0.267287 0.272518
0.284433 0.296426
0.281136 0.329752
0.270003 0.367762
0.273415 0.399121
0.272408 0.435194
0.266488 0.484725
0.273439 0.532048
0.268197 0.587115
0.275643 0.66097
0.276437 0.691
0.283059 0.731925
0.282418 0.798028
0.27665 0.827601
0.272042 0.881741
0.276216 0.935083
0.293283 0.037019
0.29899 0.0751976
0.296182 0.174261
0.287271 0.223914
0.290231 0.257607
0.293539 0.353561
0.295602 0.383251
0.298318 0.412091
0.288888 0.466048
0.284768 0.506668
0.286508 0.563463
0.292459 0.604358
0.285389 0.633593
0.299966 0.677786
0.30195 0.706778
0.285501 0.763817
0.301096 0.854244
0.292215 0.910886
0.29606 0.955412
0.287393 0.994812
0.311258 0.00192267
0.319466 0.0310939
0.315531 0.113376
0.317484 0.14893
0.30604 0.203528
0.321848 0.291787
0.306375 0.318522
0.31962 0.344707
0.305124 0.442183
0.30665 0.525223
0.314585 0.576556
0.311926 0.63765
0.309839 0.733795
0.318888 0.793817
0.313761 0.822748
0.317789 0.892239
0.311197 0.980224
0.339274 0.0128178
0.332804 0.0544755
0.326518 0.0842311
0.330851 0.177099
0.337962 0.204291
0.325907 0.228523
0.331858 0.260781
0.341258 0.373272
0.32432 0.402844
0.333262 0.438948
0.323618 0.475967
0.326264 0.506895
0.337779 0.532975
0.32374 0.610981
0.324412 0.664632
0.337626 0.688589
0.327864 0.713785
0.325053 0.759728
0.329112 0.857692
0.323313 0.935301
0.354534 0.0767235
0.348582 0.108493
0.344462 0.137303
0.355632 0.164068
0.355113 0.229835
0.35725 0.289376
0.342479 0.313578
0.34785 0.344462
0.350658 0.416272
0.360515 0.503372
0.348582 0.566729
0.349315 0.602344
0.349559 0.631794
0.344096 0.737144
0.348674 0.788751
0.34315 0.822321
0.35725 0.856227
0.344096 0.885067
0.354686 0.912656
0.345714 0.956694
0.351085 0.983093
0.367016 0.00234993
0.362621 0.0327464
0.376385 0.137944
0.372906 0.19303
0.365917 0.254738
0.367046 0.324656
0.37492 0.364452
0.362438 0.392102
0.36787 0.437178
0.362041 0.470016
0.373455 0.536729
0.376293 0.613178
0.360729 0.67452
0.362438 0.701743
0.370312 0.760063
0.370861 0.831751
0.376324 0.953032
0.397046 0.013245
0.388287 0.0475478
0.385388 0.0812403
0.390515 0.11066
0.396039 0.209754
0.390912 0.274636
0.393323 0.303323
0.389691 0.34019
0.384075 0.409986
0.395245 0.439955
0.393261 0.471908
0.392468 0.503464
0.395642 0.557756
0.385601 0.587878
0.385022 0.653218
0.39552 0.688681
0.384045 0.718009
0.395734 0.783197
0.38731 0.81048
0.384088 0.855642
0.380322 0.882962
0.381207 0.926389
0.377916 0.983943
0.410779 0.0708945
0.411267 0.132572
0.399029 0.163152
0.401166 0.241127
0.416608 0.282418
0.406598 0.367595
0.415601 0.408277
0.402753 0.529527
0.403943 0.629841
0.415113 0.754601
0.404187 0.832789
0.405454 0.871895
0.399884 0.90408
0.407727 0.935362
0.404279 0.968749
0.402905 0.998169
0.421216 0.0285043
0.435926 0.0513626
0.436354 0.0810266
0.416322 0.103267
0.434919 0.162328
0.421888 0.186987
0.42552 0.252998
0.430921 0.323923
0.427792 0.351119
0.420453 0.45851
0.432325 0.491531
0.422895 0.556261
0.41908 0.58739
0.435041 0.627552
0.418989 0.656392
0.420881 0.719199
0.426069 0.815302
0.426405 0.852901
0.433332 0.886746
0.426801 0.913022
0.436507 0.938051
0.432081 0.964629
0.434217 0.995331
0.443983 0.00695822
0.451796 0.116214
0.449568 0.187933
0.438154 0.212683
0.453352 0.239021
0.448897 0.279153
0.43672 0.376659
0.450728 0.403333
0.444594 0.435713
0.452528 0.468673
0.43968 0.518357
0.445381 0.582013
0.449873 0.659413
0.438948 0.685507
0.444502 0.752525
0.436934 0.780023
0.452773 0.826197
0.461898 0.0277108
0.470504 0.0665914
0.473006 0.136021
0.474136 0.257912
0.467727 0.317637
0.46437 0.346263
0.462355 0.501267
0.464766 0.533128
0.467116 0.566149
0.468001 0.596576
0.463851 0.630879
0.456587 0.716544
0.468459 0.776055
0.469985 0.803308
0.465102 0.863521
0.460677 0.89111
0.46028 0.920164
0.461196 0.94882
0.470809 0.997528
0.485763 0.0925321
0.482528 0.168798
0.476363 0.200842
0.485061 0.23011
0.483383 0.283303
0.480667 0.373516
0.477706 0.400555
0.481338 0.430341
0.48204 0.474136
0.492508 0.616871
0.487594 0.650136
0.492172 0.677755
0.479507 0.701498
0.477065 0.744407
0.479965 0.831568
0.487777 0.880459
0.48406 0.907708
0.48616 0.934721
0.492538 0.972259
0.4944 0.00711081
0.497055 0.0349742
0.504624 0.0727866
0.495987 0.119022
0.509354 0.142674
0.507645 0.180914
0.500448 0.252591
0.499496 0.31312
0.495071 0.34492
0.505417 0.397015
0.501297 0.450972
0.507706 0.490127
0.498825 0.522294
0.499802 0.557024
0.508499 0.583544
0.511979 0.637135
0.504166 0.712363
0.495987 0.780114
0.497024 0.810388
0.497635 0.853267
0.510877 0.945195
0.510117 0.997681
0.519028 0.0195318
0.521348 0.0977203
0.531144 0.123173
0.528669 0.161317
0.515427 0.221381
0.517289 0.274697
0.527177 0.304392
0.522172 0.342174
0.520005 0.371502
0.519791 0.426893
0.523161 0.468177
0.521836 0.54033
0.523301 0.61037
0.516228 0.665841
0.527573 0.691885
0.518357 0.735649
0.526444 0.805231
0.525925 0.838343
0.520829 0.86935
0.517899 0.898251
0.521622 0.971557
0.53972 0.00134281
0.540605 0.0616779
0.538621 0.20539
0.540941 0.234993
0.550401 0.268624
0.540178 0.391095
0.539268 0.445368
0.535813 0.492416
0.538438 0.568285
0.54677 0.72982
0.534989 0.76162
0.546068 0.882687
0.543931 0.909604
0.539232 0.941343
0.546037 0.998718
0.5674 0.00421155
0.55681 0.0314951
0.564013 0.0867336
0.557054 0.114566
0.550951 0.142644
0.554216 0.179418
0.567034 0.207617
0.556505 0.307657
0.551225 0.349467
0.564653 0.408887
0.56737 0.441359
0.559496 0.469741
0.567919 0.500656
0.554826 0.538285
0.56682 0.576159
0.558367 0.607593
0.560686 0.643757
0.558489 0.675619
0.568255 0.706168
0.563982 0.754906
0.559862 0.786645
0.554125 0.813685
0.569292 0.85226
0.568285 0.935881
0.55681 0.966399
0.579028 0.0587786
0.576629 0.132938
0.573945 0.161214
0.576312 0.259896
0.576717 0.289991
0.577441 0.329875
0.577258 0.35844
0.587634 0.466231
0.581286 0.532426
0.584094 0.66277
0.581622 0.732749
0.585559 0.805902
0.581774 0.885342
0.586932 0.963378
0.578234 0.998413
0.596393 0.012421
0.604846 0.0400098
0.595233 0.0814234
0.601276 0.119083
0.602344 0.160222
0.598773 0.190435
0.590716 0.229102
0.60249 0.253953
0.597156 0.310434
0.592914 0.387127
0.592029 0.427808
0.593917 0.493966
0.596545 0.575213
0.588824 0.633045
0.596454 0.691092
0.589953 0.770318
0.596088 0.850307
0.594012 0.916868
0.604175 0.942625
0.621815 0.000824
0.622364 0.0647298
0.617603 0.0971709
0.62624 0.129368
0.618641 0.211097
0.617328 0.277657
0.619373 0.328959
0.609058 0.356029
0.625721 0.38023
0.608743 0.449647
0.617847 0.480361
0.613971 0.515152
0.614856 0.550249
0.623676 0.580187
0.608081 0.605609
0.62331 0.630543
0.61391 0.655721
0.606207 0.721969
0.616291 0.75164
0.619221 0.793878
0.613666 0.823115
0.615406 0.873226
0.624012 0.904691
0.60802 1
0.631642 0.0383878
0.628834 0.182073
0.629078 0.244789
0.635548 0.297494
0.638966 0.348766
0.630421 0.414136
0.635914 0.456008
0.638447 0.502335
0.640584 0.534379
0.644856 0.613178
0.633625 0.684133
0.637287 0.71395
0.640217 0.766167
0.635609 0.853145
0.638325 0.928983
0.62682 0.973418
0.635395 0.999512
0.652516 0.0167852
0.658498 0.0764489
0.647114 0.111118
0.650868 0.141728
0.655232 0.172735
0.649098 0.221717
0.653737 0.271096
0.655232 0.318155
0.656087 0.372082
0.654836 0.436628
0.65215 0.478744
0.659932 0.554918
0.652425 0.645497
0.649922 0.74041
0.656026 0.793237
0.648549 0.820978
0.651265 0.888668
0.663625 0.914365
0.665914 0.0458693
0.68276 0.0962859
0.673208 0.123844
0.670247 0.198126
0.664602 0.245155
0.672445 0.291757
0.665588 0.34531
0.670309 0.409192
0.68218 0.439772
0.674154 0.505112
0.673055 0.582171
0.680532 0.616504
0.678579 0.65453
0.676015 0.686178
0.66509 0.716361
0.673391 0.754784
0.676351 0.822718
0.665395 0.850276
0.679495 0.883938
0.669698 0.957549
0.67275 0.98648
0.695059 0.00698874
0.692038 0.0349437
0.69924 0.060976
0.697439 0.152898
0.693197 0.183813
0.687033 0.229194
0.689169 0.256294
0.696341 0.306955
0.685568 0.384686
0.686209 0.46733
0.685934 0.533067
0.698386 0.593402
0.695822 0.705191
0.696188 0.79638
0.701498 0.861232
0.69863 0.907254
0.694082 0.93701
0.693942 0.969076
0.712699 0.0943327
0.708212 0.127445
0.720328 0.176305
0.719047 0.222755
0.720573 0.250038
0.708548 0.275063
0.703848 0.336467
0.713187 0.387463
0.716788 0.419813
0.708914 0.44731
0.714347 0.482559
0.710288 0.515122
0.704672 0.567095
0.714927 0.618366
0.716758 0.647664
0.709403 0.67391
0.702933 0.749168
0.719779 0.779748
0.711539 0.830195
0.716758 0.883419
0.719291 0.927396
0.719962 0.957366
0.703055 0.996765
0.730705 0.00894192
0.723289 0.0414441
0.728446 0.0698263
0.735191 0.117191
0.727592 0.147465
0.724357 0.309
0.726798 0.351817
0.736766 0.400296
0.737114 0.442854
0.723991 0.542802
0.73217 0.577166
0.726188 0.696951
0.72805 0.729881
0.730705 0.810449
0.726981 0.852535
0.733543 0.981109
0.759056 0.00418104
0.754814 0.032899
0.755943 0.0979949
0.758873 0.131565
0.748131 0.16834
0.742851 0.207099
0.751427 0.245582
0.744102 0.286142
0.755119 0.311624
0.754051 0.340678
0.745598 0.373608
0.746513 0.469649
0.740806 0.519944
0.753899 0.55913
0.742607 0.609912
0.7463 0.650746
0.745415 0.678182
0.756493 0.72045
0.749046 0.747887
0.754631 0.837611
0.751488 0.877926
0.746696 0.905332
0.749412 0.939421
0.756493 0.996246
0.755044 0.0661894
0.773949 0.159886
0.777245 0.188971
0.777581 0.231117
0.771111 0.28132
0.777764 0.385113
0.765862 0.441359
0.760308 0.50087
0.77047 0.52678
0.775597 0.60387
0.761729 0.628754
0.776788 0.661122
0.766747 0.695639
0.775017 0.76043
0.762352 0.79107
0.762688 0.967101
0.790796 0.0628376
0.793298 0.11536
0.79516 0.143101
0.787988 0.257088
0.787744 0.331095
0.796869 0.35667
0.7846 0.413831
0.794183 0.475967
0.797021 0.548509
0.779962 0.571673
0.788598 0.629231
0.795007 0.694327
0.786401 0.732566
0.79165 0.794855
0.782098 0.831233
0.779107 0.860958
0.778588 0.889004
0.78048 0.920652
0.792657 0.95526
0.793023 0.992615
0.797296 0.0249336
0.814295 0.048677
0.801324 0.088229
0.813257 0.17307
0.800684 0.208686
0.815455 0.260323
0.802454 0.30137
0.806269 0.381909
0.808893 0.425947
0.812342 0.453383
0.79812 0.519333
0.799551 0.590028
0.806452 0.657674
0.814875 0.716025
0.814661 0.750908
0.809229 0.847743
0.805811 0.876583
0.813379 0.932615
0.823695 0.0118107
0.833277 0.0737327
0.82757 0.144963
0.819453 0.231147
0.834162 0.323252
0.822738 0.349498
0.83282 0.375652
0.831111 0.40492
0.822321 0.499863
0.831904 0.544359
0.82107 0.571886
0.832911 0.600757
0.820276 0.633351
0.819147 0.682577
0.824274 0.776482
0.822047 0.803919
0.821223 0.904111
0.824122 0.961394
0.825739 0.996185
0.851802 0.0202338
0.841334 0.0459609
0.842708 0.113193
0.8446 0.173162
0.83581 0.208106
0.839829 0.249074
0.843593 0.276009
0.85342 0.424787
0.852962 0.451796
0.84521 0.483657
0.848201 0.511399
0.851741 0.564196
0.841182 0.651265
0.84344 0.696005
0.841548 0.726096
0.841259 0.75454
0.849025 0.789941
0.835688 0.831172
0.835627 0.877987
0.844752 0.930265
0.854183 0.959899
0.870846 0.000701926
0.863796 0.0665609
0.859554 0.135716
0.870479 0.19834
0.858516 0.229469
0.864101 0.295999
0.858119 0.344432
0.858058 0.397137
0.861171 0.53679
0.861537 0.58977
0.862484 0.62212
0.86758 0.667776
0.871853 0.706442
0.871487 0.733329
0.867641 0.769677
0.87109 0.828425
0.862117 0.862392
0.860683 0.903531
0.854976 0.991546
0.872622 0.03718
0.876003 0.106723
0.881863 0.152257
0.890092 0.18001
0.892025 0.232551
0.879574 0.271798
0.890941 0.296501
0.883084 0.322642
0.8811 0.372845
0.886105 0.403516
0.881497 0.454878
0.874081 0.487472
0.879543 0.515366
0.884609 0.605823
0.886471 0.643757
0.882595 0.792047
0.883847 0.883877
0.885372 0.937559
0.878597 0.975036
0.898953 0.0216376
0.89346 0.0627766
0.903134 0.0909757
0.910254 0.162286
0.910672 0.255318
0.895571 0.346405
0.910611 0.381024
0.900754 0.429762
0.902615 0.488632
0.90231 0.529984
0.902036 0.559648
0.90759 0.591784
0.895077 0.681143
0.901334 0.7257
0.890718 0.752059
0.903317 0.819025
0.89404 0.8511
0.894772 0.909757
0.895321 0.997559
0.922697 0.0388501
0.928373 0.0814844
0.918393 0.135441
0.913236 0.196753
0.923368 0.293161
0.914762 0.325724
0.921491 0.353391
0.919682 0.406289
0.913877 0.457381
0.922056 0.511612
0.928373 0.547105
0.915189 0.619617
0.919736 0.664357
0.914853 0.701987
0.927122 0.749779
0.914151 0.778558
0.922117 0.843898
0.915677 0.870754
0.925321 0.902829
0.912107 0.953948
0.924772 0.99234
0.930937 0.00167852
0.946532 0.0613727
0.936064 0.113651
0.944975 0.144017
0.936796 0.170659
0.933744 0.21955
0.940123 0.257668
0.943907 0.311197
0.944426 0.39198
0.934202 0.43791
0.931791 0.483657
0.932768 0.577136
0.947142 0.610614
0.940367 0.641133
0.941801 0.685202
0.936064 0.724296
0.941832 0.781976
0.93881 0.811182
0.942778 0.881222
0.947905 0.922086
0.956877 0.0194708
0.961455 0.0993683
0.966826 0.126865
0.960418 0.202094
0.967467 0.229133
0.951445 0.283944
0.959075 0.334605
0.966369 0.366985
0.96646 0.412885
0.961974 0.454268
0.967803 0.485519
0.951384 0.509201
0.957427 0.559252
0.967833 0.640339
0.965026 0.670186
0.954253 0.753594
0.967284 0.817927
0.95465 0.851497
0.957884 0.958129
0.960143 0.988464
0.981719 0.0367748
0.969237 0.159612
0.983703 0.186193
0.966896 0.259622
0.981017 0.300912
0.971313 0.52974
0.969085 0.585894
0.986694 0.612964
0.969054 0.719077
0.986084 0.765404
0.984191 0.844386
0.972533 0.872219
0.974242 0.908994
0.98703 0.943846
0.999176 0.00512711
0.991485 0.0641499
0.990112 0.0927457
0.996246 0.124149
0.999847 0.153874
0.996765 0.210639
0.995331 0.248024
0.99588 0.276955
0.992492 0.327738
0.997833 0.361278
0.998016 0.398663
0.992004 0.425428
0.997833 0.468398
0.990173 0.502457
0.991424 0.55031
0.999634 0.581744
0.997375 0.638325
0.996674 0.667409
0.996582 0.698965
0.998688 0.740196
0.992035 0.798181
0.995544 0.891537
0.99649 0.96997
0.990875 0.997253
