1005
0.00250252 0.0129704
0.00686666 0.0636616
0.00753807 0.0976287
0.0077517 0.135624
3.05185e-05 0.176641
0.00805689 0.207251
0.00244148 0.239418
0.00155644 0.266823
0.00402844 0.294961
0.000885037 0.322977
0.00839259 0.355907
0.00323496 0.394971
7.67065e-05 0.426979
0.00766015 0.458235
0.00274667 0.491012
0.00161748 0.536546
0.0019837 0.566057
0.00585955 0.612842
0.0151372 0.639241
0.00567644 0.687704
0.00625629 0.743217
0.000824 0.772179
0.00860622 0.798761
0.00234993 0.827235
0.0134281 0.858638
0.00506607 0.884793
0.0143742 0.910367
0.00714133 0.965148
0.00271615 0.993255
0.0331736 0.00546281
0.021485 0.0348521
0.0335704 0.119572
0.0354015 0.166417
0.0333873 0.193823
0.0316172 0.222785
0.0293893 0.280404
0.0333873 0.327891
0.0299997 0.397565
0.0271246 0.436005
0.020661 0.511154
0.0300302 0.581042
0.034547 0.678976
0.021485 0.709861
0.0339976 0.739586
0.031251 0.815821
0.028901 0.93524
0.0318003 0.987823
0.0452589 0.0490127
0.0407117 0.091464
0.0507828 0.140507
0.0512406 0.259774
0.0550554 0.290658
0.0509354 0.354289
0.0558489 0.381573
0.0488907 0.417585
0.0419019 0.484146
0.0488907 0.511368
0.0384533 0.542985
0.0388195 0.609577
0.0479446 0.638936
0.0407422 0.788842
0.040315 0.843165
0.0469375 0.884579
0.0444349 0.91232
0.0430616 0.963286
0.0653401 0.0201727
0.0672018 0.0857265
0.0726951 0.122532
0.0715049 0.158422
0.0666829 0.202155
0.0638142 0.325083
0.0578326 0.445143
0.0680258 0.475875
0.0651875 0.539506
0.0642415 0.597125
0.0734275 0.62566
0.0717185 0.655873
0.0623188 0.684561
0.0693381 0.722861
0.0634175 0.75045
0.0732749 0.783959
0.0679952 0.81695
0.0624001 0.860542
0.0679647 0.931822
0.0747398 0.959868
0.060152 0.996918
0.0910367 0.0303659
0.0899991 0.0622272
0.0930509 0.0970183
0.0940886 0.177984
0.0945158 0.212165
0.0764183 0.232307
0.0867336 0.275002
0.0821558 0.304819
0.0873745 0.38258
0.0826136 0.40907
0.0935087 0.447829
0.0938444 0.484359
0.0871914 0.510849
0.0916166 0.545396
0.0795312 0.573809
0.090701 0.604541
0.0909146 0.75164
0.0901822 0.852077
0.0761742 0.885037
0.0889615 0.984741
0.109897 0.000976592
0.113107 0.0470322
0.110019 0.144169
0.100223 0.245186
0.102359 0.351085
0.113102 0.397107
0.098117 0.642659
0.0978118 0.672567
0.104221 0.709525
0.101749 0.805109
0.0984832 0.903165
0.10303 0.934111
0.106326 0.962096
0.126743 0.0237129
0.115329 0.0790124
0.114872 0.11359
0.128452 0.169805
0.118015 0.197882
0.129297 0.236008
0.121311 0.263161
0.116642 0.317026
0.129643 0.370312
0.114261 0.425123
0.12772 0.454634
0.123325 0.483077
0.12006 0.510453
0.119669 0.54523
0.120731 0.572954
0.116886 0.61272
0.123875 0.65688
0.118961 0.735435
0.115696 0.769036
0.118015 0.837306
0.116733 0.880856
0.123051 0.915311
0.129276 0.944578
0.148625 0.0649129
0.147008 0.101749
0.13889 0.131321
0.147557 0.257515
0.145512 0.296335
0.142827 0.325846
0.142155 0.400067
0.141242 0.427659
0.145512 0.534318
0.148839 0.565233
0.148869 0.641743
0.134922 0.687368
0.140263 0.717124
0.149541 0.753227
0.140877 0.779374
0.135044 0.805963
0.138829 0.863796
0.146397 0.96707
0.133183 0.993591
0.159917 0.00125126
0.161534 0.0381176
0.167791 0.0842006
0.163823 0.164891
0.155919 0.193426
0.157994 0.225715
0.169774 0.273324
0.169713 0.310373
0.164006 0.345347
0.165868 0.380291
0.166814 0.436628
0.152257 0.467208
0.152287 0.49733
0.154179 0.594073
0.157933 0.670675
0.168401 0.710379
0.163121 0.813074
0.166936 0.848781
0.156011 0.888821
0.170782 0.913205
0.157079 0.942412
0.160833 0.996185
0.182745 0.111881
0.180792 0.143162
0.183752 0.183935
0.188696 0.215949
0.182867 0.404584
0.177343 0.477096
0.185766 0.511399
0.172674 0.545518
0.18366 0.585009
0.172552 0.616443
0.175176 0.648183
0.185553 0.680959
0.178869 0.744224
0.182012 0.779473
0.184606 0.877682
0.180944 0.973937
0.205145 0.00238044
0.191015 0.0292672
0.190222 0.0613117
0.203284 0.0904263
0.205603 0.127049
0.194769 0.245064
0.19599 0.302683
0.197729 0.331217
0.192328 0.36021
0.19776 0.429823
0.205359 0.458815
0.204016 0.486038
0.200415 0.610004
0.205634 0.656789
0.203955 0.709677
0.205084 0.757012
0.199744 0.806085
0.199255 0.851253
0.19837 0.906064
0.195715 0.947386
0.197943 0.99588
0.220069 0.0300607
0.217505 0.0627461
0.223945 0.146977
0.214799 0.172802
0.225562 0.197821
0.22074 0.226783
0.209967 0.274392
0.226203 0.322977
0.218024 0.348827
0.222999 0.377514
0.225867 0.408368
0.218879 0.53325
0.215949 0.560594
0.219733 0.590838
0.227454 0.633656
0.216376 0.683645
0.223029 0.734245
0.22251 0.787896
0.214667 0.829035
0.218909 0.874111
0.244392 0.000579852
0.244118 0.0549333
0.237403 0.0943327
0.241981 0.171087
0.243812 0.244087
0.232643 0.295511
0.245064 0.348308
0.242256 0.45085
0.227882 0.473525
0.241279 0.501572
0.233619 0.661183
0.2313 0.706015
0.245277 0.760857
0.242195 0.916746
0.228584 0.948515
0.232246 0.995972
0.257363 0.0314035
0.249702 0.12946
0.246935 0.216123
0.249489 0.273629
0.260231 0.323283
0.250038 0.37785
0.261147 0.413373
0.255135 0.476211
0.247597 0.550584
0.247108 0.591571
0.253792 0.640309
0.260598 0.666372
0.253121 0.734794
0.248787 0.80459
0.249916 0.832606
0.247108 0.888272
0.257424 0.947142
0.28254 0.00790429
0.269295 0.0674764
0.282205 0.110477
0.272164 0.152104
0.268563 0.186163
0.273904 0.217963
0.27546 0.255318
0.275918 0.28663
0.280221 0.346477
0.279977 0.377514
0.269234 0.451765
0.270119 0.524338
0.266823 0.569903
0.267312 0.613147
0.271645 0.692923
0.278054 0.802484
0.269082 0.851527
0.271157 0.911863
0.271615 0.995331
0.288736 0.0397656
0.297774 0.0655975
0.302622 0.0925321
0.29313 0.170049
0.30253 0.261147
0.288003 0.315439
0.292459 0.402264
0.289773 0.433332
0.289773 0.46971
0.293313 0.502548
0.300607 0.551805
0.297006 0.594226
0.303323 0.628071
0.286477 0.653859
0.296945 0.679281
0.286142 0.717124
0.28486 0.768761
0.293405 0.839717
0.289407 0.871456
0.289102 0.93997
0.294015 0.97586
0.319956 0.0491043
0.311289 0.133976
0.31904 0.189886
0.319193 0.224097
0.31547 0.308786
0.30723 0.336375
0.313974 0.365856
0.322306 0.481338
0.308328 0.524949
0.31605 0.712821
0.306742 0.740715
0.320811 0.772912
0.305957 0.814353
0.321604 0.840327
0.318369 0.876308
0.308206 0.909452
0.317759 0.957945
0.321238 0.992767
0.331889 0.00894192
0.328166 0.0779443
0.327189 0.105686
0.327067 0.16364
0.332072 0.252541
0.333476 0.287057
0.340373 0.322428
0.34077 0.351787
0.324717 0.395611
0.322764 0.423963
0.330363 0.454634
0.336314 0.508347
0.338847 0.535234
0.339427 0.573687
0.32551 0.612506
0.326762 0.645955
0.32667 0.679067
0.339091 0.802515
0.341227 0.892819
0.33311 0.930967
0.34846 0.0580157
0.353587 0.0983001
0.345378 0.12888
0.351329 0.181097
0.347545 0.215125
0.351176 0.415418
0.359874 0.457289
0.359111 0.553178
0.353862 0.604968
0.355724 0.631947
0.353343 0.70632
0.34724 0.735527
0.351909 0.774255
0.349925 0.831935
0.341777 0.85931
0.358684 0.947539
0.350505 0.981262
0.37141 0.000122074
0.375439 0.0370495
0.369213 0.156682
0.373394 0.267617
0.364513 0.301492
0.374187 0.334971
0.377361 0.377911
0.379376 0.430555
0.370708 0.492202
0.367046 0.519425
0.370067 0.580187
0.364269 0.668783
0.378094 0.692495
0.37431 0.728385
0.379315 0.790155
0.374096 0.8511
0.365734 0.913724
0.379101 0.98352
0.397382 0.0204474
0.380047 0.089816
0.384136 0.125614
0.398175 0.167638
0.382061 0.207892
0.37965 0.235878
0.397107 0.290933
0.39787 0.408307
0.391022 0.456596
0.393872 0.516831
0.385723 0.547441
0.383435 0.608753
0.390637 0.639302
0.390912 0.761132
0.385876 0.816645
0.382458 0.877438
0.395734 0.938139
0.416303 3.05185e-05
0.402142 0.0536515
0.409619 0.115085
0.409162 0.14304
0.408673 0.203345
0.408612 0.249855
0.410108 0.316721
0.399365 0.347819
0.412671 0.475173
0.399823 0.573931
0.411176 0.621937
0.409101 0.677145
0.403211 0.716544
0.408521 0.790582
0.401905 0.843398
0.41728 0.873165
0.410321 0.89938
0.409803 0.966613
0.422468 0.0319224
0.421552 0.0872829
0.429884 0.179174
0.421979 0.275948
0.423444 0.366436
0.426679 0.411664
0.427503 0.438704
0.422773 0.500168
0.426008 0.542711
0.428297 0.571856
0.42732 0.60036
0.418653 0.65038
0.430799 0.694967
0.432783 0.743889
0.435804 0.794061
0.427625 0.822077
0.435285 0.913633
0.425153 0.942106
0.419263 1
0.443403 0.000335704
0.442305 0.0666524
0.453017 0.110141
0.454756 0.141606
0.438765 0.225745
0.441847 0.254982
0.446425 0.287423
0.43968 0.318094
0.450423 0.352519
0.44438 0.385998
0.455061 0.416333
0.443159 0.463424
0.448866 0.521134
0.451521 0.558031
0.442274 0.666616
0.455123 0.817713
0.452803 0.853542
0.452986 0.94583
0.439314 0.974731
0.462172 0.0384533
0.468886 0.170476
0.462111 0.201209
0.465102 0.232185
0.466574 0.31653
0.467238 0.446425
0.455885 0.487808
0.472365 0.58092
0.45995 0.618218
0.461776 0.645039
0.468306 0.703818
0.458083 0.733848
0.457381 0.770898
0.461379 0.886319
0.463698 0.916379
0.455794 0.999268
0.475661 0.0145268
0.483352 0.0587481
0.489578 0.0960112
0.478866 0.129673
0.487289 0.215583
0.477584 0.281869
0.483016 0.33787
0.477371 0.371471
0.487785 0.399082
0.49324 0.428083
0.481033 0.497452
0.488998 0.53441
0.491836 0.562426
0.487167 0.67626
0.486434 0.744835
0.478683 0.789026
0.488388 0.821345
0.479706 0.847512
0.491592 0.883175
0.48735 0.930784
0.475265 0.971587
0.491531 0.99823
0.501846 0.00271615
0.504654 0.0332652
0.501206 0.147404
0.496048 0.176366
0.494278 0.246742
0.499008 0.299722
0.502487 0.453658
0.494095 0.597827
0.496597 0.624592
0.511826 0.647969
0.493912 0.718619
0.51146 0.79638
0.505753 0.858791
0.508774 0.905576
0.507279 0.961669
0.52028 0.106845
0.526688 0.186926
0.513382 0.227882
0.526994 0.296182
0.516556 0.329936
0.519242 0.368877
0.518113 0.397412
0.526872 0.433912
0.512558 0.485488
0.519639 0.524796
0.517319 0.551714
0.522629 0.594409
0.524644 0.621204
0.531175 0.670217
0.514764 0.691564
0.52385 0.71691
0.513047 0.748833
0.517655 0.932432
0.51851 0.999054
0.537309 0.0344554
0.534135 0.075869
0.548875 0.102054
0.535051 0.148442
0.544511 0.214606
0.547105 0.263131
0.53853 0.348949
0.54329 0.410016
0.531785 0.463179
0.547716 0.488235
0.546037 0.544145
0.549821 0.644124
0.549608 0.689779
0.548204 0.731681
0.537126 0.77987
0.543046 0.80874
0.535081 0.837611
0.537492 0.868282
0.536943 0.902585
0.541124 0.955382
0.551286 0.006592
0.566454 0.0421461
0.557115 0.130131
0.564592 0.183477
0.562059 0.238746
0.560961 0.294259
0.552354 0.324259
0.555467 0.379742
0.553728 0.44496
0.555223 0.517624
0.556047 0.587237
0.553056 0.615406
0.563951 0.757378
0.556719 0.922483
0.555925 0.979003
0.582202 0.014893
0.570818 0.0848415
0.586566 0.112583
0.578051 0.149754
0.58211 0.205359
0.577807 0.260689
0.581683 0.317392
0.573046 0.350627
0.574114 0.401502
0.581866 0.435957
0.582141 0.469008
0.584155 0.52913
0.579424 0.562303
0.585955 0.612079
0.574786 0.665487
0.571307 0.714957
0.574969 0.791467
0.587054 0.816462
0.572924 0.839564
0.588366 0.865078
0.571062 0.895749
0.587085 0.928831
0.582873 0.958098
0.588672 0.0583514
0.600208 0.0829493
0.591327 0.176214
0.588885 0.231361
0.595019 0.283731
0.601978 0.347789
0.593768 0.378674
0.59975 0.41377
0.592422 0.499336
0.591998 0.640156
0.601123 0.680074
0.595904 0.738304
0.60448 0.768822
0.605914 0.796289
0.598743 0.900601
0.591601 0.992553
0.622578 0.0109561
0.623066 0.0384228
0.613178 0.129643
0.618335 0.156957
0.61333 0.216834
0.617359 0.24427
0.620472 0.323893
0.620899 0.368999
0.624989 0.443098
0.611866 0.475295
0.621601 0.503586
0.621143 0.540879
0.621296 0.571673
0.615864 0.625843
0.618763 0.659535
0.608814 0.710074
0.622437 0.748206
0.610523 0.834925
0.619434 0.868221
0.617512 0.956633
0.621937 0.983123
0.634632 0.0669881
0.627277 0.0937223
0.639515 0.119999
0.627888 0.184881
0.643239 0.254585
0.627064 0.287057
0.63979 0.342936
0.637226 0.39729
0.642994 0.485366
0.629017 0.601215
0.628132 0.684713
0.645009 0.731101
0.631367 0.783013
0.635029 0.81167
0.639576 0.840999
0.629292 0.895627
0.641774 0.924406
0.643849 0.963408
0.651112 0.0436415
0.660451 0.0946379
0.653981 0.151708
0.662709 0.201941
0.653645 0.229377
0.65862 0.281075
0.647877 0.427564
0.650655 0.454268
0.650349 0.537309
0.653767 0.58446
0.653523 0.61803
0.647481 0.66097
0.654683 0.695914
0.650594 0.76281
0.658711 0.79754
0.661092 0.824366
0.651051 0.874477
0.646748 0.995178
0.665768 0.0208134
0.67214 0.0622883
0.669729 0.126469
0.66982 0.175512
0.666005 0.316324
0.671743 0.350627
0.667379 0.379589
0.674703 0.431562
0.672567 0.47499
0.669301 0.512192
0.675558 0.551653
0.680013 0.599536
0.682516 0.628529
0.673757 0.672628
0.671163 0.718497
0.675771 0.750145
0.678152 0.855098
0.67571 0.911283
0.676077 0.976806
0.68453 0.00122074
0.689535 0.0383007
0.698233 0.075106
0.690176 0.101291
0.686331 0.152226
0.69219 0.229255
0.687307 0.263833
0.698172 0.376019
0.689138 0.402264
0.701743 0.427107
0.701682 0.459212
0.698935 0.530442
0.693625 0.575579
0.697287 0.705466
0.689474 0.783593
0.685507 0.883145
0.684957 0.942289
0.716605 0.0109867
0.714316 0.0511795
0.703818 0.127628
0.707114 0.171422
0.713767 0.197974
0.714621 0.26548
0.704489 0.291147
0.702414 0.318827
0.716758 0.353038
0.719108 0.406201
0.702567 0.490188
0.715262 0.593036
0.717917 0.624439
0.709342 0.653188
0.70983 0.755028
0.702841 0.827692
0.713126 0.856624
0.710562 0.909543
0.720695 0.938658
0.709555 0.964873
0.70745 0.998138
0.734361 0.0329903
0.735923 0.0784326
0.72985 0.110355
0.731346 0.137364
0.739982 0.168584
0.726432 0.240028
0.737144 0.319407
0.735954 0.378674
0.727775 0.514115
0.721335 0.546007
0.735466 0.572375
0.723868 0.693167
0.737541 0.721641
0.731773 0.773675
0.722892 0.799982
0.739158 0.838466
0.72222 0.882839
0.739769 0.911771
0.732597 0.98117
0.746544 0.00881985
0.756554 0.0484024
0.757164 0.0995514
0.745598 0.195227
0.754875 0.23954
0.745628 0.284921
0.746086 0.414441
0.748344 0.454237
0.743187 0.487899
0.754814 0.546159
0.748955 0.610187
0.745048 0.644429
0.758354 0.672567
0.757805 0.782495
0.755303 0.869106
0.751183 0.946165
0.773431 0.0199591
0.771203 0.0721458
0.765313 0.135014
0.773919 0.167547
0.771416 0.211921
0.776971 0.283639
0.762566 0.30903
0.762566 0.33842
0.770012 0.364483
0.765905 0.393224
0.772179 0.441298
0.774865 0.490646
0.778008 0.523057
0.768914 0.591113
0.774926 0.631825
0.768853 0.703848
0.762627 0.745384
0.763726 0.825037
0.768853 0.917875
0.766289 0.984527
0.794794 0.000427259
0.792871 0.0488601
0.784631 0.101932
0.793359 0.143345
0.787622 0.241401
0.791436 0.325816
0.796686 0.376385
0.790704 0.407361
0.787805 0.463363
0.794336 0.545976
0.792464 0.60546
0.786706 0.671468
0.794916 0.697256
0.79046 0.728568
0.781671 0.769463
0.783258 0.798608
0.779687 0.85342
0.789819 0.88113
0.778954 0.95294
0.815668 0.0724204
0.799829 0.207617
0.802545 0.266701
0.802515 0.432112
0.805658 0.518723
0.800958 0.573504
0.802484 0.645711
0.806055 0.757256
0.813044 0.825861
0.802179 0.906552
0.807581 0.941435
0.809107 0.97058
0.800775 0.998199
0.822748 0.00408948
0.816767 0.0334788
0.82635 0.122868
0.817591 0.167852
0.826991 0.198889
0.821192 0.238746
0.817469 0.291513
0.822321 0.325602
0.82284 0.368877
0.816919 0.400342
0.828944 0.443831
0.81634 0.478805
0.833918 0.503555
0.829463 0.558458
0.817835 0.594653
0.819697 0.624012
0.826716 0.660085
0.82904 0.687761
0.819453 0.713828
0.828486 0.741111
0.816858 0.78927
0.818506 0.863765
0.829096 0.895627
0.831599 0.995239
0.851131 0.00186163
0.840388 0.0576495
0.843349 0.0846278
0.849422 0.161199
0.850001 0.224769
0.838038 0.273049
0.851619 0.319132
0.841731 0.348369
0.85345 0.37431
0.846492 0.405713
0.842616 0.473251
0.840846 0.530381
0.847743 0.582049
0.84402 0.636555
0.848262 0.716056
0.841945 0.769555
0.84283 0.796808
0.846065 0.832362
0.852138 0.859157
0.844905 0.921171
0.837855 0.949034
0.861843 0.0359203
0.871487 0.0719932
0.860347 0.106784
0.864101 0.137608
0.854305 0.190893
0.855922 0.251442
0.864345 0.278481
0.868831 0.344401
0.857387 0.449324
0.871792 0.472884
0.865108 0.500931
0.86642 0.557085
0.863704 0.611316
0.855983 0.667013
0.863704 0.693808
0.865047 0.739982
0.857082 0.897244
0.859523 0.967589
0.870785 0.992981
0.887783 0.023011
0.890255 0.0527665
0.883023 0.183691
0.876003 0.217048
0.887631 0.26426
0.88049 0.313395
0.882687 0.387921
0.879147 0.420148
0.884182 0.53563
0.878628 0.646138
0.892087 0.686911
0.882565 0.718528
0.875881 0.765557
0.874233 0.792566
0.874264 0.825556
0.890561 0.848567
0.875301 0.877102
0.877377 0.944121
0.902036 0.00021363
0.907193 0.0786462
0.898129 0.104892
0.895077 0.157476
0.902127 0.203894
0.898099 0.292154
0.899319 0.344798
0.907346 0.401776
0.91052 0.450148
0.901151 0.477218
0.902585 0.506119
0.893857 0.58037
0.905667 0.644734
0.896451 0.742119
0.904294 0.769189
0.89584 0.808679
0.907804 0.890042
0.894681 0.916044
0.894772 0.968688
0.907743 0.992889
0.929319 0.00808741
0.914304 0.032075
0.927732 0.102451
0.913572 0.133702
0.926847 0.157903
0.92291 0.18659
0.913144 0.230964
0.925565 0.269417
0.919675 0.310373
0.911679 0.370769
0.9288 0.480544
0.917508 0.535356
0.923643 0.576952
0.913694 0.617359
0.924253 0.679678
0.91467 0.70632
0.926847 0.745048
0.921415 0.800287
0.917631 0.827204
0.918516 0.854518
0.912442 0.940702
0.930174 0.0542619
0.940641 0.128666
0.94882 0.2172
0.937559 0.245094
0.944487 0.289529
0.946593 0.318735
0.930357 0.342601
0.933378 0.389691
0.930235 0.421369
0.94742 0.442894
0.940367 0.519028
0.946196 0.561571
0.936891 0.603069
0.935094 0.636995
0.948332 0.71572
0.942839 0.839167
0.934782 0.88168
0.937773 0.92822
0.938597 0.978088
0.9588 0.00375378
0.951201 0.0300302
0.963073 0.0625629
0.957305 0.0937223
0.953703 0.163366
0.967101 0.194128
0.962828 0.353679
0.965728 0.384014
0.965056 0.417829
0.957121 0.468673
0.963195 0.504624
0.96353 0.591662
0.959716 0.621418
0.951262 0.661122
0.950743 0.759056
0.952696 0.805384
0.956908 0.866207
0.957427 0.905637
0.966216 0.933653
0.960021 0.997803
0.978637 0.0374767
0.968963 0.119175
0.98471 0.152654
0.976226 0.2331
0.970244 0.259499
0.96997 0.302225
0.982025 0.484603
0.982086 0.535386
0.975677 0.561754
0.986236 0.629871
0.970336 0.686972
0.969451 0.736991
0.972838 0.77752
0.97702 0.84225
0.978301 0.88702
0.983581 0.954527
0.997833 0.00222785
0.999512 0.0566424
0.988525 0.0845668
0.999481 0.111118
0.994324 0.199377
0.999908 0.258492
0.999176 0.295663
0.998291 0.333903
0.991119 0.371197
0.99884 0.399365
0.995819 0.438612
0.99762 0.509537
0.99591 0.585559
0.989868 0.660146
0.997467 0.696432
0.996857 0.725181
0.994049 0.760186
0.996704 0.807092
0.999023 0.86285
0.999878 0.927274
0.996124 0.990905
