989
0.000854518 0.000976592
0.00601215 0.0286569
0.000885037 0.063448
0.00399792 0.0976592
0.00570696 0.125095
0.00567644 0.158727
0.0110172 0.185247
0.00637837 0.239143
0.0184942 0.275643
0.00524918 0.299203
0.00637837 0.32725
0.00317392 0.369121
0.000122074 0.413099
0.0117801 0.453719
0.00558489 0.480941
0.00585955 0.519517
0.000396741 0.54622
9.15555e-05 0.57799
0.0116886 0.604907
0.00500504 0.652943
0.00601215 0.687124
0.00488296 0.722465
0.00161748 0.751457
0.00869778 0.788324
0.000976592 0.855312
0.00927763 0.881436
0.00256355 0.911496
0.00561541 0.939543
0.00299081 0.972472
0.0122074 0.998199
0.0290536 0.009888
0.0310068 0.0961333
0.037904 0.194525
0.0345775 0.222968
0.0324717 0.250008
0.0302133 0.364177
0.0218513 0.397046
0.0338755 0.425153
0.0300302 0.532029
0.0249031 0.558977
0.0279855 0.705039
0.0287484 0.737358
0.0262459 0.765618
0.0224921 0.813471
0.0267037 0.847255
0.0345775 0.893094
0.0266732 0.95941
0.0396741 0.0377819
0.0480056 0.0729392
0.0451674 0.128178
0.0409253 0.156682
0.0566729 0.279366
0.0437025 0.303629
0.0392163 0.33021
0.0557268 0.455977
0.0409558 0.481613
0.0397961 0.582263
0.0412915 0.625996
0.0409558 0.679159
0.0542924 0.835078
0.051088 0.868709
0.0555132 0.921049
0.0523698 0.947722
0.0386364 0.991546
0.0442225 1.06956
0.0704062 0.00698874
0.0693381 0.154637
0.0658895 0.181799
0.0648518 0.251259
0.0662252 0.32548
0.0617084 0.387707
0.0633869 0.416272
0.0657674 0.494949
0.0570391 0.521622
0.0652181 0.555223
0.0715964 0.614856
0.0574053 0.709311
0.0675069 0.736228
0.0683309 0.765679
0.0698263 0.796655
0.0727866 0.888913
0.074984 0.99765
0.0800501 0.0408948
0.077517 0.0705588
0.0794092 0.101199
0.0938749 0.137974
0.0786462 0.218421
0.0892972 0.262459
0.0893582 0.291757
0.0902432 0.388684
0.0899991 0.455428
0.0874966 0.519395
0.0925321 0.562975
0.0907315 0.646352
0.0848415 0.703574
0.0931425 0.840815
0.084933 0.940611
0.0871609 0.972899
0.108402 0.0200201
0.109867 0.0816675
0.105106 0.111057
0.0985748 0.173864
0.0966826 0.340861
0.103824 0.418409
0.101932 0.479598
0.108066 0.537889
0.0952483 0.593097
0.11362 0.618793
0.0984832 0.672109
0.098056 0.751457
0.10773 0.778161
0.100925 0.805963
0.0952177 0.872738
0.0966521 0.9035
0.103366 0.994385
0.130222 0.00173955
0.129307 0.0423597
0.126469 0.13715
0.132511 0.182989
0.115909 0.207709
0.122105 0.241279
0.116092 0.272469
0.115055 0.317728
0.115055 0.372967
0.118381 0.442305
0.129765 0.469283
0.124424 0.510453
0.119205 0.568621
0.118961 0.647175
0.122044 0.688498
0.119175 0.724998
0.132023 0.763451
0.129917 0.808527
0.122715 0.84582
0.131901 0.873043
0.121097 0.917478
0.12653 0.945647
0.121006 0.971923
0.134678 0.0708945
0.134892 0.0998871
0.141453 0.218726
0.142338 0.292245
0.134159 0.336863
0.145756 0.378643
0.143071 0.425214
0.135228 0.538163
0.148381 0.576067
0.135655 0.599933
0.144627 0.636524
0.14243 0.67037
0.143468 0.709708
0.150639 0.740196
0.151708 0.894559
0.151189 0.972747
0.139714 0.997345
0.157811 0.00109867
0.153264 0.0287484
0.164006 0.0654622
0.155889 0.124882
0.158666 0.190649
0.153935 0.248604
0.170537 0.274728
0.161077 0.321787
0.164556 0.34962
0.166448 0.440626
0.154149 0.481765
0.156835 0.518082
0.162877 0.614856
0.17011 0.657247
0.169134 0.687643
0.170507 0.717154
0.166326 0.835383
0.163274 0.865749
0.163366 0.944548
0.179846 0.0401318
0.184545 0.139042
0.174444 0.165716
0.173406 0.216163
0.185003 0.24662
0.185095 0.300546
0.188482 0.335673
0.173193 0.382916
0.171941 0.413587
0.181249 0.481674
0.185491 0.512467
0.175695 0.543443
0.17539 0.581255
0.18775 0.741569
0.17307 0.773461
0.177557 0.807947
0.180944 0.904904
0.180212 0.969298
0.175542 0.997559
0.202948 0.00241096
0.208197 0.0665303
0.195502 0.0945769
0.203223 0.164586
0.195135 0.192572
0.199805 0.360149
0.195685 0.433515
0.205084 0.46794
0.193426 0.607105
0.199072 0.63802
0.205206 0.685751
0.199225 0.713553
0.205786 0.76223
0.201483 0.792444
0.201209 0.821619
0.191992 0.868618
0.199713 0.930204
0.207099 0.961089
0.214484 0.0280465
0.22599 0.106998
0.220283 0.135319
0.211524 0.21424
0.212104 0.244667
0.21482 0.288095
0.219733 0.318125
0.220618 0.378796
0.210791 0.407086
0.225623 0.436384
0.226966 0.492508
0.227485 0.520005
0.225013 0.553209
0.21189 0.584704
0.22367 0.617786
0.222541 0.869472
0.209204 0.904019
0.212867 0.998657
0.24012 0.0133671
0.243843 0.156499
0.232093 0.181921
0.242042 0.210089
0.24192 0.244057
0.23719 0.352489
0.239662 0.399213
0.229347 0.656789
0.231697 0.713462
0.230842 0.789209
0.235267 0.819056
0.240333 0.892727
0.235908 0.92581
0.24015 0.992645
0.24778 0.0410474
0.246895 0.0694296
0.263466 0.103946
0.246864 0.275857
0.248299 0.306314
0.264931 0.349467
0.253151 0.375286
0.252693 0.423749
0.254067 0.461074
0.257912 0.490493
0.255135 0.527604
0.255715 0.557665
0.246773 0.590442
0.252541 0.61681
0.256569 0.643941
0.248146 0.685629
0.260933 0.770074
0.263222 0.804163
0.248299 0.845057
0.261086 0.938292
0.249519 0.965056
0.268014 0.0118412
0.278878 0.0381787
0.27543 0.0793481
0.266091 0.134556
0.268044 0.170843
0.280679 0.215522
0.271615 0.252876
0.281991 0.28547
0.271462 0.396496
0.279458 0.510483
0.280221 0.542985
0.273751 0.595752
0.272774 0.666402
0.279244 0.694296
0.271828 0.720481
0.280831 0.75161
0.277261 0.827723
0.284219 0.858364
0.268258 0.898923
0.279214 0.968352
0.27839 0.998596
0.29429 0.00524918
0.303568 0.0667745
0.299142 0.123905
0.291421 0.157048
0.292123 0.190771
0.298196 0.244118
0.28959 0.322153
0.300882 0.368145
0.29899 0.396283
0.297525 0.424299
0.297403 0.456221
0.29606 0.613178
0.300577 0.651082
0.28489 0.783166
0.298807 0.808252
0.301614 0.880093
0.2949 0.911679
0.29664 0.939238
0.32255 0.013184
0.312204 0.0402844
0.303903 0.0964995
0.321574 0.229377
0.308206 0.270669
0.313059 0.301065
0.304422 0.48677
0.307382 0.522446
0.305063 0.559465
0.31782 0.67568
0.307993 0.728019
0.314829 0.774377
0.309122 0.835505
0.320505 0.900998
0.307291 0.969115
0.316019 0.995086
0.332743 0.0622272
0.337016 0.0906705
0.331614 0.117588
0.32902 0.144658
0.324473 0.174352
0.32664 0.20249
0.338237 0.275399
0.324808 0.325694
0.328288 0.381451
0.32313 0.410596
0.330851 0.448439
0.340098 0.48497
0.333262 0.54384
0.325968 0.576647
0.334056 0.61504
0.331339 0.699393
0.33549 0.728019
0.335887 0.792932
0.33726 0.83636
0.327555 0.864376
0.327799 0.946654
0.344096 0.0374462
0.360363 0.150609
0.352214 0.190344
0.348704 0.218818
0.345286 0.245979
0.347484 0.354839
0.359966 0.383587
0.351939 0.410321
0.358318 0.438185
0.355998 0.51384
0.353771 0.579791
0.358684 0.65746
0.359203 0.714133
0.346446 0.761833
0.355602 0.813318
0.352519 0.892849
0.342631 0.920896
0.355754 0.96881
0.374676 0.0210883
0.370067 0.0505387
0.365307 0.0810266
0.361675 0.108493
0.377636 0.235359
0.370861 0.263741
0.363536 0.292337
0.36317 0.323313
0.366955 0.469558
0.36372 0.55089
0.361919 0.60921
0.366741 0.686972
0.363659 0.740623
0.372814 0.790735
0.36726 0.856746
0.364513 0.939421
0.368206 0.999664
0.398358 0.000183111
0.39732 0.0815455
0.395672 0.154973
0.392468 0.195929
0.393933 0.283578
0.385998 0.353313
0.389172 0.406201
0.387646 0.449446
0.382092 0.497208
0.388928 0.532609
0.385205 0.57857
0.379925 0.638813
0.393078 0.678304
0.398419 0.704947
0.398328 0.733451
0.380749 0.763207
0.381207 0.825312
0.395337 0.850642
0.382122 0.896298
0.394757 0.924497
0.395917 0.958922
0.394971 0.995453
0.398633 0.0501114
0.402722 0.115543
0.415052 0.180486
0.40379 0.222236
0.398968 0.254463
0.413617 0.321818
0.417371 0.34901
0.404614 0.377209
0.408093 0.50972
0.410749 0.566179
0.40376 0.601947
0.409406 0.644856
0.405988 0.775872
0.401837 0.804529
0.413953 0.884823
0.422895 0.0243843
0.424909 0.0617084
0.435469 0.106357
0.420789 0.141514
0.433699 0.205664
0.427869 0.250221
0.421949 0.415998
0.421125 0.464675
0.420637 0.539445
0.434919 0.600177
0.423292 0.68041
0.424146 0.715842
0.421491 0.753838
0.424329 0.824946
0.429426 0.857784
0.424238 0.931639
0.424512 0.958922
0.424512 0.994568
0.439467 0.000366222
0.449171 0.0449843
0.445662 0.131352
0.441847 0.164891
0.454146 0.223853
0.446303 0.273598
0.442824 0.315012
0.447493 0.350536
0.444136 0.378918
0.448958 0.414685
0.446883 0.443068
0.440168 0.486923
0.447707 0.518204
0.437727 0.570116
0.449965 0.639576
0.452406 0.684835
0.452071 0.725578
0.43672 0.777001
0.441755 0.907804
0.45555 0.9953
0.46559 0.0180059
0.467971 0.0699789
0.469649 0.114292
0.464003 0.19779
0.469283 0.251747
0.465651 0.292856
0.471847 0.332377
0.471633 0.393902
0.473434 0.449019
0.467696 0.475845
0.462691 0.552324
0.462783 0.581255
0.471938 0.707266
0.463759 0.765801
0.473312 0.793603
0.473739 0.820643
0.456008 0.840999
0.466353 0.895474
0.47087 0.928037
0.457778 0.95996
0.492904 0.0199591
0.481124 0.046144
0.477828 0.153905
0.486373 0.219764
0.474746 0.366314
0.49321 0.496109
0.485763 0.532426
0.474685 0.613636
0.477248 0.642262
0.489547 0.673116
0.483688 0.74221
0.483352 0.850124
0.485397 0.954863
0.484603 0.982025
0.495529 0.0784631
0.500626 0.187231
0.49733 0.257332
0.493728 0.302133
0.499039 0.329936
0.511979 0.353801
0.498367 0.379925
0.501206 0.437757
0.498489 0.469192
0.497482 0.560961
0.50087 0.60387
0.511917 0.651967
0.511979 0.740196
0.500381 0.7669
0.505966 0.826167
0.496872 0.884915
0.516648 0.00473037
0.521714 0.0503861
0.51268 0.100406
0.512833 0.148991
0.516739 0.212043
0.520951 0.238899
0.525223 0.305124
0.52382 0.391278
0.524033 0.419446
0.531297 0.457442
0.516648 0.530564
0.527665 0.627888
0.513657 0.700522
0.525529 0.856716
0.512589 0.918516
0.519425 0.966308
0.516098 0.998627
0.549944 0.00268563
0.533952 0.0261238
0.535569 0.0795923
0.545152 0.124851
0.538102 0.172918
0.550127 0.204321
0.536241 0.267586
0.542741 0.331278
0.537492 0.364452
0.537767 0.488571
0.535356 0.558824
0.534104 0.594562
0.536393 0.66863
0.53502 0.725883
0.534562 0.762932
0.538285 0.789941
0.532884 0.893399
0.544816 0.93112
0.55089 0.0539872
0.565752 0.0787683
0.566729 0.107944
0.563158 0.147771
0.568071 0.174596
0.561113 0.239784
0.556688 0.304666
0.568377 0.362987
0.550981 0.392987
0.551683 0.425703
0.550584 0.525162
0.56682 0.600299
0.55678 0.639393
0.569079 0.66512
0.558977 0.700339
0.55739 0.742454
0.567858 0.827906
0.551408 0.866207
0.567492 0.909146
0.550584 0.972716
0.551653 0.999634
0.56975 0.0243843
0.58153 0.0506912
0.578539 0.214423
0.585101 0.253639
0.570849 0.279794
0.583941 0.303507
0.584979 0.332377
0.580615 0.388775
0.577624 0.446669
0.575396 0.485
0.585192 0.514237
0.579302 0.540483
0.577868 0.57271
0.584643 0.72158
0.577654 0.760399
0.569994 0.788476
0.581194 0.881039
0.57036 0.93939
0.581744 0.997955
0.599383 0.0300913
0.596118 0.075808
0.594134 0.105075
0.600177 0.176092
0.605426 0.22779
0.601123 0.27955
0.599811 0.361064
0.601337 0.411023
0.605579 0.452834
0.605884 0.561052
0.593005 0.606555
0.605731 0.631245
0.589587 0.694662
0.604846 0.739708
0.603076 0.779412
0.592334 0.808649
0.590381 0.855434
0.593646 0.91583
0.606128 0.944029
0.591845 0.968322
0.61095 0.00521867
0.615589 0.0549333
0.622761 0.0965606
0.615406 0.124546
0.625599 0.190619
0.618091 0.258278
0.617145 0.309244
0.623218 0.336283
0.622883 0.375256
0.624256 0.425459
0.607471 0.479934
0.618549 0.50618
0.617054 0.536149
0.609058 0.659688
0.617786 0.685324
0.61568 0.712516
0.620197 0.810846
0.612323 0.837306
0.61333 0.883175
0.626057 0.913327
0.619465 0.972045
0.609882 0.999725
0.636097 0.0319224
0.643788 0.0693686
0.643483 0.131382
0.627369 0.159001
0.632527 0.224555
0.636036 0.282632
0.644185 0.395764
0.633381 0.459059
0.644673 0.52205
0.644093 0.550951
0.630146 0.576922
0.640919 0.607196
0.642903 0.637623
0.644948 0.692251
0.632527 0.740013
0.634693 0.772668
0.644429 0.825129
0.632588 0.864162
0.642964 0.888943
0.64156 0.946684
0.64214 0.990356
0.650594 0.000396741
0.657918 0.0959502
0.660634 0.154393
0.656789 0.193335
0.64565 0.254707
0.655843 0.302377
0.651234 0.338084
0.654347 0.368389
0.655599 0.438337
0.649709 0.485763
0.646962 0.798059
0.662465 0.862148
0.655538 0.919156
0.650355 1.07885
0.679983 0.0365917
0.673116 0.0631733
0.68273 0.117222
0.672628 0.226691
0.675069 0.325419
0.67098 0.402264
0.679647 0.459181
0.670278 0.504074
0.670156 0.533158
0.67391 0.58681
0.681539 0.615162
0.681906 0.646901
0.665456 0.668813
0.664541 0.716727
0.666219 0.746055
0.680074 0.816217
0.676473 0.942198
0.671438 0.97412
0.689077 0.0102237
0.683645 0.168737
0.685751 0.197211
0.688772 0.254616
0.68685 0.288949
0.693472 0.345622
0.688955 0.375713
0.688589 0.424848
0.69982 0.488144
0.69808 0.534715
0.687613 0.56151
0.69335 0.674612
0.698202 0.716849
0.697195 0.75396
0.689718 0.782067
0.700125 0.834895
0.694967 0.862331
0.686117 0.887966
0.686544 0.916196
0.701834 0.966033
0.686483 0.99765
0.71691 0.000885037
0.709128 0.0326243
0.705924 0.0602741
0.707785 0.0880764
0.709098 0.123539
0.707877 0.150914
0.714499 0.200201
0.711936 0.232856
0.714164 0.275399
0.71099 0.309305
0.721183 0.393414
0.714164 0.453871
0.715598 0.513443
0.714042 0.574633
0.708548 0.602802
0.716697 0.634754
0.707022 0.805963
0.705374 0.936369
0.714957 0.99942
0.739219 0.147893
0.724143 0.173223
0.734214 0.255348
0.737785 0.295572
0.726829 0.33723
0.721335 0.36433
0.723075 0.425611
0.734825 0.473067
0.738365 0.551561
0.740104 0.602069
0.72808 0.668172
0.734489 0.707053
0.72219 0.772851
0.728813 0.838069
0.731864 0.930387
0.727317 0.974578
0.744713 0.000946074
0.74105 0.0277718
0.740928 0.0563677
0.740501 0.0849025
0.74868 0.192175
0.747734 0.219459
0.757591 0.337413
0.747337 0.372662
0.749962 0.410138
0.75396 0.438826
0.746574 0.499741
0.751885 0.577868
0.74694 0.635792
0.742943 0.742546
0.740532 0.794
0.744957 0.867366
0.757012 0.967955
0.748772 0.999512
0.77279 0.00662252
0.769555 0.0471511
0.77221 0.0780969
0.764794 0.106601
0.764885 0.137761
0.761406 0.168249
0.76867 0.237159
0.763817 0.266304
0.76104 0.310373
0.763024 0.474136
0.771661 0.510056
0.763939 0.539201
0.767205 0.608875
0.770501 0.651967
0.762627 0.692282
0.762261 0.722587
0.772607 0.779015
0.775658 0.824885
0.77282 0.855037
0.761956 0.889889
0.763359 0.92346
0.79104 0.0298471
0.787225 0.176458
0.786554 0.209937
0.786828 0.287484
0.78341 0.348033
0.783441 0.40379
0.779687 0.451827
0.793084 0.475173
0.779626 0.572131
0.791925 0.624195
0.796838 0.677389
0.794549 0.713645
0.783013 0.742515
0.788873 0.801019
0.790826 0.906796
0.791406 0.93469
0.795526 0.963591
0.792291 0.992553
0.808588 0.00729392
0.79989 0.0563982
0.799585 0.0850246
0.809931 0.114872
0.800012 0.14011
0.813166 0.168371
0.803796 0.244636
0.815546 0.376202
0.815485 0.41023
0.80987 0.451643
0.802118 0.505844
0.807001 0.542344
0.813227 0.600421
0.812159 0.735862
0.810846 0.773278
0.80755 0.821436
0.805963 0.85461
0.812006 0.883267
0.830775 0.0307016
0.831202 0.0666524
0.83404 0.0936613
0.8193 0.20246
0.829218 0.228004
0.832667 0.256569
0.821039 0.283395
0.818873 0.312387
0.829035 0.352977
0.826228 0.478042
0.829035 0.509964
0.817896 0.569262
0.833186 0.624103
0.816309 0.650868
0.825831 0.677023
0.820704 0.707327
0.82458 0.79928
0.833918 0.826991
0.83047 0.9035
0.823756 0.948424
0.822474 0.998108
0.842708 0.00555437
0.852962 0.0463881
0.838893 0.134892
0.841914 0.173711
0.843715 0.299051
0.847774 0.373028
0.8446 0.408765
0.837214 0.440992
0.847041 0.558
0.842158 0.587237
0.851192 0.650594
0.853633 0.702139
0.843654 0.740562
0.842036 0.769433
0.837306 0.854152
0.85168 0.967498
0.854122 0.996948
0.867946 0.0205084
0.860775 0.0822779
0.858333 0.115513
0.859859 0.204047
0.856166 0.230964
0.863704 0.274606
0.873043 0.30256
0.854274 0.3314
0.868435 0.392895
0.870022 0.477218
0.854823 0.519425
0.872982 0.545671
0.87228 0.580004
0.869045 0.609668
0.863582 0.677175
0.869808 0.726371
0.861232 0.806116
0.862636 0.841792
0.861812 0.876217
0.871578 0.909146
0.887295 0.089877
0.889706 0.116764
0.873623 0.170049
0.889676 0.192907
0.886196 0.250435
0.886319 0.331767
0.890011 0.409406
0.873531 0.433088
0.884701 0.516282
0.882443 0.698508
0.874935 0.754875
0.891995 0.795831
0.891018 0.822748
0.890286 0.87289
0.888913 0.931089
0.881314 0.961089
0.900021 0.00668355
0.908017 0.0353404
0.903989 0.0619831
0.89291 0.14362
0.909024 0.168493
0.903623 0.228004
0.893338 0.279794
0.900967 0.305948
0.895505 0.373333
0.910123 0.42732
0.89526 0.451979
0.897671 0.48265
0.902219 0.547594
0.89407 0.647114
0.905423 0.682455
0.902829 0.726615
0.906064 0.76162
0.905118 0.850368
0.908231 0.968169
0.897946 0.994232
0.9241 0.080813
0.921812 0.110538
0.922941 0.140934
0.920682 0.2631
0.924741 0.291726
0.926054 0.352824
0.922391 0.457137
0.919187 0.499161
0.919034 0.526292
0.925596 0.57799
0.922575 0.616687
0.921537 0.704276
0.918729 0.791131
0.920896 0.892453
0.917814 0.923673
0.940825 0.0246284
0.930723 0.0499588
0.942259 0.167669
0.935453 0.195044
0.930937 0.230903
0.935087 0.32136
0.937437 0.378826
0.948851 0.563066
0.93646 0.640919
0.931761 0.670858
0.94583 0.732139
0.932829 0.75634
0.94116 0.807123
0.93054 0.836177
0.943663 0.870296
0.9317 0.949797
0.930692 0.999573
0.961638 0.0013123
0.95938 0.0595721
0.960356 0.104007
0.963134 0.134159
0.963378 0.255226
0.965728 0.29548
0.964446 0.322855
0.962218 0.363323
0.949705 0.432691
0.952391 0.483413
0.955718 0.517472
0.960753 0.590106
0.95465 0.620136
0.964934 0.703177
0.957183 0.784936
0.959838 0.896512
0.95233 0.928892
0.949705 0.971709
0.968719 0.0334483
0.978851 0.0785546
0.971038 0.168493
0.968322 0.196936
0.979553 0.224616
0.968505 0.400006
0.970855 0.4532
0.978515 0.552324
0.969909 0.642628
0.97879 0.678732
0.968993 0.747673
0.983825 0.797998
0.974822 0.824488
0.974517 0.853145
0.981902 0.919248
0.979888 0.969207
0.971007 0.999084
0.994049 0.00485244
0.997375 0.0484634
0.998566 0.11948
0.995972 0.15479
0.990326 0.256691
0.995239 0.294046
0.997101 0.338725
0.993713 0.374737
0.999847 0.408734
0.993896 0.43495
0.989593 0.474776
0.995575 0.502548
0.995972 0.529862
0.993774 0.575426
0.990387 0.603656
0.998199 0.637196
0.995361 0.711966
0.994659 0.767235
0.999603 0.840937
0.998657 0.892483
0.999359 0.943114
0.998077 0.991058
1.02217 0.75935
1.02911 0.18839
1.02647 0.675708
1.07407 0.557263
1.06456 0.644292
