992
0.00204474 0.0109867
0.00061037 0.0514542
0.0145268 0.0918912
0.00534074 0.12125
0.00265511 0.148167
0.00192267 0.179418
0.00961333 0.209326
0.00186163 0.253212
0.00460829 0.303842
0.000701926 0.339885
0.00686666 0.368053
0.0161443 0.400891
0.000396741 0.430586
0.0085757 0.460891
0.00827052 0.500931
0.00631733 0.528153
0.00314341 0.574572
0.00805689 0.61269
0.00408948 0.646779
0.00265511 0.67925
0.00177007 0.716208
0.0122684 0.75811
0.00671407 0.786737
0.00634785 0.817713
0.00506607 0.848872
0.00762963 0.90051
0.000915555 0.928587
0.00827052 0.963347
0.00231941 0.997742
0.0318918 0.005768
0.0259407 0.036256
0.029603 0.134495
0.0346385 0.192663
0.0330515 0.229286
0.0355846 0.257332
0.0285653 0.285165
0.0330821 0.374767
0.0299387 0.434645
0.035371 0.529435
0.0231025 0.55388
0.0325327 0.63094
0.0292672 0.662862
0.0225227 0.698721
0.0318613 0.731895
0.0295724 0.80224
0.029603 0.832087
0.0238044 0.876705
0.031312 0.997955
0.0379955 0.0761132
0.0458998 0.102725
0.0554826 0.212561
0.0455031 0.319651
0.0490738 0.346721
0.0511795 0.395093
0.0397961 0.46675
0.0400708 0.500931
0.0545366 0.550584
0.0382397 0.580279
0.0481582 0.605914
0.0505387 0.766472
0.0475478 0.858882
0.0437941 0.913877
0.0431227 0.957854
0.0646687 0.0061037
0.0594806 0.0335093
0.0625019 0.063448
0.0627766 0.130558
0.0594195 0.16129
0.0589312 0.277261
0.0737632 0.300912
0.064333 0.418531
0.0634785 0.446669
0.0715049 0.485946
0.0613727 0.521653
0.0713218 0.584887
0.0626545 0.633381
0.0576189 0.669729
0.0608844 0.696463
0.0588092 0.73629
0.0615864 0.830378
0.0592364 0.888913
0.061861 0.935057
0.0745567 0.965819
0.0599383 0.99823
0.0884426 0.0487686
0.0886563 0.0861232
0.0859096 0.116764
0.0864589 0.163091
0.0765709 0.189825
0.076693 0.235878
0.0919523 0.259285
0.0901822 0.323038
0.0831019 0.350902
0.0829493 0.389782
0.0918912 0.418622
0.0885647 0.547868
0.0918302 0.607196
0.0872219 0.678732
0.088229 0.721671
0.0881985 0.758751
0.0768761 0.787286
0.0908536 0.81344
0.0825831 0.872738
0.0844447 0.912259
0.0928068 0.945097
0.0888394 0.995453
0.10065 0.0178228
0.100711 0.211585
0.106357 0.293954
0.10477 0.36961
0.0975372 0.446364
0.102847 0.480728
0.0966216 0.514664
0.103671 0.580767
0.0974151 0.646016
0.106113 0.700552
0.109684 0.739036
0.10535 0.856349
0.108585 0.97232
0.129307 0.0286264
0.114353 0.0576495
0.116428 0.0905179
0.130375 0.13419
0.118931 0.159062
0.121921 0.186926
0.119053 0.267434
0.125797 0.345866
0.124729 0.400464
0.129215 0.430006
0.123997 0.458876
0.120762 0.554338
0.124027 0.600177
0.126804 0.63509
0.119755 0.767571
0.127232 0.800256
0.131077 0.84521
0.130833 0.87582
0.114383 0.907224
0.120273 0.941282
0.126743 0.997925
0.134526 0.00186163
0.143193 0.0529496
0.150761 0.198035
0.134037 0.220771
0.143651 0.252632
0.146825 0.279977
0.144902 0.31196
0.148442 0.380657
0.133305 0.491501
0.142369 0.529008
0.147526 0.586322
0.138432 0.668935
0.14481 0.699698
0.134709 0.726127
0.143742 0.92233
0.146214 0.957396
0.158971 0.0142216
0.170751 0.0538041
0.158757 0.0890225
0.16068 0.136876
0.159856 0.169012
0.167058 0.239113
0.155919 0.345195
0.153356 0.413099
0.153111 0.448653
0.156896 0.556444
0.158574 0.611866
0.163549 0.641957
0.167394 0.68041
0.167333 0.7181
0.156896 0.777215
0.160497 0.819178
0.156285 0.857601
0.153478 0.897183
0.169988 0.936308
0.153203 0.990661
0.184851 0.030427
0.183966 0.151677
0.175176 0.212867
0.180456 0.268685
0.175573 0.301737
0.189215 0.342875
0.174871 0.366222
0.184149 0.399823
0.175207 0.428968
0.189032 0.452162
0.171056 0.477615
0.178625 0.517472
0.184729 0.554186
0.18833 0.581103
0.174932 0.744743
0.189123 0.771752
0.183752 0.799341
0.187811 0.872036
0.18247 0.902341
0.186956 0.961303
0.182226 0.995819
0.19715 0.00616474
0.189947 0.0896329
0.19602 0.116886
0.196203 0.178259
0.200934 0.221137
0.203864 0.319559
0.205878 0.492904
0.197668 0.633259
0.202857 0.664235
0.199561 0.691794
0.193854 0.724876
0.199957 0.843471
0.226539 0.00549333
0.213904 0.041261
0.211371 0.0730003
0.225318 0.168706
0.226386 0.233283
0.209723 0.26307
0.215155 0.294626
0.224097 0.365215
0.213538 0.390027
0.220222 0.427473
0.212806 0.543596
0.21485 0.570605
0.217322 0.600421
0.222327 0.645619
0.225562 0.679617
0.221747 0.707755
0.211585 0.745232
0.214057 0.79638
0.227577 0.832331
0.22309 0.876705
0.209357 0.915586
0.209784 0.998596
0.240822 0.029664
0.236183 0.056856
0.237892 0.0839259
0.229469 0.141118
0.237007 0.271981
0.232917 0.315287
0.239204 0.34254
0.246529 0.389355
0.245643 0.418348
0.233345 0.455336
0.235481 0.515793
0.238227 0.553423
0.242531 0.616474
0.24543 0.735557
0.234504 0.771386
0.233711 0.903012
0.230262 0.94113
0.238533 0.992523
0.261208 0.0052797
0.265328 0.0787683
0.255074 0.12653
0.253914 0.159764
0.246773 0.190832
0.257302 0.229926
0.263283 0.28254
0.261605 0.316752
0.257668 0.362621
0.263375 0.498062
0.263588 0.528947
0.251473 0.580035
0.264962 0.634907
0.246864 0.661489
0.255684 0.706076
0.25428 0.80462
0.250618 0.851405
0.259865 0.891934
0.251869 0.923978
0.256203 0.953185
0.274667 0.0325022
0.282296 0.156926
0.270699 0.255592
0.280801 0.341075
0.283639 0.404126
0.268136 0.438917
0.28193 0.463576
0.268868 0.557756
0.280129 0.585375
0.275124 0.676046
0.274514 0.729484
0.272896 0.756584
0.278848 0.784265
0.271371 0.825587
0.278359 0.867916
0.26841 0.977905
0.291757 0.0029603
0.287728 0.0626545
0.289102 0.104953
0.296823 0.133518
0.290841 0.18775
0.302255 0.212195
0.29078 0.23722
0.303659 0.289529
0.295724 0.377636
0.30137 0.428541
0.298288 0.494125
0.297006 0.52794
0.29487 0.614063
0.291086 0.644002
0.30256 0.674032
0.2949 0.701132
0.300943 0.750816
0.295328 0.812769
0.285836 0.906064
0.296365 0.939146
0.287454 0.997986
0.310007 0.0300607
0.311167 0.0896023
0.320566 0.115116
0.308634 0.163457
0.309397 0.261544
0.308176 0.318949
0.319864 0.348735
0.309244 0.454451
0.305582 0.553789
0.307108 0.584094
0.319498 0.639363
0.316813 0.718253
0.305734 0.779656
0.307199 0.865658
0.308359 0.970733
0.317057 0.998169
0.323191 0.00299081
0.339396 0.13715
0.323435 0.186102
0.328959 0.217353
0.332347 0.283944
0.324473 0.393902
0.336833 0.446303
0.329051 0.479049
0.328318 0.533189
0.341288 0.559984
0.323038 0.611377
0.329691 0.668783
0.340403 0.738212
0.32902 0.763451
0.327891 0.824061
0.327158 0.884396
0.322977 0.913419
0.337168 0.939909
0.339152 0.971221
0.344615 0.0214545
0.352214 0.0638447
0.343486 0.0985138
0.342692 0.167028
0.349071 0.19422
0.342662 0.24311
0.359569 0.281503
0.348552 0.309732
0.346446 0.339763
0.344005 0.368084
0.342021 0.414685
0.354381 0.466933
0.355327 0.584185
0.350475 0.611408
0.34724 0.64275
0.346232 0.690878
0.342418 0.794366
0.356395 0.822291
0.355632 0.851344
0.35667 0.905179
0.344401 0.999634
0.375713 0.00451674
0.372051 0.0443434
0.369945 0.107761
0.372509 0.151952
0.376354 0.180547
0.37138 0.21775
0.373241 0.327494
0.371502 0.365337
0.364483 0.3961
0.370434 0.42851
0.371471 0.488144
0.363536 0.520859
0.374401 0.629414
0.373486 0.659658
0.365429 0.714652
0.373119 0.753685
0.372997 0.881283
0.366131 0.943236
0.369243 0.987732
0.383465 0.0741295
0.398144 0.143315
0.383068 0.256386
0.391217 0.307047
0.391644 0.464278
0.396619 0.512528
0.380108 0.548295
0.392376 0.680258
0.396802 0.713919
0.387127 0.795862
0.384594 0.830225
0.39256 0.861293
0.386395 0.905972
0.394208 0.998962
0.407117 0.000488296
0.409223 0.0617695
0.411573 0.0886563
0.403943 0.116367
0.403943 0.172246
0.399945 0.201392
0.405866 0.275491
0.407605 0.344829
0.408368 0.37431
0.399945 0.40022
0.410321 0.425672
0.411908 0.487106
0.411573 0.537522
0.399518 0.567675
0.40553 0.601062
0.412397 0.639088
0.399823 0.740989
0.399487 0.771416
0.416089 0.841914
0.416944 0.876492
0.401776 0.931455
0.399243 0.968902
0.417768 0.0269478
0.435072 0.121921
0.427747 0.159001
0.426679 0.188055
0.419782 0.219642
0.420423 0.249794
0.430433 0.290475
0.418806 0.318461
0.435072 0.357189
0.432875 0.406537
0.434553 0.45381
0.433668 0.576434
0.428144 0.669271
0.421308 0.699515
0.429823 0.757683
0.429975 0.79339
0.4185 0.909421
0.42674 0.952483
0.43675 0.00253304
0.445845 0.0320139
0.438765 0.0613727
0.454024 0.147191
0.446699 0.222785
0.453902 0.264931
0.441389 0.483962
0.445631 0.512711
0.454207 0.557543
0.43672 0.607562
0.441359 0.638997
0.437422 0.721732
0.451796 0.810968
0.443678 0.858791
0.443342 0.893094
0.451277 0.939116
0.455336 0.968261
0.438581 0.993805
0.470382 0.0117801
0.46556 0.0574664
0.455947 0.093112
0.474136 0.221595
0.456435 0.302194
0.462569 0.352428
0.458235 0.380901
0.471145 0.406629
0.463057 0.443586
0.470656 0.473861
0.465438 0.531907
0.464217 0.589923
0.467818 0.620411
0.469863 0.661855
0.461592 0.689474
0.456771 0.741966
0.461379 0.778466
0.467849 0.84286
0.465041 0.911618
0.465835 0.998474
0.487106 0.0340587
0.492599 0.098056
0.475967 0.123203
0.481613 0.158025
0.478256 0.187414
0.492019 0.24485
0.491104 0.274422
0.477248 0.321543
0.492416 0.353191
0.475631 0.505722
0.493271 0.529283
0.482437 0.564165
0.493057 0.605182
0.490768 0.636372
0.488449 0.693594
0.478103 0.71868
0.482559 0.759667
0.482864 0.796106
0.489151 0.826441
0.480148 0.885739
0.480087 0.935362
0.490951 0.972076
0.497085 0.00540178
0.494705 0.0637837
0.51146 0.161718
0.503464 0.220496
0.502976 0.310434
0.49678 0.38081
0.498428 0.412
0.493973 0.454512
0.498032 0.484115
0.508316 0.577532
0.496536 0.667104
0.508072 0.73867
0.511032 0.772515
0.507126 0.884884
0.511643 0.913602
0.501663 0.999298
0.527085 0.00851466
0.514573 0.0381787
0.528123 0.0752586
0.525101 0.106784
0.52327 0.136631
0.518906 0.268105
0.52092 0.341655
0.528764 0.379437
0.522416 0.437941
0.523331 0.467605
0.519211 0.502365
0.514878 0.55034
0.515122 0.622059
0.525407 0.675649
0.512619 0.71157
0.523484 0.799249
0.514328 0.850001
0.518876 0.940123
0.517502 0.976043
0.546342 0.0465102
0.543504 0.154881
0.54326 0.189215
0.540666 0.216041
0.535264 0.309824
0.539079 0.41615
0.548204 0.448744
0.549577 0.4756
0.547136 0.504257
0.540727 0.563005
0.532792 0.597552
0.535234 0.640645
0.548906 0.692495
0.540422 0.720511
0.537187 0.74984
0.544664 0.842067
0.543748 0.882717
0.539994 0.911313
0.54619 0.94174
0.536393 0.995788
0.558306 0.0117191
0.551256 0.0907926
0.562212 0.241859
0.557207 0.285714
0.554063 0.361858
0.55855 0.394269
0.567248 0.426893
0.556688 0.532548
0.567949 0.579241
0.555467 0.660634
0.568896 0.713095
0.562303 0.739464
0.555803 0.769402
0.556444 0.80578
0.568865 0.865871
0.556413 0.976562
0.585437 0.00256355
0.58385 0.0942412
0.572161 0.118839
0.571154 0.155614
0.575487 0.194098
0.588366 0.290689
0.573962 0.335734
0.57976 0.375469
0.584429 0.40257
0.583789 0.466811
0.573656 0.491867
0.585437 0.518754
0.577441 0.610096
0.586169 0.775689
0.57149 0.837153
0.583911 0.898984
0.57329 0.923948
0.576861 0.953124
0.587268 0.999054
0.60625 0.0367138
0.594043 0.065096
0.605548 0.125736
0.593524 0.170812
0.592273 0.222602
0.593829 0.250191
0.594226 0.317362
0.600787 0.434187
0.595721 0.557604
0.600513 0.58739
0.604022 0.61977
0.590381 0.660146
0.589404 0.692953
0.592792 0.738548
0.591357 0.809961
0.602252 0.837123
0.598407 0.864528
0.599811 0.972381
0.612323 0.000335704
0.610797 0.0919523
0.622242 0.170934
0.608814 0.19892
0.622211 0.235633
0.609424 0.273812
0.618427 0.331126
0.624683 0.361095
0.608386 0.490219
0.611957 0.526902
0.614978 0.677145
0.613361 0.717856
0.61916 0.753929
0.618366 0.799738
0.613819 0.893338
0.60918 0.923002
0.622883 0.947203
0.62035 0.995239
0.629231 0.0212104
0.632466 0.0745567
0.637104 0.110874
0.643696 0.146702
0.642689 0.211859
0.639821 0.272042
0.638111 0.30665
0.63094 0.391339
0.633168 0.427412
0.628559 0.460646
0.638661 0.510849
0.637959 0.551103
0.638905 0.597247
0.631886 0.625355
0.631947 0.653981
0.636769 0.702292
0.645161 0.79809
0.632435 0.83755
0.629505 0.867
0.642079 0.979003
0.645924 0.0433058
0.663106 0.0873745
0.654164 0.186163
0.649953 0.245369
0.655232 0.338267
0.656148 0.379864
0.660909 0.408795
0.664296 0.464858
0.646077 0.484939
0.660817 0.526719
0.663503 0.562822
0.651753 0.673696
0.651112 0.729667
0.648183 0.761772
0.662984 0.819636
0.663716 0.856441
0.653676 0.896817
0.647999 0.924284
0.660115 0.949278
0.665487 0.00100711
0.66863 0.0286264
0.679525 0.0546587
0.6704 0.128269
0.677297 0.172308
0.669484 0.216254
0.673635 0.259713
0.669881 0.295907
0.680135 0.34846
0.682852 0.392651
0.669576 0.435011
0.669301 0.615528
0.681234 0.675344
0.664846 0.697226
0.679922 0.733757
0.676351 0.781518
0.681845 0.974151
0.67159 0.999145
0.701926 0.000915555
0.690146 0.0828883
0.69512 0.116001
0.691153 0.147038
0.695547 0.227271
0.696738 0.320872
0.697592 0.44789
0.689993 0.496872
0.68984 0.574877
0.689352 0.63744
0.701102 0.700095
0.693533 0.824305
0.692801 0.864681
0.685965 0.906247
0.691916 0.937437
0.705557 0.0342112
0.720664 0.096469
0.716208 0.166143
0.702719 0.199011
0.707846 0.272103
0.721244 0.303354
0.720573 0.342601
0.703085 0.367168
0.710288 0.396649
0.719413 0.464644
0.708792 0.517655
0.713126 0.55211
0.713065 0.599719
0.715262 0.662618
0.716636 0.723716
0.706473 0.748619
0.702475 0.793695
0.719413 0.832118
0.72103 0.859462
0.71334 0.888546
0.715842 0.920255
0.716788 0.990844
0.727378 0.00952177
0.725028 0.0631123
0.721671 0.13184
0.738548 0.183538
0.729118 0.218299
0.726951 0.420423
0.736167 0.498154
0.735038 0.572039
0.721335 0.62566
0.729972 0.698874
0.722129 0.774529
0.735343 0.810083
0.740165 0.885006
0.721824 0.953001
0.751427 0.0332041
0.756127 0.0699484
0.743797 0.148747
0.741172 0.255989
0.741569 0.283029
0.744316 0.373669
0.747978 0.400739
0.753532 0.42967
0.747307 0.473312
0.749138 0.542711
0.746788 0.600055
0.747612 0.638905
0.744499 0.666982
0.754662 0.711234
0.741996 0.737541
0.749657 0.858028
0.756157 0.91525
0.741356 0.978484
0.763482 0.00625629
0.766076 0.0956145
0.764244 0.123264
0.772729 0.158544
0.766808 0.194342
0.764611 0.238319
0.772515 0.264046
0.761742 0.300882
0.759697 0.333232
0.774987 0.355724
0.778161 0.397931
0.769005 0.454939
0.75988 0.514328
0.765221 0.571245
0.77047 0.616993
0.773553 0.691031
0.764458 0.762566
0.765831 0.803796
0.762474 0.833949
0.76397 0.951994
0.764794 0.998016
0.778924 0.0427259
0.786889 0.0695517
0.793603 0.0996124
0.790796 0.13654
0.785974 0.220344
0.795312 0.246315
0.796228 0.295663
0.793084 0.327311
0.787957 0.423566
0.795953 0.451674
0.779534 0.488571
0.794153 0.518998
0.789941 0.585833
0.785699 0.660024
0.781152 0.737266
0.796228 0.767144
0.796869 0.80047
0.794946 0.836146
0.783135 0.872219
0.781396 0.904141
0.7828 0.931211
0.788171 0.984558
0.805933 0.00140385
0.807672 0.0456557
0.816095 0.1489
0.810694 0.183386
0.799768 0.368755
0.812555 0.394299
0.814814 0.429945
0.809534 0.491195
0.79986 0.55855
0.81286 0.614277
0.798944 0.706137
0.809839 0.738456
0.810236 0.882229
0.807428 0.912564
0.80462 0.961333
0.815699 0.998138
0.8352 0.0711081
0.82345 0.122532
0.819239 0.220862
0.820246 0.262581
0.832728 0.311716
0.820765 0.341899
0.823206 0.518815
0.827937 0.554125
0.823695 0.589251
0.821009 0.651295
0.83105 0.682699
0.828669 0.7734
0.828364 0.84518
0.835139 0.871792
0.831385 0.899045
0.823756 0.940397
0.839045 0.00259407
0.835383 0.034547
0.844142 0.101718
0.851192 0.130131
0.837092 0.172246
0.84341 0.208136
0.84405 0.235664
0.847835 0.337046
0.83639 0.365001
0.850826 0.389386
0.838588 0.448317
0.838527 0.477279
0.847835 0.531266
0.852565 0.585131
0.841945 0.634388
0.844172 0.718253
0.839595 0.745109
0.837794 0.808557
0.837062 0.963713
0.845271 0.996735
0.861354 0.0242012
0.858455 0.0559404
0.867061 0.0856044
0.869655 0.157842
0.869533 0.263039
0.863521 0.292703
0.870601 0.320353
0.868801 0.35728
0.858577 0.420331
0.868557 0.448897
0.868526 0.476913
0.86288 0.504746
0.856624 0.556719
0.862148 0.61214
0.860103 0.665944
0.861415 0.69686
0.871364 0.724357
0.867824 0.768517
0.861965 0.82107
0.867855 0.849452
0.858394 0.927549
0.867855 0.970214
0.887387 0.00619526
0.887295 0.0531022
0.881252 0.115604
0.880764 0.192633
0.878384 0.22367
0.889218 0.397778
0.887356 0.426588
0.892087 0.505661
0.884762 0.535783
0.883328 0.585864
0.880856 0.637532
0.88934 0.672903
0.881283 0.801782
0.873562 0.879208
0.889065 0.919248
0.880825 0.946318
0.884732 0.994568
0.906919 0.0719932
0.910581 0.116123
0.898526 0.146397
0.910886 0.181982
0.905332 0.218696
0.898617 0.259072
0.897946 0.287728
0.900327 0.318827
0.895566 0.347667
0.908505 0.371776
0.896573 0.474227
0.908078 0.649983
0.89642 0.700674
0.893948 0.741935
0.909848 0.780358
0.894864 0.850703
0.903104 0.881741
0.899075 0.97177
0.916044 0.0268258
0.926939 0.0513932
0.928159 0.14423
0.926084 0.267556
0.926389 0.2978
0.92114 0.337748
0.917508 0.401227
0.919034 0.446608
0.925779 0.505356
0.913663 0.535691
0.914426 0.5656
0.928343 0.594378
0.919401 0.686727
0.921628 0.727622
0.927396 0.757256
0.918455 0.836573
0.916746 0.912778
0.927213 0.953185
0.91232 0.998047
0.936216 0.00128178
0.938475 0.116489
0.93759 0.1742
0.930448 0.201086
0.931425 0.231941
0.948515 0.323984
0.943419 0.357707
0.938475 0.427229
0.934172 0.474532
0.941771 0.634907
0.932066 0.79577
0.946318 0.823328
0.931059 0.861965
0.948607 0.899777
0.948882 0.926695
0.94232 0.999847
0.952269 0.0300607
0.967315 0.0528275
0.950316 0.0762352
0.959349 0.133854
0.962432 0.16364
0.960479 0.233894
0.954497 0.26371
0.956389 0.293802
0.961028 0.378887
0.953948 0.453383
0.956511 0.496872
0.958251 0.54973
0.951537 0.576312
0.96176 0.655843
0.953185 0.686453
0.961058 0.719169
0.956908 0.777123
0.961455 0.847652
0.956816 0.952666
0.966674 0.980407
0.969787 3.05185e-05
0.985076 0.0235298
0.971068 0.198248
0.982086 0.260231
0.976257 0.320322
0.978942 0.350597
0.972838 0.405499
0.985229 0.433088
0.98468 0.506058
0.986236 0.571459
0.96997 0.601031
0.974151 0.628681
0.974395 0.751488
0.969298 0.808466
0.970305 0.880276
0.973937 0.910062
0.999664 0.000305185
0.996246 0.0544755
0.987396 0.0808435
0.997162 0.136876
0.996551 0.171331
0.998413 0.203955
0.99527 0.291757
0.995636 0.374828
0.999725 0.404035
0.992706 0.461867
0.987854 0.537858
0.998505 0.615528
0.996246 0.656453
0.990448 0.689352
0.989318 0.718925
0.987579 0.777337
0.996002 0.817103
0.99057 0.860622
0.999756 0.88995
0.995453 0.938505
0.994446 0.965819
0.999054 0.994324
