1048
0.00689718 0.00820948
0.00784326 0.0504776
0.0102237 0.0814539
0.000579852 0.113376
0.00839259 0.14243
0.00192267 0.17658
0.0061037 0.209906
0.00183111 0.262093
0.000335704 0.299692
0.00646992 0.331553
0.000183111 0.361797
0.0185553 0.399304
0.0134281 0.428297
0.00958281 0.485336
0.000793481 0.511948
0.00543229 0.556139
0.00613422 0.58739
0.0052797 0.630757
0.00021363 0.662618
0.000305185 0.696005
0.00540178 0.742088
0.0129704 0.790124
0.001648 0.823206
0.00396741 0.852046
0.00195318 0.879543
0.00119022 0.917814
0.00106815 0.953612
0.00177007 0.99826
0.0271085 0.0258772
0.0373241 0.106693
0.0322101 0.154814
0.0308847 0.183019
0.0260323 0.244575
0.0346385 0.274575
0.0314951 0.314737
0.0310373 0.375286
0.0236824 0.455794
0.0378429 0.485794
0.0286874 0.512925
0.0332041 0.541002
0.0335093 0.578112
0.0300302 0.605609
0.0314951 0.640004
0.0248115 0.674978
0.0360424 0.700125
0.0270699 0.725883
0.0220649 0.763695
0.0375683 0.845973
0.0326243 0.914792
0.0238044 0.97177
0.0366527 0.999512
0.0456252 0.00140385
0.0524003 0.0711081
0.050264 0.133366
0.0424207 0.220283
0.0550554 0.296609
0.0397046 0.342479
0.0507523 0.410779
0.0518509 0.439772
0.0524003 0.744682
0.0474258 0.784722
0.0397351 0.810663
0.0396741 0.879482
0.0504166 0.94409
0.0528581 0.971404
0.0745262 0.00894192
0.0574358 0.0307932
0.0669881 0.104404
0.0590533 0.166967
0.068453 0.194067
0.0740074 0.221564
0.0645772 0.248451
0.0744957 0.274941
0.0618305 0.325236
0.0638752 0.37376
0.0658284 0.467635
0.0622072 0.497065
0.0573443 0.528947
0.0587176 0.558428
0.0719932 0.582415
0.0577105 0.606372
0.0625629 0.652455
0.0632038 0.68511
0.0712607 0.711966
0.0743736 0.781152
0.070101 0.816156
0.0753502 0.846583
0.0715659 0.874935
0.0636616 0.908414
0.065981 0.999939
0.0791353 0.0735347
0.0826746 0.137608
0.0827052 0.305856
0.0850246 0.353313
0.085757 0.408002
0.0788903 0.435743
0.0879238 0.51503
0.0853297 0.553972
0.0847055 0.606059
0.0846583 0.633259
0.0855739 0.666616
0.0801111 0.742851
0.0901822 0.900388
0.0812403 0.93408
0.0869167 0.968078
0.0989105 0.0232551
0.100589 0.0534684
0.0995514 0.0948515
0.111118 0.132542
0.0960112 0.176336
0.0955535 0.203375
0.102603 0.234901
0.0980879 0.262133
0.105933 0.336476
0.099704 0.380291
0.0966521 0.465865
0.113315 0.555528
0.108676 0.588519
0.109592 0.61742
0.112217 0.645283
0.112705 0.677969
0.0960202 0.701593
0.105564 0.727805
0.106296 0.762841
0.0974151 0.803339
0.102695 0.830012
0.103 0.860958
0.105876 0.922167
0.112156 0.952727
0.104617 0.999878
0.116367 0.000427259
0.126408 0.0371105
0.119347 0.072672
0.117649 0.159856
0.122623 0.188574
0.11829 0.28074
0.115421 0.311228
0.120853 0.358867
0.125645 0.392621
0.121952 0.434523
0.120914 0.485641
0.118259 0.517747
0.131626 0.70809
0.128727 0.746208
0.126286 0.786096
0.125675 0.814356
0.116947 0.889584
0.143376 0.00195318
0.149236 0.0646382
0.142766 0.0972015
0.137852 0.127293
0.143437 0.2154
0.134037 0.252083
0.15037 0.273388
0.139672 0.299715
0.146916 0.345561
0.15125 0.380963
0.148381 0.417981
0.133152 0.461592
0.15125 0.499222
0.141087 0.534257
0.137242 0.600513
0.142674 0.65154
0.140477 0.679983
0.134373 0.842067
0.142979 0.875759
0.133732 0.922605
0.138035 0.96527
0.150182 0.997406
0.160436 0.0287484
0.169835 0.111606
0.156133 0.1536
0.157079 0.191565
0.167455 0.251686
0.163305 0.319864
0.169866 0.360149
0.160405 0.44322
0.159215 0.472304
0.165597 0.521911
0.153386 0.578326
0.162908 0.629292
0.166906 0.687674
0.152165 0.72573
0.162938 0.76577
0.152397 0.792327
0.157445 0.820856
0.166265 0.860744
0.152013 0.902249
0.159917 0.929716
0.168737 0.962065
0.171789 0.00253304
0.182623 0.0548112
0.17365 0.0846583
0.185675 0.141758
0.188665 0.182623
0.179327 0.209754
0.179205 0.297281
0.179113 0.403241
0.188421 0.463301
0.179907 0.494034
0.176641 0.555956
0.177587 0.601215
0.171484 0.655995
0.189489 0.710501
0.187994 0.752831
0.180517 0.805292
0.18128 0.895901
0.182165 0.989105
0.190435 0.0253609
0.205664 0.0866115
0.19895 0.113498
0.207953 0.211066
0.194281 0.245277
0.199988 0.277047
0.201649 0.312008
0.207312 0.339579
0.196265 0.377209
0.205552 0.40789
0.191717 0.431898
0.19306 0.527238
0.202185 0.568102
0.208533 0.623676
0.194464 0.678549
0.192297 0.780511
0.206977 0.816919
0.19657 0.845698
0.202063 0.920652
0.189886 0.945402
0.20145 0.97043
0.2154 0.00412
0.216895 0.0488296
0.218024 0.138157
0.212841 0.170953
0.224036 0.260567
0.22776 0.301767
0.221992 0.368633
0.21778 0.463546
0.211524 0.494552
0.226905 0.518845
0.226753 0.552507
0.221015 0.59917
0.210395 0.651448
0.226997 0.721671
0.223395 0.754906
0.217475 0.790429
0.224128 0.841639
0.210273 0.869655
0.223731 0.942625
0.212958 0.995086
0.244697 0.00234993
0.231277 0.0257663
0.242958 0.0727561
0.240516 0.100528
0.245491 0.127445
0.238624 0.156743
0.23072 0.196753
0.244484 0.225654
0.235755 0.3361
0.23133 0.394055
0.230232 0.425611
0.236732 0.622059
0.237556 0.658711
0.229072 0.684988
0.243995 0.78457
0.234565 0.813501
0.236946 0.88171
0.231727 0.913999
0.232093 0.972472
0.261483 0.03296
0.254921 0.184637
0.254402 0.253273
0.248939 0.28489
0.254372 0.371044
0.248299 0.4532
0.249275 0.49556
0.254707 0.523545
0.251808 0.594073
0.264199 0.650166
0.256966 0.678091
0.249733 0.704398
0.253792 0.752922
0.261818 0.814661
0.254402 0.861263
0.259346 0.897305
0.256338 0.924721
0.24955 0.951964
0.25132 0.999817
0.274392 0.00646992
0.272378 0.0790429
0.271004 0.109836
0.270608 0.148442
0.282144 0.177252
0.269082 0.214759
0.284219 0.248268
0.272164 0.3137
0.268746 0.343822
0.269631 0.408124
0.278909 0.435591
0.275674 0.470473
0.283975 0.51973
0.268105 0.552324
0.26664 0.619007
0.284127 0.692587
0.272073 0.724601
0.270424 0.779137
0.274117 0.842677
0.28254 0.945219
0.267678 0.977508
0.302042 0.000854518
0.292947 0.0274972
0.296875 0.0900205
0.29783 0.121586
0.289407 0.278207
0.297525 0.325022
0.292001 0.363598
0.296579 0.393811
0.290414 0.493179
0.288552 0.577654
0.290567 0.606555
0.292245 0.645466
0.294595 0.740989
0.292917 0.807916
0.288552 0.868801
0.289254 0.897366
0.285592 0.998505
0.304178 0.0523392
0.312998 0.145726
0.319163 0.173803
0.306406 0.216041
0.311053 0.247505
0.316935 0.345073
0.317347 0.372441
0.316599 0.426008
0.306314 0.455672
0.317728 0.484787
0.310831 0.514695
0.314035 0.557634
0.315683 0.586566
0.316568 0.624775
0.308908 0.681875
0.313364 0.71923
0.314493 0.766747
0.320231 0.814508
0.304758 0.84048
0.315653 0.884548
0.308512 0.927854
0.306864 0.973571
0.336924 0.00689718
0.324778 0.0316477
0.323527 0.0724204
0.326243 0.0993683
0.333079 0.126041
0.330577 0.1981
0.331033 0.226724
0.32371 0.279855
0.33549 0.318674
0.32664 0.399029
0.33961 0.447401
0.337565 0.603198
0.329203 0.654836
0.341441 0.681814
0.341411 0.734062
0.329844 0.788842
0.32899 0.859584
0.331584 0.907743
0.338878 0.936888
0.333628 0.976501
0.357677 0.0632038
0.3515 0.0902736
0.358318 0.116794
0.356273 0.143681
0.35197 0.171819
0.358379 0.233192
0.357189 0.261177
0.343913 0.359355
0.352336 0.410047
0.357219 0.48146
0.347911 0.507614
0.346263 0.549974
0.355541 0.5815
0.357585 0.645711
0.35023 0.768242
0.360515 0.800562
0.348491 0.8287
0.345317 0.881375
0.35783 0.995514
0.365825 0.00558489
0.363781 0.0361034
0.379437 0.0918607
0.361095 0.205237
0.368236 0.292154
0.366466 0.320597
0.375835 0.360118
0.361797 0.384442
0.372662 0.429151
0.375927 0.456771
0.369518 0.533158
0.379131 0.612079
0.365459 0.694357
0.368725 0.736961
0.375713 0.853297
0.378765 0.883023
0.361797 0.910245
0.364757 0.958586
0.389203 0.0259713
0.387005 0.119114
0.381634 0.16007
0.386303 0.193274
0.383038 0.252419
0.394635 0.277505
0.396405 0.336894
0.387249 0.395123
0.385388 0.492996
0.395734 0.524613
0.383557 0.564043
0.393536 0.589373
0.385571 0.650166
0.394574 0.683645
0.397443 0.723899
0.392376 0.758324
0.381183 0.78343
0.387005 0.821375
0.389508 0.925382
0.384533 0.989471
0.403699 0.000152593
0.401074 0.0507523
0.414716 0.0741295
0.417219 0.106326
0.403088 0.143925
0.417463 0.189001
0.402936 0.223121
0.414472 0.308664
0.402814 0.365703
0.413617 0.4026
0.412152 0.429945
0.402509 0.465499
0.407544 0.623615
0.414014 0.658986
0.408612 0.784143
0.414685 0.834284
0.407422 0.86462
0.406629 0.892025
0.407483 0.948668
0.416089 0.990326
0.425672 0.0267037
0.429237 0.130331
0.42671 0.159856
0.435682 0.212928
0.429182 0.240913
0.422529 0.269204
0.430158 0.373791
0.431379 0.455947
0.42204 0.485794
0.42552 0.516373
0.422285 0.545854
0.427168 0.591876
0.435377 0.622547
0.422437 0.698477
0.419782 0.752495
0.418287 0.918149
0.444594 0.00723289
0.451277 0.0421766
0.441969 0.0707114
0.446516 0.0975982
0.447127 0.183782
0.451521 0.26487
0.441847 0.305124
0.422953 0.340874
0.440391 0.400651
0.451857 0.428846
0.455489 0.48796
0.44615 0.561083
0.446821 0.650929
0.445418 0.714133
0.451918 0.755821
0.439985 0.787683
0.437757 0.817469
0.438215 0.847438
0.445387 0.881619
0.438917 0.953032
0.449538 0.986206
0.472945 0.00268563
0.470717 0.0615253
0.459609 0.127934
0.459731 0.157109
0.464248 0.237922
0.459151 0.326548
0.459304 0.372478
0.471297 0.402325
0.474349 0.466689
0.457808 0.519639
0.458449 0.590625
0.46321 0.62154
0.458022 0.675436
0.467032 0.730054
0.467879 0.844813
0.445129 0.918521
0.474105 0.941374
0.484451 0.036317
0.486465 0.102695
0.491958 0.16654
0.481429 0.194494
0.49144 0.222785
0.487669 0.25104
0.479476 0.280099
0.485488 0.315073
0.485092 0.350291
0.484481 0.428327
0.476119 0.564531
0.487747 0.598193
0.4832 0.644948
0.491806 0.677541
0.484848 0.706412
0.489517 0.770623
0.480819 0.803156
0.482711 0.869869
0.475204 0.903165
0.477035 0.980926
0.505325 0.018891
0.497818 0.0719321
0.495773 0.127964
0.507523 0.270577
0.508988 0.33784
0.494003 0.385144
0.502884 0.471358
0.502274 0.500931
0.498428 0.538255
0.505509 0.569689
0.504105 0.623768
0.510147 0.653859
0.503922 0.744835
0.510758 0.816034
0.502213 0.850459
0.508744 0.879513
0.503189 0.90759
0.502091 0.942869
0.503952 0.996124
0.518113 0.0521561
0.524705 0.113254
0.514573 0.149144
0.517655 0.183843
0.525712 0.217414
0.520829 0.246101
0.513718 0.298227
0.52147 0.383953
0.507926 0.415251
0.52916 0.441542
0.522324 0.519608
0.525346 0.546892
0.524247 0.681631
0.515641 0.710471
0.530869 0.749779
0.518418 0.787713
0.528402 0.836266
0.515061 0.970641
0.536851 0.00427259
0.540269 0.0339061
0.547136 0.0603046
0.532609 0.0863063
0.539232 0.160772
0.544206 0.192999
0.547227 0.237068
0.540361 0.282205
0.548112 0.308084
0.538621 0.344462
0.549089 0.412793
0.53328 0.468917
0.545518 0.495285
0.548021 0.527757
0.535752 0.583544
0.541734 0.627979
0.536859 0.656526
0.545488 0.725669
0.547838 0.776605
0.543962 0.811212
0.547929 0.880581
0.532365 0.909574
0.546739 0.93762
0.536759 0.993652
0.555956 0.10419
0.551622 0.134037
0.563921 0.21482
0.561724 0.261757
0.553484 0.385632
0.564409 0.435713
0.561174 0.464034
0.560625 0.563585
0.554613 0.604297
0.568438 0.638081
0.558855 0.700339
0.559404 0.751793
0.566759 0.827631
0.563646 0.858211
0.564379 0.911649
0.554826 0.964049
0.568987 0.994598
0.573931 0.00402844
0.574969 0.0333567
0.57268 0.0749535
0.585437 0.151006
0.576586 0.181097
0.585192 0.241768
0.572069 0.292032
0.583819 0.317148
0.573778 0.342204
0.588153 0.367351
0.585406 0.4008
0.575304 0.489547
0.577227 0.539598
0.584918 0.579394
0.575335 0.676046
0.584063 0.720359
0.584704 0.774804
0.57152 0.799799
0.586383 0.894955
0.5728 0.944061
0.595172 0.0590533
0.601856 0.0852992
0.598224 0.117435
0.606861 0.180639
0.595874 0.211249
0.590381 0.268685
0.606342 0.346263
0.6039 0.42906
0.591693 0.456343
0.602863 0.484573
0.603137 0.516465
0.604816 0.546312
0.590258 0.607074
0.602649 0.659841
0.604236 0.748802
0.602161 0.799707
0.60213 0.833125
0.590869 0.859554
0.599567 0.940702
0.58919 0.967955
0.605213 0.995697
0.61211 0.00192267
0.619617 0.0433668
0.614246 0.14124
0.61214 0.236824
0.619953 0.28312
0.619312 0.322245
0.611652 0.387463
0.618854 0.57741
0.609424 0.631092
0.616352 0.688955
0.621204 0.717978
0.617084 0.777184
0.624561 0.815668
0.618 0.868587
0.619404 0.89819
0.622547 0.924985
0.62508 0.977142
0.642292 0.0274667
0.645161 0.0547807
0.636738 0.112064
0.641133 0.147282
0.630451 0.199469
0.640187 0.23072
0.632282 0.256996
0.62981 0.36729
0.628681 0.409925
0.630238 0.446974
0.639424 0.492233
0.63271 0.518265
0.633625 0.551561
0.627003 0.608753
0.631581 0.648396
0.633839 0.750084
0.63885 0.792898
0.644795 0.847957
0.663198 0.000122074
0.647206 0.082461
0.64745 0.174017
0.66097 0.253212
0.654256 0.292611
0.662404 0.319132
0.645589 0.341014
0.653829 0.39555
0.651145 0.424623
0.663167 0.470443
0.657709 0.528048
0.649037 0.581164
0.65624 0.63567
0.647511 0.680624
0.648122 0.711203
0.655904 0.772118
0.652577 0.820643
0.660054 0.872433
0.645894 0.903439
0.65038 0.94702
0.658498 0.990173
0.676595 0.0234993
0.677389 0.054445
0.671529 0.0963775
0.675466 0.132939
0.675252 0.163823
0.669881 0.192145
0.670064 0.22718
0.673666 0.349712
0.675985 0.440809
0.674276 0.506699
0.665181 0.554063
0.678243 0.585467
0.669698 0.612293
0.674093 0.659688
0.680166 0.689383
0.672536 0.736473
0.682302 0.765587
0.667043 0.796655
0.673208 0.918821
0.679739 0.961486
0.699637 0.0971099
0.696646 0.208899
0.687637 0.250129
0.700766 0.280068
0.696005 0.334727
0.686911 0.38319
0.698752 0.411359
0.697623 0.474654
0.70159 0.501999
0.692373 0.543504
0.69628 0.618915
0.695364 0.797601
0.687155 0.827479
0.692343 0.857906
0.69097 0.891873
0.702322 0.940611
0.687643 0.98764
0.705771 0.0184637
0.719474 0.0428175
0.709067 0.0687887
0.707358 0.1395
0.710593 0.167791
0.720908 0.245796
0.705435 0.30665
0.721122 0.390789
0.702994 0.448195
0.720054 0.529496
0.706564 0.572924
0.721305 0.605213
0.709433 0.644795
0.705496 0.674245
0.711875 0.705283
0.704794 0.74218
0.720389 0.84695
0.720298 0.874783
0.734214 0.0201117
0.736381 0.0694906
0.732383 0.126316
0.727683 0.20127
0.73339 0.28016
0.733055 0.313791
0.723319 0.353069
0.730155 0.421583
0.727165 0.484542
0.73803 0.509558
0.730399 0.556597
0.734367 0.631092
0.733696 0.661061
0.735679 0.756615
0.728477 0.782891
0.736381 0.822687
0.724845 0.907407
0.72747 0.952422
0.722465 0.97943
0.746279 0.0442855
0.742058 0.0978118
0.752493 0.144099
0.741661 0.169958
0.757164 0.198523
0.746239 0.256264
0.745232 0.377789
0.74044 0.460738
0.753563 0.58562
0.754326 0.612537
0.756706 0.692618
0.742943 0.716056
0.758263 0.774163
0.757408 0.804498
0.754967 0.843104
0.7463 0.883206
0.750236 0.923185
0.748619 0.970366
0.742851 0.997253
0.765954 0.00262459
0.76928 0.087466
0.775292 0.16657
0.764641 0.227302
0.773949 0.263588
0.761711 0.297678
0.766472 0.339579
0.777276 0.394696
0.761071 0.418714
0.76928 0.449629
0.763298 0.494461
0.761833 0.522752
0.760094 0.559069
0.764367 0.646504
0.762902 0.737205
0.775506 0.866451
0.769424 0.896841
0.763169 0.946709
0.772546 0.997742
0.782098 0.0325327
0.785119 0.0655843
0.778802 0.134037
0.790002 0.204962
0.796869 0.280709
0.790643 0.306894
0.792955 0.335184
0.788018 0.369243
0.787042 0.426374
0.786431 0.478622
0.786679 0.507651
0.783105 0.541581
0.78576 0.570482
0.779626 0.597888
0.788568 0.625629
0.784661 0.674245
0.779839 0.710471
0.79113 0.734826
0.790185 0.761803
0.783868 0.793909
0.779047 0.820386
0.791986 0.844172
0.790521 0.942473
0.782556 0.972381
0.801172 0.010651
0.809381 0.0796533
0.807428 0.121097
0.802148 0.156774
0.801355 0.236793
0.813898 0.355449
0.81222 0.412152
0.800256 0.449904
0.807916 0.525681
0.811743 0.562859
0.805278 0.588914
0.814814 0.649098
0.810022 0.683584
0.812677 0.718711
0.81402 0.78457
0.808374 0.816462
0.815027 0.863674
0.800867 0.894498
0.807478 0.921661
0.809564 0.99884
0.828547 0.00061037
0.822871 0.0321055
0.834101 0.056917
0.826533 0.144169
0.827052 0.173315
0.817164 0.214423
0.831355 0.25016
0.822474 0.290506
0.817194 0.318827
0.819575 0.385449
0.831141 0.434156
0.817225 0.471206
0.821223 0.498184
0.830836 0.542741
0.832942 0.585589
0.828913 0.625294
0.831416 0.76278
0.82815 0.837703
0.823786 0.945463
0.819208 0.973601
0.836909 0.0864589
0.842402 0.11655
0.842494 0.196753
0.842113 0.224332
0.84817 0.278359
0.846858 0.319437
0.84695 0.347667
0.845303 0.377786
0.846919 0.406445
0.848262 0.455519
0.852107 0.561663
0.853938 0.605182
0.851863 0.639759
0.838099 0.668142
0.839595 0.71157
0.847102 0.739982
0.841548 0.797113
0.853542 0.823298
0.83813 0.886135
0.835292 0.918088
0.846034 0.962798
0.845668 0.996826
0.859645 0.00286874
0.861995 0.042909
0.864009 0.0979339
0.859706 0.142216
0.864193 0.174078
0.868801 0.215766
0.871395 0.298196
0.870449 0.36668
0.860042 0.430738
0.862636 0.484573
0.857906 0.511429
0.863993 0.537592
0.868099 0.662679
0.866146 0.706839
0.856497 0.772349
0.868163 0.800617
0.859004 0.855251
0.861812 0.913755
0.863894 0.942756
0.885525 0.021363
0.878048 0.0719626
0.888638 0.128971
0.888302 0.191168
0.875515 0.253792
0.885311 0.34138
0.876186 0.457808
0.884732 0.504624
0.890774 0.535539
0.8764 0.576128
0.882992 0.609912
0.883969 0.638844
0.889157 0.689444
0.885861 0.728172
0.883633 0.757042
0.889676 0.783868
0.881588 0.82934
0.873653 0.88406
0.882473 0.963683
0.879666 0.998901
0.905454 0.000274667
0.903043 0.0613422
0.895779 0.0995514
0.892209 0.156529
0.900571 0.219733
0.895993 0.279153
0.894467 0.315867
0.899503 0.365307
0.895688 0.39317
0.892788 0.435713
0.907895 0.490249
0.906339 0.567522
0.906491 0.667928
0.909848 0.748802
0.906735 0.8099
0.895779 0.86169
0.89346 0.910031
0.907285 0.94116
0.906796 0.976104
0.92172 0.0219733
0.925047 0.0838343
0.925993 0.110965
0.913811 0.138296
0.914823 0.178228
0.911618 0.24427
0.928007 0.290963
0.92291 0.320383
0.927274 0.420789
0.911893 0.454756
0.92175 0.528245
0.922788 0.598224
0.915281 0.624836
0.911924 0.708457
0.917478 0.781701
0.920499 0.846095
0.930082 0.880917
0.929563 0.99591
0.940336 0.001648
0.93292 0.0539872
0.938231 0.156468
0.94119 0.183272
0.931303 0.20838
0.938108 0.234993
0.939085 0.264046
0.941212 0.340023
0.934019 0.366832
0.94058 0.395489
0.935118 0.475173
0.931846 0.502374
0.939329 0.575549
0.93112 0.649586
0.940275 0.6751
0.930998 0.732261
0.948698 0.76693
0.939665 0.799768
0.946348 0.829981
0.949034 0.860195
0.931578 0.9082
0.936735 0.936582
0.935545 0.964934
0.967833 0.0256966
0.952574 0.129398
0.960295 0.20423
0.966338 0.237037
0.956267 0.295969
0.961638 0.437849
0.960404 0.466161
0.967559 0.493057
0.956358 0.517563
0.951842 0.548814
0.966674 0.58916
0.953124 0.612842
0.956862 0.641972
0.952055 0.699362
0.961333 0.732932
0.966094 0.886227
0.964232 0.948119
0.964598 0.987426
0.972167 0.0634785
0.970824 0.0968352
0.968719 0.173833
0.978881 0.272896
0.973697 0.316385
0.968749 0.344615
0.970428 0.390362
0.98318 0.516449
0.980926 0.624287
0.971679 0.667531
0.968108 0.786401
0.986145 0.808771
0.971587 0.916227
0.992395 0.0126401
0.995727 0.0392773
0.999695 0.0690634
0.99939 0.108127
0.996582 0.139622
0.995209 0.192114
0.989441 0.222358
0.996914 0.248141
0.992615 0.295999
0.998688 0.332621
0.993408 0.365429
0.993255 0.407819
0.990081 0.436689
0.993896 0.480117
0.999847 0.54268
0.993683 0.574633
1 0.604175
0.999939 0.659078
0.993652 0.692557
0.988159 0.721793
0.994781 0.771477
0.992645 0.843593
0.998657 0.871609
0.997375 0.899808
0.999298 0.930967
0.99057 0.957366
0.99649 0.983886
