1031
0.011536 0.00158696
0.000732444 0.0433058
0.00253304 0.0845973
0.00100711 0.114292
0.000762963 0.142705
0.00991852 0.168035
0.00513117 0.194449
0.00140385 0.226814
0.0019837 0.25547
0.00381481 0.301187
0.00497452 0.33137
0.0145268 0.361675
0.00119022 0.388134
0.00286874 0.424726
0.00109867 0.453108
0.0128483 0.482925
0.00753807 0.511826
0.00671407 0.553087
0.0151067 0.579211
0.00347911 0.613971
0.00979644 0.642048
0.00109867 0.671499
0.00421155 0.701926
0.0111393 0.738182
0.00619526 0.767235
0.0188299 0.801141
0.00216681 0.826044
0.00900296 0.865108
0.0135756 0.914018
0.0011597 0.938108
0.000122074 0.994903
0.0253304 0.027192
0.0302133 0.0555437
0.0302133 0.087466
0.0372936 0.113437
0.0308847 0.148869
0.0318918 0.186926
0.0250862 0.212958
0.0235908 0.275613
0.036256 0.33842
0.0285958 0.409803
0.0314035 0.437391
0.0371105 0.470077
0.0373547 0.525315
0.0378429 0.640492
0.0261544 0.682424
0.0368664 0.726096
0.0345164 0.760521
0.0299387 0.837428
0.0246284 0.888943
0.0316172 0.933897
0.0248115 0.961577
0.0292978 0.999603
0.0396741 0.000183111
0.0524613 0.0245064
0.0540788 0.168859
0.0426038 0.238227
0.0501295 0.279656
0.0435804 0.306467
0.0414747 0.365001
0.0542009 0.390606
0.039613 0.559709
0.0504166 0.599078
0.0568865 0.698538
0.0481277 0.809259
0.0431532 0.863704
0.0538652 0.890347
0.0699179 0.0019837
0.0657817 0.064259
0.0672628 0.102908
0.0614032 0.129246
0.0580767 0.206915
0.0696738 0.259377
0.070986 0.300302
0.07004 0.327921
0.0683309 0.36375
0.0642109 0.442518
0.0644856 0.476028
0.0581683 0.503555
0.070864 0.528733
0.0641804 0.571551
0.067629 0.629871
0.0650044 0.662587
0.0631123 0.734062
0.0599746 0.78517
0.0643025 0.842067
0.0734886 0.910794
0.0576495 0.955748
0.0697043 0.991607
0.0922986 0.0168078
0.0774255 0.0400708
0.0782189 0.186743
0.0863369 0.21427
0.0929289 0.243538
0.0790124 0.418622
0.092288 0.504227
0.0879543 0.55736
0.0933576 0.619691
0.091525 0.646474
0.0862453 0.707755
0.0881985 0.762902
0.0830409 0.806269
0.0871609 0.873409
0.0836512 0.942686
0.0971709 0.0660726
0.0961638 0.101016
0.0971404 0.133732
0.101535 0.161657
0.109645 0.191354
0.0957671 0.282052
0.098056 0.311289
0.109073 0.342112
0.0967132 0.379437
0.10361 0.446883
0.110385 0.536424
0.10535 0.588214
0.102939 0.674306
0.0996734 0.732871
0.107608 0.790216
0.0952177 0.831446
0.112766 0.913663
0.0971404 0.967345
0.0958892 0.999512
0.115665 0.00155644
0.115146 0.0330821
0.126713 0.0696127
0.130047 0.0962498
0.126286 0.14011
0.117008 0.21717
0.131687 0.259346
0.120609 0.402448
0.115574 0.476791
0.131657 0.507218
0.119358 0.561785
0.117435 0.63332
0.13242 0.704459
0.118381 0.754997
0.127293 0.809595
0.119449 0.848964
0.114353 0.880459
0.11539 0.945433
0.119846 0.985778
0.14771 0.0435804
0.136235 0.174963
0.141966 0.207284
0.138768 0.294412
0.135594 0.328379
0.145543 0.366253
0.139988 0.433485
0.139927 0.464003
0.142064 0.534867
0.147649 0.564776
0.145665 0.607776
0.133976 0.664418
0.134983 0.731346
0.137394 0.780541
0.14655 0.839228
0.149358 0.867336
0.14658 0.901334
0.149266 0.934782
0.140446 0.962188
0.146123 0.994598
0.160405 0.004944
0.153356 0.0773339
0.159001 0.118961
0.152532 0.148778
0.164678 0.181555
0.158238 0.23545
0.169744 0.268471
0.166906 0.295755
0.162053 0.334483
0.157445 0.394421
0.169256 0.431593
0.170293 0.468917
0.158574 0.497757
0.167028 0.628468
0.157262 0.684683
0.158849 0.719016
0.167821 0.753746
0.154881 0.811823
0.167363 0.967223
0.179607 0.0308042
0.171606 0.0564287
0.173437 0.0957366
0.184881 0.127293
0.186438 0.158391
0.171484 0.209204
0.188208 0.245857
0.184851 0.359233
0.189215 0.389691
0.185644 0.495254
0.167919 0.527646
0.180975 0.557085
0.173254 0.59447
0.176031 0.661214
0.182348 0.705008
0.187811 0.734733
0.174139 0.789453
0.182745 0.81576
0.178289 0.844691
0.176427 0.876797
0.173894 0.908994
0.177618 0.935911
0.17539 0.996307
0.195013 0.00616474
0.201544 0.04944
0.205115 0.0771508
0.195685 0.195837
0.204901 0.224494
0.198614 0.275033
0.19071 0.319956
0.191321 0.450606
0.208075 0.475753
0.197272 0.534013
0.202734 0.596484
0.197638 0.627247
0.203925 0.657277
0.206397 0.686697
0.199835 0.774987
0.206885 0.835719
0.199652 0.863247
0.197821 0.893796
0.201117 0.922239
0.200903 0.953062
0.200629 0.982513
0.213756 0.0253835
0.216681 0.11127
0.210791 0.138157
0.211585 0.173345
0.218909 0.250984
0.214026 0.297037
0.216895 0.327403
0.21775 0.366008
0.214179 0.422864
0.226356 0.455519
0.227241 0.495346
0.223853 0.526719
0.218787 0.561815
0.220283 0.736991
0.223334 0.801721
0.225623 0.875484
0.227027 0.995514
0.234657 0.00836207
0.228645 0.0519425
0.233161 0.079165
0.245369 0.152196
0.231819 0.204566
0.245338 0.319681
0.237892 0.346446
0.239143 0.386578
0.242866 0.413312
0.230354 0.593158
0.229255 0.642445
0.241066 0.668783
0.241523 0.696982
0.242683 0.779748
0.233772 0.831568
0.228767 0.913449
0.242927 0.945067
0.245735 0.974242
0.253914 0.0311594
0.263833 0.0837123
0.247108 0.124882
0.261788 0.178564
0.247871 0.246864
0.248695 0.288034
0.25176 0.446843
0.250343 0.473922
0.262368 0.50792
0.251381 0.534501
0.249641 0.567919
0.26368 0.591113
0.256508 0.619861
0.265389 0.652486
0.254341 0.72393
0.264901 0.76278
0.255684 0.80401
0.260231 0.863369
0.250217 0.888276
0.25895 0.915494
0.2772 0.00463881
0.27073 0.0524613
0.269601 0.140538
0.265786 0.209357
0.278024 0.237495
0.269204 0.26719
0.281075 0.291574
0.280496 0.32194
0.26661 0.350261
0.26783 0.42436
0.273629 0.549699
0.272835 0.699088
0.27958 0.738884
0.269356 0.831263
0.279336 0.895962
0.282479 0.962859
0.268227 0.996857
0.287027 0.0300302
0.290628 0.0814844
0.294015 0.111515
0.298715 0.139592
0.295816 0.195532
0.298929 0.257851
0.302469 0.351024
0.288247 0.387066
0.294639 0.422971
0.292734 0.45027
0.289712 0.487655
0.288546 0.514475
0.290567 0.5833
0.286691 0.622364
0.288766 0.674093
0.293619 0.777459
0.294565 0.80929
0.301248 0.839228
0.292367 0.870083
0.287088 0.933378
0.297189 0.986023
0.31901 0.0281991
0.30842 0.0603656
0.316477 0.0930509
0.308664 0.167486
0.306162 0.229133
0.312229 0.281169
0.311991 0.313028
0.313181 0.402173
0.317454 0.470626
0.314249 0.506333
0.312876 0.54268
0.316752 0.569964
0.309122 0.604572
0.309702 0.644185
0.305765 0.709525
0.30726 0.747459
0.304971 0.906552
0.31904 0.930326
0.318247 0.959136
0.324747 3.05185e-05
0.33784 0.0623188
0.325266 0.118992
0.33552 0.152318
0.33314 0.181799
0.327433 0.2107
0.338237 0.235572
0.341441 0.334849
0.325724 0.376843
0.323771 0.431654
0.335856 0.596698
0.330638 0.623157
0.322703 0.678304
0.331126 0.729942
0.330454 0.767327
0.339152 0.795526
0.325602 0.823786
0.325999 0.856258
0.32551 0.889157
0.323801 0.998535
0.347362 0.0162969
0.352123 0.12714
0.342326 0.264199
0.345897 0.298105
0.357402 0.369365
0.347301 0.401349
0.356822 0.438826
0.360515 0.472915
0.350536 0.499405
0.346995 0.535203
0.352947 0.570421
0.358196 0.615528
0.347667 0.64626
0.352916 0.679617
0.346965 0.707053
0.351848 0.833735
0.353191 0.866237
0.357952 0.89407
0.348888 0.962371
0.350871 0.993225
0.374187 0.0444655
0.361156 0.0831935
0.374401 0.111454
0.376049 0.141606
0.360668 0.178961
0.365093 0.208747
0.375713 0.238105
0.370678 0.274239
0.372265 0.321451
0.378552 0.589068
0.361278 0.735069
0.372234 0.77636
0.375072 0.808344
0.378826 0.845576
0.361278 0.930021
0.375129 0.96803
0.396893 0.00640889
0.396039 0.0674154
0.393597 0.259224
0.390057 0.298166
0.387707 0.349132
0.384594 0.379498
0.3867 0.408338
0.387978 0.435152
0.385968 0.463332
0.393902 0.493423
0.395001 0.521805
0.386761 0.558122
0.385449 0.634175
0.381603 0.670095
0.380016 0.697409
0.388531 0.724113
0.383539 0.750489
0.397137 0.879147
0.393719 0.947874
0.381542 0.994659
0.400282 0.038164
0.408948 0.0926847
0.401135 0.127476
0.401593 0.166082
0.401105 0.197943
0.409803 0.233955
0.414167 0.338298
0.4138 0.377667
0.414655 0.567064
0.412671 0.638203
0.413007 0.671316
0.409833 0.705985
0.410627 0.748741
0.399091 0.775811
0.402844 0.803491
0.408551 0.832026
0.403058 0.915708
0.415143 0.993469
0.42555 0.00195318
0.434614 0.028779
0.43495 0.0567034
0.427686 0.178472
0.430647 0.214026
0.421857 0.270821
0.423322 0.300943
0.418348 0.413465
0.419141 0.444899
0.419355 0.47438
0.426771 0.509567
0.419477 0.538621
0.420942 0.609149
0.432508 0.722739
0.430372 0.77517
0.433851 0.806543
0.424665 0.864864
0.422651 0.892025
0.422193 0.942503
0.434736 0.97235
0.445051 0.0968352
0.446516 0.126102
0.445479 0.154454
0.452651 0.261055
0.451888 0.289621
0.446303 0.328623
0.439436 0.368084
0.448836 0.393323
0.453017 0.426099
0.443739 0.456862
0.447096 0.48384
0.44789 0.54738
0.437513 0.584368
0.448622 0.625355
0.439741 0.652089
0.43849 0.694906
0.440168 0.749901
0.446547 0.835231
0.452803 0.868221
0.439436 0.916868
0.448944 0.944741
0.446669 0.996887
0.45793 0.00924711
0.462783 0.0361034
0.460952 0.0663167
0.470292 0.105976
0.461776 0.176366
0.455733 0.203131
0.470229 0.235328
0.473189 0.314188
0.473098 0.37907
0.456435 0.511246
0.466506 0.585131
0.468581 0.7257
0.458968 0.772271
0.464797 0.802637
0.473617 0.845515
0.466689 0.905148
0.474136 0.932737
0.467025 0.96588
0.474166 0.997101
0.488021 0.0101932
0.490432 0.0523392
0.491226 0.0880764
0.475143 0.133091
0.48674 0.164983
0.488357 0.195807
0.476424 0.273904
0.477065 0.345164
0.480697 0.41084
0.482986 0.447523
0.488418 0.474349
0.490402 0.506363
0.476363 0.554979
0.492538 0.627796
0.477706 0.662465
0.477065 0.691092
0.478437 0.75067
0.489883 0.78695
0.490097 0.814325
0.482559 0.881069
0.506716 0.0294586
0.510849 0.108463
0.503677 0.139622
0.497696 0.227454
0.505722 0.256539
0.502396 0.30256
0.505264 0.378826
0.503891 0.428724
0.498672 0.533067
0.507492 0.59331
0.509018 0.68453
0.498917 0.722983
0.505142 0.763298
0.501267 0.908963
0.504746 0.941191
0.504379 0.977813
0.517655 0.00424207
0.526719 0.0530106
0.522385 0.0819422
0.524276 0.167711
0.524094 0.194555
0.529679 0.235603
0.524338 0.320078
0.513718 0.35258
0.528489 0.408063
0.516434 0.461745
0.521928 0.493271
0.527207 0.529923
0.5262 0.56679
0.519242 0.619648
0.519608 0.65804
0.522477 0.708884
0.522385 0.738212
0.526475 0.820246
0.519578 0.851558
0.512772 0.877804
0.522446 0.99942
0.544816 0.000732444
0.537004 0.0281381
0.54268 0.100497
0.543046 0.132511
0.53441 0.26548
0.535508 0.29252
0.537584 0.365246
0.538896 0.442213
0.546098 0.48027
0.537645 0.591998
0.547624 0.635243
0.545734 0.664211
0.549364 0.694449
0.533372 0.786859
0.541063 0.906796
0.534379 0.93939
0.534013 0.973601
0.551286 0.0712302
0.567583 0.151738
0.551897 0.18305
0.56325 0.208228
0.561785 0.248024
0.561235 0.281259
0.567095 0.315958
0.558122 0.346538
0.556993 0.389996
0.566912 0.432356
0.551866 0.512467
0.551469 0.553667
0.558336 0.609333
0.551622 0.72457
0.55736 0.763756
0.564806 0.80343
0.552843 0.831202
0.551256 0.861202
0.569323 0.893002
0.557024 0.988128
0.570238 0.0180975
0.583789 0.0509049
0.580615 0.0832545
0.572924 0.109378
0.581896 0.174718
0.587115 0.258003
0.587268 0.293863
0.585559 0.342265
0.580676 0.370861
0.576861 0.458571
0.573351 0.489029
0.58092 0.53209
0.575976 0.564928
0.585894 0.598468
0.57918 0.626972
0.577319 0.65804
0.588275 0.720389
0.584521 0.769616
0.585589 0.831141
0.578631 0.859035
0.575274 0.928129
0.570238 0.958892
0.584157 0.981847
0.59743 0.0219428
0.599475 0.104404
0.590258 0.136418
0.592547 0.22663
0.594043 0.395978
0.604633 0.421735
0.60625 0.504746
0.604236 0.546464
0.605884 0.574816
0.58919 0.692953
0.597625 0.745553
0.593341 0.797388
0.59447 0.880856
0.600238 0.910581
0.597339 0.950499
0.622944 0.0361339
0.625385 0.0780663
0.617389 0.130955
0.607562 0.192602
0.617664 0.259499
0.617817 0.289499
0.612079 0.317087
0.624134 0.342235
0.612018 0.3708
0.617786 0.447432
0.608203 0.476943
0.622833 0.525856
0.61861 0.603412
0.60857 0.629719
0.61156 0.669423
0.615558 0.705222
0.62215 0.733909
0.62212 0.766198
0.624409 0.807764
0.61228 0.834011
0.614887 0.862606
0.6227 0.890469
0.622547 0.92581
0.624805 0.964171
0.612354 0.990417
0.640553 0.00161748
0.640675 0.111606
0.627247 0.160772
0.635548 0.196905
0.627094 0.226203
0.643178 0.249336
0.644551 0.300272
0.633015 0.390515
0.631275 0.417829
0.639607 0.472732
0.634571 0.501236
0.639332 0.581133
0.637898 0.650136
0.635731 0.68392
0.644664 0.983187
0.658376 0.0308542
0.6498 0.0580157
0.652608 0.145207
0.66216 0.170415
0.664296 0.211493
0.663533 0.274545
0.660726 0.3296
0.652089 0.364147
0.657247 0.405469
0.659749 0.453444
0.652028 0.525895
0.645589 0.553514
0.656423 0.611988
0.654195 0.707724
0.653005 0.740867
0.649617 0.788476
0.649892 0.818445
0.654836 0.850154
0.662557 0.883053
0.653798 0.910794
0.653371 0.957793
0.674703 0.00518815
0.679281 0.0562761
0.665151 0.0830409
0.67098 0.124363
0.679464 0.234535
0.676077 0.377178
0.669546 0.497757
0.675222 0.541093
0.670431 0.567614
0.665639 0.674764
0.668722 0.768761
0.676992 0.796228
0.676328 0.823111
0.682943 0.849208
0.677816 0.94055
0.668111 0.998993
0.690603 0.030488
0.688986 0.0996429
0.691733 0.141484
0.699301 0.184332
0.699637 0.215186
0.693655 0.260659
0.690878 0.287362
0.689413 0.329661
0.68807 0.41319
0.68682 0.449051
0.690817 0.476058
0.69747 0.511826
0.701895 0.555712
0.696799 0.582507
0.686056 0.616291
0.687002 0.646779
0.699118 0.680013
0.686727 0.731284
0.694693 0.760521
0.691763 0.881314
0.68514 0.909329
0.684042 0.972045
0.696536 0.995805
0.705985 0.00518815
0.71865 0.0400708
0.703726 0.0694601
0.716269 0.0949126
0.716849 0.129002
0.719962 0.166509
0.717551 0.236549
0.712607 0.348491
0.713614 0.375774
0.713755 0.405384
0.708151 0.432752
0.720756 0.463576
0.718863 0.656056
0.704306 0.708884
0.714891 0.742838
0.712668 0.783624
0.707175 0.814234
0.708975 0.858486
0.716117 0.903561
0.704459 0.933317
0.71746 0.975921
0.732902 0.0162053
0.733238 0.0663778
0.739738 0.145787
0.733512 0.192328
0.72393 0.265114
0.737083 0.29368
0.726554 0.322031
0.73809 0.358867
0.73986 0.415387
0.735527 0.490951
0.725669 0.516037
0.727165 0.542985
0.724235 0.589495
0.725364 0.627857
0.734306 0.681387
0.734825 0.724418
0.737449 0.768029
0.737815 0.799677
0.731529 0.841639
0.734031 0.927122
0.748314 0.0409864
0.747948 0.091586
0.755547 0.119053
0.751829 0.172702
0.745354 0.22248
0.75222 0.26368
0.7434 0.386944
0.743339 0.444411
0.75631 0.538377
0.742698 0.566668
0.755577 0.59743
0.755638 0.633961
0.758782 0.816828
0.754753 0.863887
0.742668 0.889462
0.742363 0.957427
0.747948 0.999695
0.76043 0.00482192
0.763298 0.200873
0.770257 0.308176
0.764794 0.344005
0.772454 0.395642
0.768822 0.430097
0.764428 0.468642
0.761528 0.508042
0.771203 0.574084
0.764061 0.66512
0.761193 0.711112
0.760857 0.738792
0.764 0.772973
0.771905 0.899747
0.766137 0.929166
0.769341 0.972472
0.778191 0.999969
0.787469 0.0356151
0.781976 0.0701926
0.784967 0.110782
0.780175 0.139653
0.780999 0.178686
0.779412 0.235206
0.796808 0.256142
0.791711 0.289315
0.790307 0.3614
0.795709 0.451094
0.784814 0.490219
0.787469 0.522843
0.785638 0.551317
0.787927 0.595325
0.78985 0.623524
0.797021 0.684896
0.79339 0.715262
0.79397 0.743217
0.787927 0.8081
0.781945 0.835475
0.79693 0.886654
0.795648 0.913999
0.796625 0.948912
0.806543 0.00134281
0.805475 0.0556047
0.808924 0.0930509
0.806452 0.131169
0.799215 0.158967
0.814997 0.180944
0.801019 0.20661
0.802301 0.325632
0.802667 0.392529
0.805475 0.424604
0.809961 0.4785
0.806818 0.570116
0.801263 0.649739
0.80105 0.780328
0.80166 0.860012
0.806269 0.996765
0.821039 0.0306711
0.834834 0.11951
0.831538 0.148747
0.816706 0.229743
0.816919 0.276131
0.831568 0.305185
0.829615 0.354076
0.831813 0.405377
0.822411 0.453866
0.816279 0.517747
0.824488 0.615619
0.820276 0.671041
0.821162 0.717368
0.826991 0.756127
0.817865 0.801386
0.826838 0.840358
0.828852 0.895352
0.825892 0.928434
0.816038 0.967453
0.837611 0.00903348
0.836207 0.0640889
0.838496 0.091464
0.843928 0.178808
0.837947 0.211127
0.83813 0.24604
0.844142 0.279641
0.850948 0.324412
0.850551 0.380322
0.847316 0.438978
0.842586 0.473708
0.841365 0.505386
0.837214 0.553301
0.835261 0.582293
0.850887 0.621082
0.835597 0.644734
0.849208 0.67513
0.843837 0.701682
0.850673 0.727775
0.847194 0.798425
0.836757 0.866512
0.846339 0.959899
0.836695 0.988983
0.855953 0.0412915
0.868343 0.0957671
0.859249 0.130833
0.860512 0.157698
0.868404 0.220618
0.872311 0.273202
0.868069 0.300394
0.863643 0.41612
0.863308 0.521714
0.866634 0.588794
0.871059 0.703818
0.860927 0.757927
0.85519 0.846797
0.860347 0.891018
0.855068 0.926969
0.877895 0.00558489
0.885678 0.0355846
0.878933 0.0702536
0.887326 0.159703
0.879635 0.194525
0.87991 0.245613
0.874264 0.338816
0.880734 0.38612
0.878201 0.446028
0.879147 0.472945
0.885403 0.505814
0.874325 0.547197
0.890316 0.57271
0.88876 0.615711
0.88467 0.648946
0.888119 0.75866
0.873531 0.781762
0.875027 0.825251
0.881466 0.871578
0.879971 0.912595
0.874935 0.946562
0.87521 0.982482
0.908383 0.0108341
0.903409 0.0582598
0.900754 0.126225
0.899533 0.226936
0.902066 0.269967
0.90759 0.296884
0.91055 0.33668
0.902554 0.365886
0.907987 0.42851
0.906064 0.48442
0.904385 0.534562
0.910703 0.592975
0.892941 0.678426
0.896878 0.71688
0.911008 0.742119
0.906522 0.784997
0.901913 0.831446
0.904904 0.89465
0.904416 0.932249
0.907956 0.965178
0.899228 0.99649
0.926878 0.0303964
0.915403 0.10242
0.917508 0.150304
0.918607 0.177526
0.912839 0.398785
0.916776 0.457747
0.926298 0.516465
0.921537 0.564226
0.919492 0.628315
0.924924 0.671987
0.925993 0.702597
0.916593 0.854152
0.947569 0.000549333
0.945547 0.0545623
0.934599 0.0790735
0.942656 0.106174
0.944426 0.135411
0.947386 0.166417
0.931059 0.205695
0.938078 0.245705
0.931883 0.276254
0.932798 0.308542
0.940428 0.358592
0.940489 0.391095
0.942045 0.437422
0.939177 0.486404
0.938688 0.543016
0.943663 0.584002
0.9429 0.642933
0.938108 0.741813
0.931394 0.770867
0.934782 0.818934
0.934233 0.875027
0.93054 0.907926
0.932981 0.943205
0.935911 0.991211
0.958068 0.0260018
0.96234 0.0770592
0.964598 0.192022
0.952727 0.222358
0.959685 0.2725
0.958478 0.300719
0.953276 0.327616
0.967925 0.388836
0.960814 0.416456
0.954955 0.519272
0.95883 0.617725
0.95233 0.680013
0.955412 0.711356
0.965606 0.742546
0.958125 0.773345
0.957762 0.804743
0.95056 0.840754
0.963134 0.918699
0.9635 0.945769
0.964354 0.98175
0.976531 0.105289
0.973754 0.139317
0.972228 0.246498
0.970977 0.358348
0.970916 0.44789
0.971099 0.495285
0.978606 0.535722
0.976592 0.56975
0.971038 0.642811
0.986328 0.782281
0.984527 0.823054
0.970153 0.88699
0.996948 0.00793481
0.98825 0.0394604
0.998901 0.0878628
0.999206 0.126347
0.990905 0.172124
0.99118 0.208747
0.999695 0.249123
0.99527 0.28196
0.99649 0.315531
0.998505 0.354534
0.997589 0.382061
0.995697 0.428205
0.995788 0.47908
0.997436 0.51204
0.999969 0.588092
0.994079 0.615101
0.990814 0.663167
0.999817 0.690268
0.994018 0.719932
0.994263 0.747764
0.988098 0.865047
0.991119 0.907651
0.990051 0.935331
0.992187 0.964354
0.99292 0.992309
