972
0.0114139 0.00415052
0.00720237 0.0344554
0.00271615 0.070986
0.000579852 0.101047
0.00643941 0.137303
0.00061037 0.170904
0.000244148 0.199072
0.0171514 0.232185
0.00183111 0.271279
0.00436415 0.303354
0.00177007 0.34431
0.000854518 0.375469
0.013123 0.400006
0.000549333 0.438581
0.00854518 0.469588
0.00427259 0.518815
0.000335704 0.561876
0.012421 0.599658
0.0126652 0.629078
0.000457778 0.654866
0.00427259 0.684164
0.0052797 0.742485
0.00436415 0.772149
0.00454726 0.800836
0.00454726 0.842921
0.00579852 0.872921
0.00674459 0.90286
0.000762963 0.931486
0.00262459 0.969939
0.00292978 0.99765
0.0311289 0.0575274
0.0254524 0.0902127
0.0311784 0.120434
0.031373 0.169378
0.0318613 0.290811
0.0273751 0.317362
0.0300302 0.347026
0.0288705 0.446181
0.031312 0.486709
0.0287484 0.542924
0.0323801 0.579607
0.031312 0.673177
0.0298166 0.705741
0.0305795 0.732597
0.0332652 0.82226
0.027192 0.920713
0.0254219 0.955382
0.0299387 0.991089
0.0536515 0.002472
0.0428785 0.02884
0.037965 0.200903
0.0424512 0.250893
0.0399487 0.376904
0.0419935 0.408338
0.0538957 0.467086
0.0450758 0.5168
0.0552385 0.550859
0.0413526 0.608753
0.0411389 0.637532
0.0455641 0.761071
0.0405591 0.788476
0.0399182 0.849574
0.0545061 0.87289
0.0433973 0.898434
0.052736 0.939085
0.0590838 0.0599078
0.0632344 0.0867336
0.065096 0.133152
0.0571612 0.15949
0.0598773 0.216803
0.0733055 0.24073
0.0638447 0.30488
0.0756249 0.337565
0.066805 0.386547
0.0695822 0.41554
0.0739769 0.511429
0.0641194 0.592486
0.0723594 0.621418
0.0616169 0.678762
0.0659505 0.727714
0.0606708 0.814661
0.0690939 0.841121
0.0664693 0.913724
0.0583209 0.966796
0.0609455 0.996429
0.0872829 0.0457778
0.0919523 0.0732139
0.0897244 0.104587
0.0921964 0.14185
0.0761742 0.185003
0.0942717 0.213904
0.0794092 0.278756
0.0798975 0.443709
0.0772729 0.482345
0.0776086 0.567461
0.0772118 0.651814
0.0948515 0.673544
0.0827967 0.704733
0.0772423 0.754173
0.0768619 0.786583
0.0844447 0.87524
0.0916471 0.903836
0.0932035 0.937437
0.0905484 0.970885
0.0959807 0.0136113
0.110141 0.185644
0.10715 0.253548
0.0960112 0.300485
0.101993 0.328501
0.100131 0.359661
0.111759 0.390881
0.104007 0.41847
0.110019 0.479751
0.0975982 0.531053
0.107334 0.560808
0.100589 0.589831
0.100192 0.637593
0.10831 0.715537
0.108798 0.749107
0.100681 0.807337
0.0956755 0.845973
0.100955 0.996643
0.12302 0.000183111
0.115238 0.0331126
0.118503 0.0649739
0.127476 0.0928983
0.119175 0.124058
0.120365 0.156072
0.125767 0.229621
0.118412 0.278848
0.131016 0.335215
0.127052 0.366523
0.1283 0.524613
0.126865 0.582568
0.125278 0.61858
0.130833 0.65627
0.132572 0.701071
0.115329 0.77813
0.13068 0.826136
0.114231 0.877255
0.12598 0.904691
0.119761 0.933417
0.11788 0.971757
0.1395 0.0481887
0.151799 0.0770287
0.146092 0.127354
0.14182 0.172643
0.142338 0.208289
0.151555 0.25544
0.145878 0.281747
0.133274 0.30784
0.148412 0.384289
0.134281 0.41258
0.146397 0.438032
0.140538 0.464278
0.14304 0.494003
0.136387 0.55446
0.142369 0.729209
0.135411 0.755882
0.137761 0.794549
0.133793 0.856349
0.142796 0.947233
0.139042 0.989074
0.151921 0.00967437
0.165654 0.149144
0.158849 0.317026
0.154759 0.3549
0.165471 0.413648
0.167852 0.462813
0.158757 0.520981
0.159001 0.579852
0.15204 0.607822
0.156011 0.637837
0.152043 0.676626
0.160527 0.707327
0.166936 0.749992
0.159703 0.814295
0.167821 0.883663
0.15479 0.920682
0.161657 0.973937
0.184118 0.00442518
0.178961 0.0323801
0.171941 0.0586871
0.175329 0.100284
0.177313 0.177435
0.179144 0.205023
0.171361 0.231178
0.173162 0.281716
0.183019 0.365978
0.183233 0.3932
0.177696 0.437696
0.186926 0.512223
0.173009 0.548784
0.180334 0.613422
0.181951 0.645497
0.186285 0.686636
0.185705 0.727683
0.184637 0.782342
0.18778 0.811945
0.175298 0.848537
0.189367 0.914945
0.175024 0.942167
0.180029 0.997528
0.208197 0.0509354
0.192663 0.0760216
0.208441 0.103916
0.190222 0.129826
0.201941 0.157353
0.194952 0.250587
0.20423 0.29252
0.192297 0.34022
0.202338 0.416425
0.206366 0.447493
0.192724 0.477096
0.202521 0.540788
0.194098 0.587298
0.208411 0.668111
0.194861 0.755791
0.202338 0.85461
0.199347 0.885037
0.205267 0.962035
0.217444 0.010651
0.223212 0.0749535
0.216865 0.134709
0.212653 0.191961
0.220985 0.21894
0.222022 0.266152
0.216254 0.324656
0.209662 0.388043
0.213507 0.497543
0.218268 0.566607
0.217841 0.608509
0.220344 0.638844
0.210785 0.706218
0.21189 0.734855
0.211554 0.785577
0.217292 0.814112
0.227058 0.843684
0.225776 0.875271
0.222175 0.909787
0.224738 0.992431
0.244026 0.00537126
0.233522 0.0354776
0.245125 0.0971099
0.229652 0.167058
0.234982 0.242579
0.245216 0.291513
0.23075 0.359203
0.236488 0.38551
0.232093 0.43202
0.244118 0.486618
0.236244 0.517197
0.23075 0.685659
0.241493 0.72805
0.232398 0.760826
0.245582 0.821009
0.246529 0.895108
0.227912 0.945769
0.24192 0.96878
0.2631 0.0354015
0.25779 0.0673544
0.248238 0.128422
0.265664 0.155461
0.255806 0.194983
0.253945 0.222877
0.256935 0.258126
0.246895 0.319163
0.254097 0.406049
0.255135 0.456893
0.264718 0.506394
0.253456 0.538102
0.25013 0.572588
0.251228 0.605396
0.253517 0.641285
0.262337 0.707205
0.254524 0.794519
0.258003 0.869655
0.262429 0.921537
0.258553 0.992279
0.28431 0.0631123
0.281472 0.209174
0.282662 0.242714
0.280709 0.270852
0.279536 0.312809
0.267556 0.33842
0.282846 0.409711
0.267769 0.432234
0.276925 0.472793
0.280526 0.558641
0.278909 0.588672
0.28309 0.615284
0.280526 0.643239
0.270638 0.675802
0.271248 0.735801
0.273354 0.771294
0.281107 0.809341
0.274514 0.842586
0.279641 0.894284
0.27308 0.967559
0.286935 0.00814844
0.29725 0.0881069
0.290292 0.117313
0.294259 0.147618
0.290048 0.17954
0.30192 0.288217
0.296793 0.33491
0.287973 0.375103
0.298807 0.504562
0.301889 0.531297
0.294198 0.6957
0.298898 0.738243
0.30137 0.777917
0.303415 0.859859
0.288705 0.943388
0.292154 0.99826
0.316813 0.00305185
0.310007 0.0350352
0.320505 0.0631123
0.321146 0.13535
0.316446 0.172185
0.311869 0.199377
0.308878 0.248604
0.312894 0.313115
0.314402 0.360729
0.311258 0.389935
0.31312 0.419294
0.308359 0.457533
0.309214 0.56914
0.308481 0.596301
0.30549 0.632069
0.304666 0.66332
0.318644 0.70922
0.311228 0.824793
0.317026 0.888607
0.310923 0.92349
0.304544 0.970458
0.338115 0.0337535
0.33021 0.0896023
0.341563 0.183386
0.335362 0.241499
0.331462 0.271096
0.331797 0.33253
0.340831 0.38847
0.332743 0.446089
0.326151 0.485946
0.332286 0.512833
0.33137 0.5421
0.330027 0.614032
0.337687 0.653798
0.330729 0.683889
0.326548 0.745109
0.331095 0.781091
0.337504 0.808649
0.336314 0.864895
0.337992 0.94116
0.330119 0.997314
0.345103 0.00195318
0.358501 0.0571917
0.352458 0.117252
0.34611 0.153233
0.355968 0.25959
0.356761 0.294839
0.359355 0.345775
0.346812 0.420209
0.351299 0.468154
0.356395 0.525071
0.347789 0.564348
0.349834 0.595477
0.348033 0.712821
0.355693 0.744529
0.346141 0.83462
0.358715 0.893155
0.357982 0.920438
0.343272 0.97177
0.358888 0.997507
0.368267 0.0240181
0.362133 0.0912198
0.370128 0.138798
0.36195 0.23014
0.36552 0.37257
0.368694 0.438581
0.361675 0.495743
0.378674 0.609058
0.36317 0.642079
0.371563 0.671285
0.375835 0.69863
0.366008 0.772942
0.378826 0.820368
0.371502 0.847957
0.36845 0.94818
0.396161 0.000457778
0.38551 0.0548112
0.389996 0.0871914
0.391217 0.114322
0.38377 0.165868
0.384289 0.209571
0.389355 0.250465
0.387005 0.289315
0.390606 0.335765
0.391552 0.36317
0.379772 0.398267
0.397717 0.447981
0.381726 0.469832
0.391766 0.503098
0.379894 0.540971
0.386639 0.577532
0.390973 0.640828
0.388195 0.732505
0.391765 0.783474
0.380505 0.87347
0.388897 0.905118
0.387646 0.998321
0.404462 0.027131
0.416791 0.056917
0.404889 0.149174
0.405377 0.182287
0.413129 0.222663
0.416761 0.252083
0.412305 0.307474
0.409986 0.391186
0.400769 0.421186
0.411756 0.5627
0.405164 0.59975
0.413282 0.625416
0.414533 0.656575
0.403638 0.684652
0.405927 0.754173
0.404126 0.808405
0.398816 0.848476
0.408429 0.877834
0.401715 0.930204
0.398938 0.967315
0.432447 0.00500504
0.436415 0.0879849
0.434248 0.11832
0.431684 0.173345
0.419538 0.279611
0.425977 0.357494
0.429853 0.411847
0.421583 0.475326
0.419446 0.534288
0.431898 0.595019
0.434156 0.681173
0.419233 0.728996
0.433302 0.772149
0.422926 0.833644
0.4185 0.906766
0.425184 0.983062
0.439497 0.0376904
0.449385 0.0641194
0.43907 0.145238
0.436781 0.204657
0.451491 0.235755
0.450148 0.268715
0.447676 0.313852
0.452345 0.341624
0.44496 0.388379
0.445112 0.44203
0.441694 0.497421
0.452132 0.532273
0.441847 0.640156
0.449599 0.71981
0.440168 0.746055
0.446699 0.798761
0.454756 0.864498
0.440565 0.936003
0.454866 0.962303
0.453688 0.992218
0.468886 0.00796533
0.46501 0.09241
0.461531 0.1236
0.457778 0.164739
0.468459 0.206885
0.466781 0.415998
0.463668 0.479293
0.468245 0.509598
0.461347 0.558858
0.458174 0.605121
0.464034 0.660482
0.461806 0.693716
0.460097 0.827998
0.459395 0.894772
0.478439 0.043672
0.48349 0.0712825
0.484634 0.182562
0.483779 0.231147
0.475417 0.257332
0.481979 0.290811
0.477187 0.32487
0.487533 0.35783
0.479873 0.38905
0.482467 0.589831
0.478561 0.622944
0.488601 0.683584
0.478805 0.721
0.478011 0.751946
0.476974 0.788141
0.493366 0.809814
0.485672 0.836879
0.490951 0.883908
0.490646 0.918027
0.475234 0.943449
0.484146 0.977325
0.506333 0.000305185
0.503586 0.0335398
0.50914 0.0601825
0.495315 0.0956145
0.496841 0.123875
0.497665 0.154607
0.501297 0.264687
0.50383 0.405499
0.493606 0.44203
0.495102 0.488052
0.493637 0.520157
0.50322 0.563982
0.507614 0.641072
0.503159 0.773186
0.50795 0.857814
0.509873 0.936796
0.508042 0.996612
0.523759 0.106601
0.521592 0.137608
0.51268 0.194586
0.516068 0.294107
0.530442 0.318705
0.513627 0.34431
0.529862 0.389538
0.522294 0.427625
0.516251 0.466353
0.524155 0.513627
0.527696 0.587786
0.51854 0.616199
0.518876 0.690664
0.512711 0.722587
0.521622 0.753563
0.525925 0.796869
0.521989 0.827631
0.518187 0.883067
0.518204 0.910367
0.524949 0.965636
0.537736 0.00186163
0.534562 0.0444044
0.536698 0.170965
0.538865 0.204596
0.535936 0.24189
0.549791 0.265664
0.547899 0.294168
0.539811 0.450362
0.541063 0.487716
0.532853 0.541673
0.542283 0.642079
0.543901 0.717093
0.546983 0.744255
0.547899 0.816004
0.54738 0.844447
0.542894 0.993011
0.561998 0.0367748
0.550554 0.0820338
0.560717 0.112827
0.557756 0.149693
0.566942 0.19837
0.558887 0.225437
0.566637 0.316233
0.552965 0.350261
0.5674 0.390942
0.553697 0.424635
0.563829 0.464583
0.551805 0.517624
0.558946 0.548204
0.557817 0.577319
0.554491 0.688162
0.560472 0.783624
0.551225 0.873959
0.550676 0.91644
0.555712 0.962889
0.571581 0.00543229
0.578417 0.0580767
0.588092 0.100497
0.584002 0.135777
0.581072 0.166692
0.586413 0.252632
0.579974 0.279092
0.587878 0.335246
0.577898 0.362133
0.587939 0.43614
0.576098 0.503311
0.586505 0.544145
0.57152 0.607807
0.578967 0.640187
0.573748 0.668325
0.581896 0.725272
0.574267 0.757042
0.577929 0.807337
0.575915 0.834803
0.5833 0.863979
0.579455 0.890744
0.581622 0.947447
0.577746 0.988739
0.598865 0.00827052
0.602985 0.0457472
0.601887 0.0745639
0.599292 0.188391
0.601093 0.226722
0.607349 0.270943
0.602466 0.378857
0.592547 0.40968
0.590533 0.468886
0.59154 0.587146
0.607166 0.615955
0.599109 0.684347
0.589007 0.780145
0.593066 0.913907
0.606433 0.980773
0.623249 0.137822
0.610767 0.16187
0.619434 0.206671
0.621265 0.246406
0.613147 0.302316
0.625477 0.34608
0.619739 0.409619
0.615253 0.44023
0.615741 0.49797
0.611377 0.525895
0.611774 0.557848
0.624287 0.644459
0.626301 0.679006
0.617756 0.730979
0.621815 0.765954
0.617756 0.795465
0.608417 0.822016
0.608661 0.854793
0.610248 0.889798
0.61858 0.925962
0.613392 0.953764
0.629048 0.0277413
0.630512 0.0763573
0.637989 0.111789
0.636036 0.180395
0.643391 0.221992
0.635121 0.285043
0.640553 0.317942
0.631214 0.376781
0.643513 0.429304
0.636708 0.538621
0.641438 0.572069
0.634846 0.606464
0.633534 0.708823
0.643208 0.746849
0.641011 0.81576
0.634693 0.845607
0.638874 0.877224
0.641774 0.909909
0.639827 0.965103
0.630085 0.996429
0.654744 0.0107425
0.649171 0.0535254
0.654408 0.14359
0.66039 0.19541
0.660848 0.247291
0.664205 0.275552
0.664022 0.304331
0.657338 0.339274
0.658467 0.455153
0.650258 0.488662
0.661306 0.517289
0.662984 0.597674
0.652364 0.648091
0.654714 0.682638
0.66039 0.713034
0.649953 0.779809
0.658292 0.858571
0.651784 0.936918
0.67449 0.0379345
0.678335 0.0683309
0.665181 0.105289
0.683248 0.131321
0.665181 0.16895
0.679281 0.21662
0.678666 0.360021
0.664968 0.402844
0.675386 0.434011
0.679922 0.476302
0.682302 0.564714
0.667379 0.625629
0.68276 0.652181
0.673971 0.758904
0.678243 0.788812
0.68215 0.843318
0.680166 0.885342
0.668203 0.960387
0.667135 0.999115
0.702261 0.154607
0.69396 0.184881
0.697012 0.23777
0.691855 0.273812
0.685598 0.323832
0.700888 0.424909
0.68923 0.511948
0.690513 0.538954
0.695883 0.614826
0.694174 0.711875
0.701987 0.773919
0.688101 0.917814
0.692495 0.983856
0.705924 0.00793481
0.707541 0.0406507
0.708243 0.0711997
0.710593 0.104312
0.72099 0.18066
0.71688 0.210089
0.704031 0.299173
0.713279 0.325999
0.708335 0.357768
0.704245 0.38847
0.712821 0.460097
0.715629 0.494156
0.715445 0.521897
0.707572 0.576342
0.712302 0.637959
0.705191 0.678945
0.721213 0.733848
0.711295 0.810022
0.709801 0.87923
0.718345 0.907437
0.710135 0.95642
0.737602 0.00509659
0.737114 0.0469069
0.737205 0.0856044
0.726493 0.128666
0.731132 0.155187
0.724937 0.235786
0.72338 0.263924
0.736991 0.307016
0.736106 0.362316
0.736106 0.402509
0.739586 0.43144
0.739464 0.479415
0.724479 0.547227
0.735801 0.580828
0.734367 0.607868
0.735404 0.666524
0.728446 0.705924
0.731071 0.788263
0.732993 0.845088
0.739769 0.883419
0.738304 0.947172
0.730369 0.980865
0.757042 0.115024
0.754265 0.171178
0.747581 0.198614
0.753746 0.284799
0.757591 0.345286
0.753594 0.45555
0.745415 0.514847
0.756706 0.562639
0.746574 0.63628
0.748955 0.72985
0.751518 0.768639
0.74749 0.822321
0.756829 0.862514
0.751488 0.908933
0.767144 0.00216681
0.763421 0.0380871
0.764244 0.0793786
0.759362 0.142125
0.777215 0.205664
0.762505 0.231178
0.759453 0.257881
0.766228 0.31727
0.766106 0.392865
0.776421 0.418683
0.768914 0.497513
0.773461 0.533982
0.775597 0.583544
0.770928 0.617603
0.766472 0.661885
0.767388 0.696097
0.768334 0.798242
0.773431 0.928251
0.764458 0.964202
0.765343 0.998871
0.794916 0.0117496
0.792444 0.0449843
0.785943 0.104953
0.794336 0.135075
0.781304 0.159276
0.788812 0.249855
0.79281 0.288003
0.794366 0.330882
0.78518 0.356792
0.778985 0.471297
0.792047 0.512955
0.793512 0.55266
0.791192 0.646077
0.794549 0.702475
0.781548 0.73983
0.778558 0.843745
0.786309 0.874599
0.789666 0.901913
0.788965 0.976134
0.806116 0.0707724
0.815699 0.101871
0.805719 0.171636
0.816156 0.238807
0.801172 0.390179
0.799982 0.443098
0.809717 0.482253
0.81225 0.574908
0.800867 0.60445
0.799677 0.674154
0.814295 0.730613
0.810205 0.774682
0.806909 0.815119
0.806635 0.845302
0.814508 0.885098
0.798456 0.943541
0.809473 0.999817
0.831599 0.00347911
0.819269 0.0291452
0.831568 0.0535295
0.824885 0.205725
0.817042 0.275369
0.820582 0.316507
0.82403 0.346965
0.827418 0.382153
0.820063 0.414991
0.829096 0.445509
0.82223 0.545579
0.833247 0.593677
0.827143 0.687582
0.829066 0.753868
0.816484 0.923644
0.816431 0.964171
0.854183 0.0292978
0.83874 0.0877102
0.845149 0.118442
0.8399 0.147191
0.84579 0.177526
0.852199 0.209998
0.843287 0.236488
0.845363 0.279885
0.84756 0.323374
0.849626 0.358481
0.835475 0.494369
0.837062 0.522355
0.848354 0.562639
0.837519 0.629261
0.850338 0.654618
0.849055 0.712058
0.83697 0.786096
0.842006 0.823817
0.849025 0.851314
0.852962 0.880825
0.846278 0.913358
0.836207 0.941862
0.840876 0.980987
0.866848 0.0550859
0.870968 0.0840175
0.86755 0.296274
0.854244 0.390606
0.856777 0.419935
0.857601 0.451338
0.857662 0.4785
0.865871 0.504959
0.868404 0.541154
0.868862 0.58388
0.865963 0.619404
0.855068 0.684988
0.87167 0.735679
0.858394 0.765221
0.866939 0.804407
0.869533 0.83227
0.86343 0.934172
0.874874 0.000793481
0.886349 0.0282296
0.885281 0.121036
0.874691 0.14832
0.885037 0.182989
0.889828 0.212836
0.873684 0.253273
0.876461 0.34022
0.880345 0.382769
0.885708 0.463698
0.877743 0.647114
0.882595 0.674032
0.886349 0.703818
0.888607 0.781121
0.879574 0.863826
0.882839 0.90582
0.884884 0.962218
0.87521 0.989685
0.906034 0.0472732
0.897671 0.0812097
0.910947 0.105045
0.910855 0.136296
0.906339 0.165654
0.904599 0.236457
0.898404 0.264077
0.892178 0.311716
0.899747 0.359966
0.907163 0.387616
0.904385 0.440077
0.894559 0.491195
0.90582 0.521836
0.90759 0.554613
0.899289 0.620899
0.906827 0.6545
0.908078 0.752556
0.897214 0.811762
0.900632 0.8446
0.907346 0.870754
0.900143 0.926389
0.910489 0.985351
0.924589 0.0163579
0.924589 0.0766625
0.911771 0.19657
0.92056 0.279702
0.919523 0.315012
0.919248 0.417493
0.914212 0.471053
0.930113 0.504654
0.929105 0.538255
0.914609 0.59032
0.914609 0.685507
0.915677 0.723472
0.914151 0.790399
0.91232 0.902432
0.915372 0.949339
0.942473 0.0369884
0.943999 0.0992157
0.935789 0.126041
0.94351 0.154241
0.942991 0.20426
0.937864 0.235084
0.937407 0.345775
0.935999 0.395856
0.933348 0.450362
0.942137 0.582965
0.934049 0.611383
0.936369 0.638508
0.937681 0.668142
0.941221 0.700522
0.944731 0.73104
0.936644 0.759209
0.941526 0.797143
0.936622 0.825838
0.93704 0.854945
0.939116 0.891537
0.942289 0.926725
0.937407 0.98648
0.957305 0.0131535
0.95352 0.0732749
0.964629 0.117893
0.956786 0.180914
0.966002 0.228858
0.958373 0.265145
0.956908 0.292917
0.954436 0.324656
0.953124 0.374371
0.952849 0.420667
0.96176 0.447859
0.952635 0.4832
0.956328 0.520188
0.950804 0.557329
0.960906 0.606922
0.961547 0.681051
0.962004 0.773522
0.964019 0.839747
0.96707 0.867733
0.964751 0.966369
0.961455 0.998413
0.972655 0.053621
0.975836 0.0901817
0.972411 0.158452
0.981048 0.196295
0.981353 0.310373
0.970977 0.347758
0.986053 0.389599
0.98291 0.420209
0.978545 0.491134
0.986084 0.532365
0.971557 0.58092
0.968108 0.653706
0.971252 0.711356
0.971343 0.744102
0.968566 0.804498
0.968413 0.934751
0.99881 0.0133976
0.999756 0.0464797
0.999329 0.0749535
0.998596 0.112644
0.998566 0.175237
0.998657 0.218238
0.988189 0.24427
0.996063 0.270241
0.999206 0.330638
0.998505 0.359905
0.996551 0.458693
0.994934 0.56389
0.992706 0.605701
0.988739 0.633381
0.996307 0.670034
0.99707 0.70397
0.999451 0.736808
0.993957 0.763878
0.998535 0.798181
0.992645 0.824641
0.997314 0.872158
0.994049 0.903989
0.991302 0.95468
0.996521 0.987945
