3218
0.00717185 0.0028077
0.00497452 0.0317392
0.0151236 0.0434471
0.0102097 0.0826404
0.00631733 0.0975372
0.00555437 0.129093
0.0144392 0.162321
0.000762963 0.185125
0.0148739 0.199565
0.0061037 0.21775
0.0120158 0.235049
0.00595111 0.252297
0.00454726 0.280618
0.00762996 0.300171
0.00637837 0.319926
0.0126767 0.324916
0.009888 0.350017
0.0141911 0.376812
0.0182773 0.395462
0.00817896 0.411664
0.0136285 0.420039
6.1037e-05 0.441053
3.05185e-05 0.491714
0.00912289 0.512236
0.00433363 0.534166
0.00134281 0.56148
0.0170731 0.582288
0.0109867 0.607654
0.0183721 0.677877
0.00265511 0.706961
0.00146489 0.7387
0.0113513 0.754733
0.00238044 0.771294
0.0121687 0.791186
9.15555e-05 0.809778
0.011148 0.82392
0.000885037 0.838649
0.00259407 0.867153
0.0145665 0.899632
0.0180301 0.955559
9.15555e-05 0.970733
0.00134281 0.998199
0.021105 0.0184151
0.0377209 0.0311289
0.021605 0.0452366
0.0281991 0.0656148
0.0257349 0.0873865
0.0269603 0.100886
0.0353099 0.12006
0.0244071 0.13767
0.0189825 0.157659
0.0221336 0.187774
0.0341197 0.205664
0.0243676 0.221573
0.0192712 0.235082
0.0353404 0.249763
0.0220472 0.26729
0.0274056 0.301035
0.025634 0.320211
0.0347606 0.337168
0.0274575 0.35353
0.0228215 0.361683
0.0314988 0.383655
0.0363475 0.401624
0.0365307 0.430097
0.01947 0.440381
0.0200812 0.459792
0.0348216 0.492019
0.0236872 0.504308
0.0303659 0.519486
0.0327769 0.549669
0.0288661 0.553419
0.0243529 0.574984
0.0379345 0.597949
0.0299926 0.618162
0.0234299 0.642276
0.0330274 0.65554
0.0372801 0.681915
0.0217905 0.698513
0.0283517 0.718375
0.0231256 0.739408
0.033986 0.743163
0.0293893 0.760155
0.0342112 0.788812
0.0362096 0.801619
0.0288705 0.826777
0.0191523 0.847967
0.0257775 0.866233
0.037904 0.886013
0.0368339 0.892713
0.0233772 0.918058
0.0332469 0.937658
0.0308542 0.959471
0.0205315 0.978921
0.0281686 0.999573
0.0477309 0.00482192
0.0567754 0.0211243
0.0481343 0.0384856
0.0406678 0.0646461
0.0466628 0.0938749
0.0434753 0.113014
0.0454164 0.120648
0.0465976 0.147306
0.0519796 0.163852
0.0409558 0.177313
0.038634 0.201003
0.0409018 0.227543
0.0404619 0.231015
0.0401707 0.249504
0.0385738 0.280169
0.0486342 0.298549
0.0503594 0.307264
0.0493074 0.331025
0.0533897 0.349421
0.0394604 0.366832
0.0432384 0.391779
0.0390262 0.406654
0.0384793 0.436405
0.0542203 0.441923
0.0489517 0.462539
0.0470137 0.479736
0.0538214 0.509196
0.0396949 0.527559
0.043072 0.533659
0.0414865 0.562666
0.0554521 0.569719
0.0436389 0.594423
0.0557326 0.611847
0.0463881 0.632405
0.0414441 0.659597
0.0397089 0.681106
0.0539872 0.697287
0.0384445 0.712486
0.0540788 0.727592
0.0433815 0.757954
0.0498468 0.762957
0.039962 0.786316
0.0414771 0.809192
0.0468562 0.825797
0.0441603 0.852077
0.0490173 0.856892
0.0531187 0.883142
0.0403041 0.906416
0.0439773 0.920919
0.0551775 0.938444
0.0396891 0.962234
0.0388646 0.980148
0.0667741 0.0125264
0.0653706 0.033021
0.0607183 0.056223
0.0634932 0.0570149
0.0681478 0.0766625
0.0731529 0.103488
0.0706809 0.130284
0.0736647 0.135312
0.0691244 0.166814
0.0695026 0.176444
0.0620441 0.196692
0.0638713 0.220614
0.0599078 0.233528
0.0685459 0.248616
0.0589618 0.275338
0.0599223 0.286994
0.0739769 0.304453
0.0703452 0.334941
0.0720979 0.341703
0.0611147 0.364348
0.0577612 0.38363
0.0625629 0.408002
0.0596736 0.430981
0.0743126 0.448927
0.0641218 0.463403
0.0627155 0.487014
0.0728159 0.498178
0.0621695 0.519461
0.0621052 0.533433
0.0715761 0.556895
0.0615709 0.572995
0.0601625 0.595332
0.0587658 0.615908
0.057837 0.632766
0.0587409 0.648696
0.0697653 0.665914
0.0603983 0.697655
0.0611169 0.712418
0.0716156 0.725439
0.0708598 0.748751
0.0595262 0.777948
0.0614182 0.781583
0.0623493 0.803491
0.0656354 0.816398
0.0706503 0.837275
0.0750246 0.865231
0.06353 0.882939
0.0607318 0.908597
0.0616437 0.915974
0.0627431 0.945908
0.058291 0.957408
0.0607318 0.97647
0.0719882 0.993023
0.0838038 0.00103763
0.0924565 0.0192401
0.0835581 0.0442497
0.0806175 0.0627213
0.0790574 0.0766666
0.0922821 0.107682
0.084081 0.119228
0.0803278 0.148993
0.0781424 0.161222
0.0892972 0.185034
0.079498 0.200162
0.0875271 0.224616
0.0833341 0.231756
0.0944419 0.265391
0.0811094 0.271597
0.0780841 0.297612
0.0945158 0.32194
0.0868457 0.336649
0.080646 0.354326
0.0814844 0.376263
0.080554 0.385554
0.0900296 0.416974
0.0865482 0.435104
0.0789284 0.439214
0.078829 0.460633
0.0942106 0.4803
0.0905179 0.510178
0.088522 0.516019
0.0779243 0.537296
0.0889615 0.567949
0.0930206 0.571894
0.0939599 0.593712
0.0780969 0.608722
0.0841395 0.638478
0.0808302 0.662397
0.0800531 0.664995
0.0850856 0.68804
0.0768524 0.702565
0.0908536 0.721397
0.0858512 0.745386
0.0805545 0.769312
0.0788274 0.794915
0.0902737 0.81106
0.0864312 0.828636
0.0932701 0.842765
0.0759962 0.864908
0.08829 0.890225
0.0793907 0.900416
0.0837428 0.923612
0.0777834 0.947058
0.0762373 0.965811
0.080531 0.977676
0.0787988 0.997436
0.111545 0.000793481
0.0978664 0.0227243
0.100016 0.0473694
0.0985138 0.0572832
0.104984 0.0927763
0.0971326 0.108057
0.102542 0.124363
0.0987833 0.136201
0.0990297 0.158655
0.0965473 0.180075
0.109317 0.206793
0.106577 0.212904
0.0996093 0.229039
0.0951262 0.250832
0.10004 0.280679
0.0961001 0.299274
0.110654 0.316904
0.100616 0.335113
0.095584 0.350749
0.0960226 0.369986
0.109256 0.387493
0.112166 0.410401
0.109755 0.422586
0.10361 0.442152
0.100195 0.456038
0.0976579 0.480914
0.0996231 0.508518
0.107478 0.519661
0.0992157 0.537248
0.0950295 0.568988
0.0987028 0.581545
0.0954466 0.59795
0.0953997 0.6207
0.108824 0.638473
0.106815 0.663076
0.110634 0.66893
0.102979 0.685329
0.112394 0.711662
0.0960268 0.730455
0.0968352 0.755364
0.108792 0.769252
0.0968657 0.783166
0.0952933 0.812979
0.108857 0.829805
0.0987952 0.841176
0.106388 0.868557
0.0960435 0.88716
0.113742 0.898984
0.0975964 0.924392
0.102415 0.940222
0.0949736 0.96408
0.0972155 0.980028
0.0949737 0.991915
0.131443 0.019013
0.124729 0.0462355
0.119902 0.0714089
0.117471 0.0852119
0.131108 0.103488
0.114402 0.121165
0.126164 0.139378
0.120182 0.168432
0.119871 0.181329
0.122243 0.200914
0.118246 0.222373
0.118561 0.240327
0.131291 0.264077
0.120549 0.28157
0.118656 0.302011
0.119648 0.30606
0.12064 0.330546
0.12811 0.357481
0.124271 0.364116
0.114123 0.386188
0.122096 0.404861
0.130131 0.424909
0.128757 0.439141
0.122135 0.468001
0.115524 0.49084
0.121469 0.500911
0.12653 0.523484
0.119216 0.538852
0.119419 0.558916
0.114628 0.586657
0.120261 0.592876
0.116092 0.616871
0.132542 0.645314
0.126716 0.652692
0.126426 0.677432
0.114628 0.699179
0.12583 0.710709
0.127079 0.726737
0.12904 0.742208
0.126438 0.764306
0.124167 0.793417
0.125004 0.808924
0.114643 0.820428
0.119539 0.845636
0.132373 0.868234
0.127052 0.879664
0.124635 0.903
0.132398 0.911369
0.126316 0.93292
0.129193 0.952078
0.123753 0.970672
0.113956 0.999054
0.135746 0.0184058
0.145354 0.0368832
0.141647 0.0486516
0.14483 0.0654422
0.145308 0.0808813
0.134911 0.104808
0.144301 0.123591
0.149848 0.143598
0.138487 0.157058
0.15006 0.175237
0.134903 0.202479
0.135014 0.215949
0.136017 0.246258
0.148837 0.282999
0.138087 0.299396
0.134694 0.304583
0.151433 0.325785
0.138727 0.345571
0.142049 0.368784
0.149998 0.385357
0.136756 0.40645
0.133514 0.431683
0.133752 0.44044
0.149397 0.466474
0.137728 0.480705
0.144566 0.499619
0.146667 0.519955
0.138007 0.531818
0.14713 0.562426
0.13312 0.575566
0.144566 0.591327
0.13682 0.62021
0.139674 0.641009
0.145744 0.656215
0.139012 0.671957
0.142979 0.701651
0.14723 0.704618
0.133616 0.724775
0.133588 0.745638
0.146974 0.760485
0.141413 0.780997
0.134807 0.812413
0.151537 0.826347
0.133946 0.838008
0.136052 0.866268
0.146902 0.88978
0.145634 0.893307
0.141613 0.917053
0.137015 0.935137
0.148442 0.949889
0.150371 0.971502
0.141057 0.998688
0.163762 0.00787377
0.153718 0.0311846
0.156896 0.0563677
0.165928 0.0589038
0.164199 0.0840419
0.161077 0.102939
0.165518 0.125344
0.154515 0.14536
0.160459 0.165189
0.155712 0.181268
0.151867 0.19408
0.161412 0.210425
0.152959 0.23899
0.154693 0.26239
0.153329 0.284007
0.1626 0.298025
0.162276 0.303733
0.161154 0.339432
0.153233 0.354198
0.160356 0.360933
0.157026 0.390094
0.163895 0.401358
0.156743 0.421308
0.169972 0.437827
0.155858 0.471999
0.152104 0.493422
0.155754 0.49837
0.167089 0.52092
0.163303 0.541011
0.169373 0.562411
0.163105 0.578407
0.162534 0.597348
0.157292 0.615558
0.164997 0.639715
0.162481 0.652608
0.162831 0.672366
0.167487 0.695413
0.164885 0.702779
0.158544 0.723777
0.1601 0.755943
0.159326 0.774862
0.159782 0.778526
0.152196 0.79931
0.16776 0.829768
0.158491 0.852009
0.155755 0.860928
0.169073 0.8764
0.152235 0.904964
0.16364 0.916318
0.156199 0.943621
0.161362 0.95925
0.152554 0.972234
0.152984 0.998269
0.182899 0.0173044
0.171476 0.0309041
0.187719 0.0380871
0.179594 0.0726476
0.171968 0.0784879
0.187964 0.111118
0.171269 0.128267
0.174423 0.146377
0.183325 0.170293
0.174104 0.187317
0.171601 0.193298
0.180744 0.212486
0.187964 0.230537
0.174183 0.2515
0.173711 0.276131
0.1868 0.302167
0.17167 0.3178
0.177496 0.335734
0.171767 0.353379
0.186651 0.364452
0.182989 0.392163
0.171287 0.405831
0.187689 0.419324
0.172915 0.440866
0.171739 0.466216
0.178533 0.487503
0.188178 0.49444
0.186351 0.527051
0.177611 0.538627
0.174261 0.565508
0.18219 0.58059
0.176458 0.596637
0.174828 0.614153
0.171262 0.63138
0.186621 0.645857
0.184523 0.665403
0.180731 0.687613
0.172422 0.712745
0.181768 0.73751
0.186109 0.749428
0.172415 0.76118
0.180883 0.78518
0.189489 0.812097
0.175841 0.833412
0.171185 0.847562
0.182185 0.860199
0.18352 0.885232
0.183928 0.91111
0.186334 0.927648
0.173513 0.938369
0.177557 0.962188
0.183041 0.973803
0.172826 0.997833
0.196631 0.000976592
0.19745 0.0207984
0.197332 0.0385528
0.201819 0.0638447
0.200845 0.0779824
0.197388 0.0996182
0.195172 0.129477
0.196334 0.134562
0.20838 0.156346
0.195443 0.176481
0.191321 0.196173
0.204106 0.21522
0.194358 0.234834
0.196966 0.260872
0.191194 0.28365
0.203955 0.297769
0.19765 0.321578
0.201656 0.324358
0.207839 0.350337
0.19105 0.366642
0.201289 0.398263
0.199264 0.403334
0.191495 0.422687
0.190367 0.436993
0.192236 0.45732
0.199208 0.493048
0.208766 0.51195
0.20774 0.51268
0.192071 0.539773
0.195601 0.551087
0.198767 0.576647
0.198055 0.598756
0.189886 0.621448
0.191174 0.64391
0.202734 0.647572
0.208106 0.675069
0.191847 0.693328
0.191958 0.712865
0.190214 0.731856
0.203223 0.75515
0.189846 0.768524
0.206195 0.794327
0.195596 0.797897
0.189855 0.834742
0.199591 0.842158
0.202841 0.867906
0.204077 0.878048
0.204579 0.893799
0.190165 0.911381
0.196543 0.944507
0.207801 0.965514
0.190907 0.97996
0.203742 0.998108
0.217231 0.022309
0.20932 0.0430009
0.210999 0.0572066
0.214816 0.077201
0.213599 0.0957976
0.209637 0.118277
0.213733 0.137468
0.214314 0.152869
0.223064 0.173387
0.212515 0.193254
0.22425 0.227363
0.223549 0.241645
0.227623 0.265097
0.21067 0.274774
0.21032 0.298025
0.212982 0.313492
0.216776 0.330987
0.209479 0.343181
0.223125 0.364759
0.209632 0.380871
0.218757 0.406445
0.210517 0.433729
0.210085 0.439614
0.212441 0.466403
0.219825 0.487289
0.222878 0.516035
0.222154 0.531849
0.21366 0.554277
0.209975 0.581846
0.217543 0.595594
0.220496 0.607593
0.216392 0.638087
0.213118 0.648876
0.211632 0.66478
0.21845 0.691023
0.211005 0.708518
0.210849 0.729309
0.22166 0.746546
0.213551 0.766085
0.209037 0.7828
0.211317 0.805491
0.215918 0.819422
0.213483 0.84511
0.210411 0.87073
0.22261 0.875565
0.22718 0.896268
0.212378 0.926695
0.216456 0.939368
0.209429 0.96473
0.209309 0.971673
0.215422 0.990906
0.240211 0.00317392
0.239575 0.0257772
0.23006 0.0392332
0.231239 0.068392
0.241066 0.094882
0.228761 0.0998234
0.230567 0.127384
0.232175 0.146031
0.245033 0.168554
0.230305 0.173814
0.241035 0.197882
0.229458 0.22122
0.238482 0.237424
0.242286 0.254433
0.228553 0.282601
0.242452 0.288888
0.228675 0.313303
0.230456 0.338683
0.229477 0.353809
0.239113 0.378399
0.242285 0.382202
0.228506 0.404145
0.246315 0.42555
0.23075 0.453932
0.229785 0.472084
0.246452 0.492069
0.227889 0.501019
0.228645 0.530778
0.242429 0.542601
0.242523 0.56076
0.231903 0.573115
0.24369 0.59032
0.236207 0.625231
0.231011 0.643256
0.236824 0.661092
0.228022 0.679498
0.23603 0.698263
0.236042 0.7037
0.231635 0.728813
0.245165 0.748661
0.233314 0.769555
0.23598 0.795887
0.232856 0.797998
0.239451 0.82329
0.228156 0.842568
0.236732 0.867305
0.243775 0.876809
0.22925 0.905322
0.2336 0.92075
0.235939 0.945952
0.230885 0.954022
0.22845 0.978069
0.240699 0.998901
0.254846 0.0190635
0.256661 0.0405896
0.260506 0.0674459
0.26164 0.0832254
0.261094 0.112125
0.249589 0.116329
0.256905 0.138218
0.247147 0.153701
0.261922 0.185793
0.248413 0.194343
0.25516 0.210663
0.254097 0.229682
0.261819 0.251976
0.248765 0.27163
0.251455 0.297861
0.258163 0.305247
0.247209 0.323148
0.251442 0.353069
0.259061 0.367416
0.258516 0.381341
0.260231 0.400891
0.263461 0.427009
0.249995 0.451803
0.254862 0.466306
0.246925 0.478133
0.264657 0.50853
0.247424 0.515967
0.25956 0.536576
0.260991 0.555677
0.26242 0.574777
0.252689 0.599118
0.252781 0.610526
0.258889 0.631825
0.255075 0.658755
0.253913 0.680051
0.252471 0.683372
0.255761 0.716693
0.250905 0.737097
0.247242 0.745133
0.260903 0.766808
0.251388 0.784071
0.26072 0.805292
0.253151 0.834773
0.25736 0.840189
0.247618 0.862803
0.246852 0.879733
0.256325 0.902432
0.255752 0.928233
0.247721 0.938649
0.250417 0.954876
0.252327 0.974334
0.276406 0.0204169
0.27562 0.0515785
0.282089 0.0591182
0.266137 0.0861824
0.269906 0.10538
0.272937 0.126769
0.269512 0.149227
0.270111 0.160877
0.272408 0.17185
0.273812 0.206793
0.271471 0.210137
0.273799 0.242109
0.26709 0.249802
0.266823 0.275033
0.280557 0.301645
0.279861 0.31488
0.268044 0.325663
0.274887 0.346676
0.281686 0.370006
0.27809 0.379925
0.271097 0.403567
0.268981 0.42832
0.276437 0.449904
0.27636 0.462426
0.272709 0.488652
0.266205 0.510435
0.283212 0.526388
0.281657 0.548988
0.273807 0.554717
0.267827 0.573319
0.269098 0.592196
0.26751 0.613249
0.268963 0.632559
0.266793 0.65981
0.270288 0.678068
0.273537 0.696371
0.278233 0.718545
0.271859 0.738029
0.274963 0.743132
0.266423 0.763208
0.267908 0.786084
0.266709 0.80892
0.272551 0.824041
0.28196 0.841243
0.267892 0.856965
0.271371 0.877773
0.267658 0.904271
0.277535 0.919736
0.268624 0.947752
0.277681 0.952922
0.272877 0.972951
0.277413 0.993042
0.294992 0.000640889
0.287825 0.0362958
0.2936 0.0390523
0.296818 0.0616232
0.285257 0.0820338
0.297342 0.110996
0.288405 0.123935
0.29017 0.139561
0.30079 0.169835
0.287632 0.185389
0.301187 0.200598
0.291493 0.226959
0.299295 0.228797
0.291025 0.25779
0.288698 0.27186
0.285507 0.299912
0.295854 0.314501
0.295907 0.334483
0.291057 0.35315
0.290989 0.361903
0.285085 0.383264
0.285348 0.412397
0.285243 0.432184
0.291887 0.450561
0.298043 0.45784
0.303079 0.4803
0.292795 0.505905
0.287465 0.522758
0.286159 0.547297
0.285015 0.552957
0.28674 0.573817
0.29124 0.606379
0.287667 0.609638
0.295785 0.637837
0.289939 0.660236
0.2852 0.667309
0.296833 0.685546
0.295572 0.713095
0.295497 0.73644
0.30044 0.751155
0.292093 0.761071
0.288186 0.789148
0.284817 0.803278
0.301096 0.82107
0.287145 0.842898
0.289175 0.863135
0.287306 0.886109
0.28688 0.896929
0.287434 0.925583
0.294834 0.936253
0.287564 0.955303
0.28479 0.968112
0.296531 0.99146
0.322628 0.0112411
0.307108 0.033021
0.320771 0.0540888
0.319926 0.0575884
0.317881 0.0921964
0.314954 0.109619
0.305819 0.128307
0.306349 0.140826
0.305053 0.168421
0.307885 0.185128
0.30625 0.203657
0.310382 0.215378
0.311348 0.231305
0.312017 0.251619
0.312082 0.283731
0.309611 0.288446
0.315836 0.314402
0.314797 0.336474
0.313438 0.359775
0.307718 0.362865
0.31254 0.397992
0.311171 0.410752
0.304697 0.435804
0.317895 0.449209
0.314251 0.45912
0.308662 0.483319
0.31249 0.498948
0.317303 0.51608
0.305246 0.53972
0.306097 0.564793
0.305856 0.584521
0.308735 0.589183
0.316599 0.61333
0.31344 0.644333
0.312906 0.663137
0.314306 0.670928
0.313396 0.684466
0.31219 0.717786
0.320139 0.733116
0.311197 0.750931
0.317667 0.771569
0.309362 0.791151
0.304539 0.812292
0.304015 0.822028
0.30961 0.850887
0.30442 0.872273
0.307015 0.881322
0.309519 0.906674
0.314696 0.911182
0.307378 0.934448
0.307932 0.956267
0.312557 0.970816
0.304971 0.999237
0.33845 0.036256
0.340786 0.0536468
0.326597 0.0636494
0.335287 0.0910207
0.330854 0.106255
0.324686 0.124363
0.326152 0.151838
0.325877 0.155858
0.324595 0.182897
0.332662 0.193314
0.327433 0.218879
0.330122 0.240145
0.324928 0.251785
0.340251 0.279855
0.328848 0.301277
0.324979 0.313219
0.323479 0.337556
0.324296 0.353167
0.334758 0.369274
0.33497 0.392392
0.33843 0.400376
0.33137 0.426923
0.323712 0.448418
0.336833 0.467086
0.32573 0.480378
0.333171 0.496017
0.341533 0.526902
0.325725 0.539922
0.335459 0.557939
0.323665 0.573733
0.333201 0.590984
0.326485 0.610162
0.330882 0.637287
0.339885 0.663594
0.326072 0.6824
0.336131 0.686076
0.324503 0.705679
0.32956 0.739504
0.326409 0.752825
0.32482 0.775072
0.336867 0.785105
0.325114 0.805445
0.329905 0.832445
0.328783 0.85293
0.326426 0.872066
0.324303 0.886904
0.331904 0.910391
0.329449 0.91642
0.328806 0.938597
0.338829 0.957583
0.335459 0.980895
0.323691 0.995844
0.346733 0.0120034
0.355972 0.0367673
0.344569 0.0551648
0.341835 0.0748501
0.344292 0.0786867
0.349345 0.101352
0.343715 0.120037
0.34687 0.139295
0.34505 0.168354
0.347057 0.17785
0.358348 0.197913
0.344543 0.214372
0.347791 0.228801
0.348338 0.251442
0.357028 0.283894
0.359967 0.295337
0.352794 0.305216
0.343791 0.33549
0.347638 0.357159
0.350143 0.377953
0.354395 0.379856
0.345474 0.41094
0.345901 0.432252
0.345523 0.445451
0.342072 0.463302
0.357743 0.480996
0.347095 0.508822
0.347785 0.527726
0.359551 0.546541
0.345012 0.56842
0.347972 0.571852
0.345592 0.590411
0.352611 0.616535
0.359874 0.642567
0.355909 0.659864
0.357047 0.680053
0.34202 0.687296
0.349022 0.702437
0.347479 0.726544
0.341849 0.740775
0.344005 0.763695
0.360302 0.786737
0.34642 0.803072
0.358451 0.820815
0.348064 0.852992
0.345836 0.872461
0.345147 0.878546
0.34196 0.898099
0.34276 0.925856
0.34821 0.933795
0.355876 0.95819
0.354119 0.973822
0.342479 0.992849
0.367901 0.0182107
0.368877 0.0249031
0.362011 0.0532243
0.378691 0.0732276
0.367425 0.0766573
0.361462 0.0986854
0.367412 0.124363
0.368067 0.14978
0.366478 0.157477
0.36964 0.173376
0.361557 0.196607
0.362679 0.216641
0.369701 0.234535
0.367055 0.253142
0.368755 0.271859
0.366051 0.288161
0.373412 0.318433
0.372897 0.32299
0.360974 0.342087
0.368633 0.368114
0.364299 0.397778
0.378652 0.407763
0.363266 0.421919
0.362801 0.440598
0.364208 0.459395
0.364701 0.476376
0.368206 0.502274
0.361683 0.521967
0.379528 0.532548
0.374323 0.568602
0.36668 0.572222
0.364154 0.592754
0.377536 0.615742
0.362355 0.637583
0.372308 0.658533
0.370251 0.667928
0.366375 0.701926
0.371221 0.703487
0.361736 0.729179
0.364571 0.752448
0.361057 0.759749
0.377324 0.796976
0.370237 0.804366
0.364024 0.821561
0.368843 0.84663
0.364272 0.861203
0.36494 0.87936
0.370249 0.893456
0.361064 0.921171
0.360749 0.937386
0.366924 0.965001
0.373616 0.972974
0.363842 0.993896
0.381634 0.000946074
0.392697 0.026191
0.390332 0.0499283
0.389319 0.0622432
0.397728 0.0870708
0.387799 0.0976287
0.396832 0.123508
0.382525 0.137789
0.39082 0.156224
0.382035 0.177648
0.39535 0.208558
0.382916 0.208808
0.38953 0.228462
0.381074 0.25189
0.381074 0.272639
0.384777 0.298929
0.388807 0.313134
0.398008 0.339349
0.38258 0.344829
0.38717 0.373451
0.392743 0.391919
0.381192 0.415225
0.380413 0.433882
0.380298 0.439494
0.383654 0.457431
0.389843 0.483505
0.384077 0.510451
0.383805 0.528303
0.385448 0.532416
0.398602 0.554796
0.397015 0.582385
0.383672 0.597352
0.380596 0.613453
0.387585 0.64037
0.392698 0.649661
0.390609 0.667625
0.393689 0.687826
0.386745 0.707882
0.390606 0.728751
0.387768 0.755821
0.380822 0.777309
0.393963 0.786126
0.388265 0.813556
0.394665 0.817347
0.381521 0.835281
0.382061 0.857509
0.396557 0.880795
0.39729 0.910245
0.386435 0.914199
0.381939 0.940123
0.387764 0.960609
0.395459 0.980468
0.381802 0.99225
0.408338 0.00817896
0.409523 0.0334478
0.408401 0.0458469
0.414258 0.0703146
0.404933 0.0806395
0.415754 0.102206
0.398736 0.118481
0.40354 0.141651
0.402695 0.152891
0.412305 0.176183
0.400958 0.207131
0.407358 0.224083
0.399304 0.241981
0.401019 0.249187
0.40727 0.268319
0.402515 0.302745
0.401395 0.320854
0.399731 0.323069
0.412347 0.347249
0.40553 0.367534
0.411786 0.387992
0.405469 0.415876
0.406017 0.434952
0.404046 0.440332
0.40907 0.464309
0.41313 0.492025
0.401837 0.512284
0.406728 0.527583
0.400829 0.533586
0.405805 0.554026
0.401248 0.5877
0.415966 0.594652
0.400714 0.611295
0.413373 0.631214
0.41023 0.661916
0.413005 0.681922
0.408917 0.689696
0.401904 0.709024
0.407111 0.734403
0.414167 0.750359
0.402189 0.770001
0.417554 0.788653
0.39966 0.801616
0.408988 0.817854
0.41258 0.83871
0.404469 0.859714
0.401802 0.885111
0.414131 0.895092
0.411667 0.920727
0.414106 0.938353
0.399508 0.966232
0.398795 0.984209
0.402419 0.996611
0.431256 0.0040756
0.434034 0.027192
0.426637 0.0456118
0.426154 0.0666025
0.418918 0.0865265
0.418585 0.105813
0.420176 0.125189
0.422346 0.13712
0.424825 0.154627
0.426477 0.179501
0.418327 0.201971
0.426984 0.22425
0.420679 0.244878
0.420162 0.250046
0.420987 0.280885
0.420362 0.299478
0.418913 0.319027
0.420168 0.330461
0.430372 0.348918
0.417965 0.367702
0.418673 0.393503
0.419857 0.409284
0.432936 0.418195
0.420655 0.448267
0.418782 0.460337
0.434553 0.479537
0.429517 0.510636
0.429167 0.513268
0.431837 0.53975
0.421152 0.560378
0.425275 0.583239
0.435762 0.599948
0.431867 0.610675
0.430744 0.634863
0.420114 0.656619
0.427497 0.667853
0.418658 0.691492
0.429427 0.714315
0.420057 0.722709
0.424191 0.754904
0.420082 0.769132
0.421117 0.787424
0.429273 0.811823
0.429509 0.819918
0.420277 0.840246
0.429371 0.857407
0.427198 0.882443
0.417972 0.900992
0.427778 0.913175
0.434094 0.947948
0.42739 0.951162
0.429053 0.96954
0.419721 0.999725
0.454512 0.00518815
0.444098 0.0265286
0.446547 0.0522782
0.447123 0.0623214
0.440077 0.0878017
0.440865 0.0976948
0.447737 0.121342
0.444382 0.141434
0.447487 0.166139
0.443831 0.170904
0.439518 0.193365
0.4396 0.211384
0.442205 0.246271
0.437906 0.247556
0.437971 0.273293
0.442798 0.29461
0.43849 0.320017
0.443561 0.323129
0.440281 0.347901
0.437605 0.375713
0.44776 0.398327
0.452937 0.40563
0.445216 0.431044
0.440443 0.448164
0.439496 0.458617
0.437459 0.480017
0.437861 0.497361
0.440406 0.524418
0.437244 0.538879
0.451796 0.561449
0.444148 0.579175
0.454909 0.595202
0.448141 0.615307
0.443954 0.629463
0.446211 0.653493
0.446352 0.669141
0.447066 0.684774
0.437158 0.706302
0.45055 0.723658
0.445418 0.746178
0.437696 0.777917
0.44083 0.780633
0.442936 0.804261
0.444567 0.834012
0.449599 0.842494
0.438035 0.859
0.437468 0.880313
0.438374 0.904591
0.443388 0.920878
0.440341 0.938017
0.440164 0.955736
0.44319 0.968169
0.438414 0.997972
0.46699 0.0184335
0.456565 0.0316177
0.456912 0.0434697
0.472427 0.0699789
0.457771 0.0816481
0.465468 0.0987274
0.47415 0.127898
0.456185 0.143788
0.471999 0.170507
0.46192 0.18473
0.457259 0.207801
0.457201 0.22761
0.464649 0.232873
0.461074 0.258766
0.464992 0.283345
0.468551 0.29368
0.465268 0.308279
0.465773 0.334574
0.457225 0.351306
0.472579 0.373211
0.466639 0.382262
0.460541 0.410005
0.462569 0.427198
0.463924 0.449305
0.462233 0.467452
0.459372 0.475049
0.455794 0.500015
0.457717 0.52739
0.457312 0.536347
0.45581 0.552093
0.457005 0.586207
0.467166 0.605202
0.461791 0.607724
0.474502 0.631733
0.457202 0.657866
0.459487 0.668783
0.467774 0.690669
0.470504 0.712027
0.470772 0.734142
0.470931 0.75692
0.474028 0.759689
0.46437 0.783563
0.466293 0.807002
0.46437 0.819971
0.47135 0.836164
0.459044 0.860048
0.459822 0.889828
0.468166 0.90379
0.460585 0.91818
0.458094 0.943084
0.456918 0.961508
0.456643 0.974278
0.45674 0.999084
0.489517 0.00936918
0.490261 0.0203311
0.477889 0.0401318
0.476349 0.0704196
0.478235 0.0866012
0.47475 0.10166
0.478897 0.124232
0.475237 0.146887
0.477096 0.1661
0.488339 0.177948
0.483047 0.195105
0.480941 0.224525
0.479572 0.240649
0.480633 0.251382
0.488296 0.274606
0.493431 0.299678
0.476334 0.31475
0.484207 0.325784
0.48854 0.351207
0.491792 0.37675
0.487934 0.386438
0.476424 0.403119
0.477909 0.428305
0.489242 0.437422
0.485121 0.461553
0.482162 0.485855
0.490022 0.502215
0.479782 0.525845
0.480239 0.54796
0.477308 0.56441
0.475246 0.582843
0.48207 0.589648
0.487773 0.613784
0.478322 0.635974
0.48522 0.651144
0.479385 0.672536
0.489023 0.684284
0.475394 0.711984
0.475897 0.721921
0.492423 0.741219
0.483877 0.777565
0.477803 0.780798
0.489425 0.802759
0.482862 0.819148
0.475288 0.845265
0.490036 0.866481
0.480243 0.885032
0.484329 0.905606
0.481821 0.92172
0.476546 0.943632
0.482338 0.949731
0.481338 0.971923
0.475653 0.991494
0.51074 0.0091163
0.495922 0.029369
0.499446 0.0422106
0.494258 0.063237
0.495834 0.0860317
0.508036 0.0986047
0.502914 0.11536
0.49382 0.141667
0.495479 0.160743
0.506241 0.17658
0.501364 0.19209
0.498186 0.210974
0.506924 0.240027
0.504685 0.246956
0.50527 0.276989
0.495102 0.302408
0.498644 0.314881
0.500509 0.32494
0.49405 0.350366
0.506094 0.36913
0.505779 0.397578
0.503098 0.399884
0.495273 0.418322
0.4962 0.441744
0.501329 0.466921
0.509262 0.48204
0.497445 0.496261
0.498886 0.514695
0.502637 0.537107
0.504013 0.562548
0.493749 0.584142
0.496203 0.606285
0.506882 0.625324
0.501769 0.633508
0.506546 0.657216
0.493928 0.681787
0.503399 0.683373
0.497848 0.709128
0.497024 0.737571
0.509425 0.757942
0.498642 0.767266
0.503968 0.781157
0.496104 0.806115
0.498032 0.833003
0.499133 0.840892
0.499405 0.862452
0.496837 0.887452
0.49887 0.902609
0.503525 0.927793
0.501691 0.938107
0.506821 0.963347
0.506694 0.972587
0.495651 0.995422
0.530076 0.000366222
0.516922 0.0294198
0.523884 0.039301
0.517106 0.0629597
0.514005 0.0814426
0.525407 0.0963164
0.522539 0.114813
0.515562 0.146945
0.515459 0.163196
0.512544 0.177271
0.517685 0.200934
0.529954 0.225257
0.522876 0.239561
0.530778 0.253426
0.518815 0.278329
0.520174 0.303383
0.519159 0.306112
0.513047 0.331919
0.528367 0.357585
0.514779 0.376137
0.516936 0.385709
0.527218 0.406579
0.514664 0.428236
0.517716 0.450929
0.514145 0.455641
0.523291 0.492946
0.513486 0.501358
0.518114 0.525925
0.526261 0.546647
0.518773 0.559685
0.516264 0.57542
0.513504 0.592975
0.513885 0.61685
0.516211 0.64137
0.512792 0.659398
0.515758 0.672828
0.514027 0.690873
0.517586 0.703817
0.520249 0.724082
0.520462 0.751186
0.518887 0.767504
0.529923 0.784478
0.515319 0.798899
0.524857 0.817072
0.525315 0.848109
0.515255 0.871851
0.515607 0.891782
0.516404 0.89761
0.518252 0.918381
0.524134 0.943812
0.518395 0.953286
0.520277 0.974426
0.523545 0.991546
0.53502 0.0159754
0.548418 0.0373547
0.53528 0.0564873
0.544786 0.0732749
0.531566 0.0855374
0.537797 0.102458
0.532151 0.131932
0.537149 0.134809
0.531693 0.16245
0.533988 0.181038
0.547899 0.202673
0.53182 0.218697
0.540203 0.239054
0.539 0.260847
0.542015 0.275829
0.545122 0.300699
0.546437 0.307634
0.543077 0.334025
0.54031 0.356555
0.543238 0.379065
0.536607 0.383373
0.535511 0.403859
0.549883 0.425489
0.540576 0.449624
0.531901 0.472577
0.537248 0.481948
0.531938 0.508469
0.533632 0.528232
0.53697 0.542443
0.531911 0.566996
0.534464 0.570066
0.532383 0.593384
0.533952 0.612201
0.534349 0.645314
0.547574 0.66005
0.53383 0.674245
0.537828 0.70098
0.542084 0.702804
0.535642 0.737514
0.5455 0.756154
0.549923 0.77326
0.535193 0.779507
0.541123 0.80291
0.540665 0.819371
0.549995 0.842822
0.540173 0.863762
0.534159 0.884489
0.535045 0.905584
0.53238 0.915747
0.53209 0.936766
0.536149 0.967223
0.540096 0.969842
0.557451 0.00442518
0.554707 0.024591
0.551353 0.0458179
0.566019 0.0572779
0.555603 0.0912943
0.566515 0.109256
0.556968 0.119024
0.560076 0.144169
0.562371 0.159756
0.555193 0.179751
0.557062 0.192571
0.552624 0.217983
0.557237 0.24134
0.555204 0.256747
0.567064 0.276681
0.561523 0.289327
0.554749 0.318015
0.552265 0.337986
0.562638 0.357797
0.562487 0.3614
0.567705 0.388226
0.550499 0.401713
0.551748 0.425224
0.556871 0.452437
0.559352 0.467891
0.561983 0.476801
0.562206 0.500952
0.55327 0.531022
0.567811 0.532781
0.55623 0.558153
0.567998 0.576105
0.550707 0.588824
0.567309 0.62627
0.553342 0.641151
0.56674 0.655244
0.553006 0.669457
0.56621 0.684164
0.562555 0.706388
0.554826 0.730491
0.551604 0.751863
0.554459 0.774671
0.560564 0.793573
0.565586 0.798995
0.550788 0.817595
0.55155 0.844121
0.561144 0.868862
0.55408 0.879034
0.553728 0.895749
0.553715 0.923084
0.557054 0.948454
0.550549 0.949805
0.568071 0.976989
0.561619 0.995658
0.575274 0.0308237
0.569586 0.0398545
0.569637 0.06117
0.576952 0.0838954
0.573035 0.104335
0.581476 0.117352
0.586383 0.133641
0.579329 0.153719
0.575884 0.174932
0.581514 0.191674
0.576312 0.215583
0.58449 0.24424
0.570504 0.252031
0.571033 0.268033
0.570204 0.301581
0.572924 0.310129
0.57608 0.324913
0.581963 0.346546
0.586036 0.370739
0.579528 0.397559
0.580667 0.407947
0.577868 0.431379
0.576344 0.450404
0.585547 0.467686
0.58681 0.481491
0.585358 0.494433
0.574723 0.518975
0.571639 0.542745
0.583361 0.561113
0.583221 0.582982
0.571178 0.601236
0.572598 0.625813
0.571058 0.633135
0.577563 0.651509
0.578358 0.669922
0.571878 0.684277
0.584185 0.719535
0.575046 0.733452
0.575837 0.741979
0.570208 0.762566
0.588031 0.788507
0.576474 0.802841
0.576464 0.821253
0.582834 0.843804
0.586383 0.859615
0.57327 0.886673
0.575307 0.895213
0.576312 0.916776
0.583911 0.942808
0.584181 0.963694
0.575705 0.970473
0.577242 0.991499
0.589312 0.000885037
0.593217 0.0209768
0.592395 0.0539567
0.589119 0.0674384
0.604663 0.080752
0.594684 0.106632
0.59708 0.126363
0.594236 0.136352
0.600299 0.158422
0.593294 0.171955
0.605976 0.191107
0.589286 0.217601
0.595653 0.232333
0.594734 0.265736
0.594689 0.278997
0.592151 0.289407
0.597342 0.313505
0.598468 0.32374
0.591876 0.358745
0.598107 0.365305
0.602985 0.389569
0.602496 0.416913
0.589381 0.430283
0.595691 0.453413
0.601293 0.457258
0.589296 0.480182
0.591059 0.503552
0.592887 0.528865
0.599811 0.533891
0.593453 0.554333
0.604907 0.585803
0.589123 0.59588
0.593616 0.612995
0.594593 0.632746
0.593552 0.655784
0.595111 0.678274
0.601128 0.692396
0.593769 0.709626
0.604297 0.739189
0.592846 0.758835
0.592975 0.761138
0.590756 0.786748
0.590928 0.806232
0.605518 0.828181
0.601404 0.846488
0.598112 0.862239
0.594806 0.885952
0.593742 0.89981
0.591662 0.92642
0.604881 0.940136
0.601924 0.952013
0.603259 0.972198
0.593402 0.997284
0.610573 0.00139325
0.613633 0.0224388
0.618827 0.0381158
0.615253 0.0621254
0.615894 0.0793228
0.622761 0.106265
0.608975 0.125804
0.62154 0.134159
0.609867 0.15458
0.611869 0.18689
0.622262 0.199801
0.616352 0.217292
0.625191 0.233554
0.61504 0.249031
0.609876 0.284305
0.613069 0.285887
0.620716 0.305673
0.608829 0.332036
0.618601 0.351526
0.622852 0.364879
0.618662 0.381846
0.617767 0.403509
0.61171 0.422905
0.625294 0.444227
0.608418 0.472757
0.613933 0.479833
0.612079 0.495621
0.623768 0.520005
0.611981 0.537169
0.608443 0.557688
0.608474 0.583104
0.607835 0.595123
0.608527 0.61184
0.617512 0.635304
0.612257 0.653411
0.622913 0.668966
0.608246 0.694541
0.607841 0.715445
0.618172 0.735764
0.626258 0.74257
0.61858 0.763421
0.609135 0.780412
0.616138 0.798547
0.612463 0.824269
0.619495 0.851466
0.610234 0.87175
0.61544 0.874833
0.611796 0.898465
0.608325 0.919279
0.612338 0.932984
0.62215 0.95233
0.60774 0.970874
0.61299 0.997478
0.630238 0.00949126
0.642729 0.0310576
0.63744 0.0522782
0.626924 0.073275
0.644826 0.0884732
0.639052 0.103892
0.631794 0.120634
0.631421 0.13951
0.631092 0.165807
0.626651 0.186516
0.640522 0.202521
0.63331 0.21788
0.643574 0.231391
0.627928 0.257012
0.633442 0.279977
0.635546 0.294202
0.627397 0.315497
0.629749 0.338176
0.639004 0.351955
0.640066 0.366643
0.631458 0.39375
0.631812 0.405191
0.62686 0.422883
0.627361 0.448973
0.626612 0.464263
0.631336 0.476058
0.632559 0.496563
0.640624 0.52061
0.629279 0.543226
0.633534 0.561052
0.633687 0.586491
0.627522 0.600421
0.62728 0.610333
0.62909 0.634954
0.637639 0.649338
0.631406 0.676039
0.627303 0.688477
0.637501 0.705679
0.626831 0.723195
0.634275 0.749358
0.634065 0.766981
0.642781 0.780267
0.642902 0.797911
0.640553 0.82458
0.627527 0.847235
0.635491 0.872094
0.627854 0.87429
0.632893 0.898068
0.630567 0.920207
0.64098 0.931913
0.628098 0.953478
0.629414 0.980224
0.655099 0.0115623
0.645411 0.0315481
0.645618 0.0565986
0.663003 0.0592846
0.659549 0.0774194
0.658465 0.101455
0.648457 0.117405
0.654012 0.149144
0.660978 0.166254
0.660164 0.189697
0.645658 0.19127
0.648847 0.225937
0.649423 0.233406
0.65154 0.257546
0.647408 0.27756
0.662862 0.290933
0.650105 0.317545
0.660289 0.325102
0.659322 0.35667
0.659108 0.384716
0.650373 0.404812
0.647938 0.426588
0.648356 0.450478
0.64789 0.456427
0.658223 0.482559
0.653706 0.509964
0.646048 0.529941
0.646321 0.536485
0.646818 0.563296
0.659108 0.587451
0.646396 0.603421
0.646737 0.61685
0.661519 0.643696
0.653734 0.655645
0.660695 0.671468
0.648865 0.691789
0.645702 0.706089
0.645558 0.731559
0.645933 0.756415
0.658415 0.759339
0.652955 0.778312
0.645907 0.802636
0.6498 0.82712
0.657818 0.840479
0.648946 0.862209
0.647664 0.883158
0.662557 0.897946
0.647784 0.912399
0.646942 0.933265
0.64595 0.954186
0.661 0.972716
0.650868 0.998383
0.667562 0.0331736
0.66469 0.0507208
0.666078 0.0704365
0.675436 0.0932951
0.678102 0.104097
0.675161 0.129002
0.671039 0.145499
0.666578 0.167981
0.666272 0.186695
0.67922 0.203375
0.672033 0.225425
0.673391 0.229835
0.67006 0.249679
0.669993 0.269901
0.681386 0.295351
0.681631 0.320994
0.675882 0.336531
0.670584 0.355125
0.670361 0.370778
0.677559 0.389627
0.667447 0.403453
0.665757 0.424072
0.672109 0.44789
0.6652 0.462855
0.67444 0.487094
0.679678 0.503098
0.667344 0.527896
0.677393 0.540171
0.672201 0.555162
0.664758 0.58535
0.682429 0.593793
0.671987 0.615589
0.674734 0.632615
0.678776 0.658107
0.666068 0.667758
0.670309 0.701437
0.666801 0.713304
0.666537 0.725073
0.669759 0.753075
0.6689 0.770716
0.674947 0.779565
0.66805 0.807092
0.679495 0.831477
0.666239 0.845075
0.679891 0.86523
0.666498 0.879084
0.67683 0.897658
0.668737 0.919373
0.666189 0.941526
0.679115 0.959703
0.680914 0.972251
0.681631 0.992157
0.687185 0.00888089
0.686395 0.0283145
0.685436 0.0424243
0.689352 0.0621662
0.683518 0.0875096
0.690614 0.111266
0.691711 0.116858
0.683964 0.13383
0.685385 0.15537
0.686812 0.170885
0.685517 0.191285
0.69302 0.215555
0.68775 0.237725
0.688528 0.257668
0.684554 0.270325
0.685622 0.297612
0.685237 0.322675
0.701175 0.338894
0.692312 0.346721
0.68804 0.373669
0.699918 0.398499
0.684072 0.407575
0.699065 0.418218
0.699576 0.436598
0.683523 0.472915
0.700094 0.479339
0.684656 0.509889
0.687135 0.514327
0.693045 0.537584
0.694982 0.55539
0.687582 0.577441
0.68963 0.595451
0.700186 0.610187
0.68923 0.641957
0.685883 0.654004
0.689535 0.677847
0.690869 0.69893
0.694143 0.719382
0.683549 0.737792
0.700583 0.750481
0.686865 0.7719
0.684542 0.778916
0.699911 0.800958
0.6916 0.832571
0.688714 0.848248
0.697943 0.872498
0.695625 0.876298
0.688242 0.894062
0.691031 0.919889
0.685194 0.936638
0.700156 0.967101
0.697264 0.97462
0.720176 0.00463881
0.704398 0.0356761
0.703454 0.0550222
0.703567 0.0750547
0.708823 0.0935087
0.714333 0.0993281
0.709464 0.122593
0.707576 0.135639
0.705979 0.156187
0.706381 0.176794
0.71398 0.208014
0.720325 0.219307
0.707389 0.234169
0.702565 0.255634
0.705405 0.284524
0.71187 0.296148
0.717124 0.317728
0.703997 0.338358
0.702545 0.358398
0.711943 0.362829
0.721244 0.387371
0.717429 0.414991
0.717445 0.417707
0.720638 0.43737
0.715379 0.45778
0.704119 0.482445
0.709067 0.504593
0.708166 0.517885
0.70247 0.532678
0.717826 0.551012
0.718162 0.581317
0.705866 0.603511
0.715451 0.618928
0.707906 0.627453
0.709406 0.646306
0.719975 0.680414
0.707166 0.686147
0.705049 0.704486
0.714573 0.731368
0.702961 0.753415
0.711844 0.776696
0.721139 0.796334
0.710464 0.815257
0.703282 0.831512
0.710665 0.836109
0.706595 0.855068
0.712668 0.88522
0.70858 0.898249
0.707556 0.928337
0.702927 0.940275
0.712833 0.9617
0.717817 0.979857
0.708579 0.995209
0.739216 0.00669396
0.729496 0.0231942
0.721392 0.0423122
0.721335 0.0678121
0.730356 0.0797455
0.740257 0.105075
0.722696 0.119669
0.737266 0.136143
0.726366 0.170447
0.72502 0.188792
0.726045 0.195211
0.730813 0.219514
0.723973 0.242482
0.725181 0.260994
0.724306 0.268081
0.727456 0.295411
0.723048 0.315392
0.72755 0.337187
0.723777 0.352733
0.727766 0.362641
0.728317 0.388211
0.722514 0.414064
0.73513 0.422066
0.730064 0.440443
0.734594 0.46394
0.726798 0.481613
0.732055 0.500977
0.73217 0.524247
0.724503 0.537364
0.724243 0.552555
0.72644 0.579981
0.723081 0.603575
0.725242 0.619892
0.722589 0.634861
0.728813 0.651173
0.737633 0.672808
0.730132 0.694935
0.722373 0.710868
0.73925 0.726219
0.730705 0.748711
0.731145 0.769356
0.721481 0.778472
0.726536 0.800028
0.725883 0.824091
0.740189 0.836876
0.735435 0.855464
0.723362 0.878669
0.736259 0.901425
0.722526 0.927122
0.727121 0.942341
0.723682 0.967861
0.738731 0.985961
0.756798 0.0142827
0.742594 0.0230303
0.742088 0.0397046
0.753288 0.0651265
0.743132 0.0801799
0.742122 0.104689
0.752156 0.121899
0.755301 0.151515
0.740806 0.170263
0.749099 0.183229
0.742302 0.202673
0.748338 0.210567
0.74163 0.236793
0.745689 0.259223
0.746452 0.279794
0.740675 0.292189
0.745201 0.317515
0.745519 0.324495
0.752708 0.345286
0.744225 0.37164
0.744686 0.382781
0.749596 0.40965
0.756364 0.429036
0.754936 0.451338
0.740791 0.462008
0.744221 0.485848
0.755211 0.503281
0.743621 0.531307
0.74319 0.542597
0.747826 0.563494
0.745031 0.581983
0.746727 0.600604
0.749236 0.60821
0.75164 0.634663
0.758446 0.662191
0.742085 0.677372
0.747368 0.699057
0.749981 0.706121
0.740363 0.726745
0.741185 0.748912
0.751793 0.769066
0.74831 0.796015
0.745192 0.806508
0.745989 0.816484
0.757045 0.840396
0.741568 0.861715
0.756035 0.881954
0.757532 0.903253
0.756127 0.924558
0.757671 0.934735
0.74517 0.958251
0.744755 0.985842
0.74035 0.987433
0.768401 0.0184678
0.775504 0.0227584
0.77694 0.0432447
0.763247 0.0646516
0.764131 0.0938572
0.768304 0.100925
0.77244 0.113984
0.766686 0.136509
0.771081 0.169195
0.771471 0.171141
0.771508 0.19657
0.760844 0.220105
0.76108 0.245553
0.777398 0.254372
0.763848 0.271856
0.769799 0.293161
0.761515 0.309394
0.763257 0.327534
0.761955 0.345877
0.76176 0.364264
0.769219 0.383923
0.771496 0.399518
0.777825 0.422803
0.764467 0.453027
0.777616 0.464304
0.767266 0.478195
0.769212 0.508911
0.763717 0.523208
0.773217 0.54268
0.777956 0.552102
0.762251 0.582492
0.776055 0.601947
0.769536 0.614697
0.778039 0.640126
0.762962 0.646469
0.76044 0.667268
0.767993 0.686811
0.7781 0.712271
0.764344 0.723807
0.760002 0.740532
0.76015 0.769536
0.76687 0.787584
0.770898 0.811121
0.764513 0.820052
0.759331 0.838191
0.766422 0.861416
0.762405 0.877544
0.759957 0.903248
0.772484 0.918174
0.771032 0.943887
0.76361 0.950048
0.760619 0.976444
0.775597 0.995025
0.794305 0.0144963
0.787745 0.0301525
0.785302 0.0483647
0.78897 0.0591698
0.784478 0.0786157
0.794214 0.113773
0.786229 0.132139
0.778924 0.134031
0.780833 0.161013
0.795648 0.183874
0.788908 0.200356
0.782668 0.221304
0.787225 0.244537
0.782406 0.264075
0.789107 0.276805
0.794397 0.286547
0.783258 0.322398
0.782483 0.325933
0.779137 0.352428
0.781363 0.377822
0.795495 0.397015
0.781115 0.411701
0.782185 0.429506
0.787744 0.454726
0.792772 0.455914
0.780679 0.492765
0.79519 0.506241
0.785105 0.524148
0.788956 0.532351
0.782232 0.56658
0.781996 0.570211
0.780361 0.595322
0.789575 0.620385
0.781677 0.641842
0.784898 0.649978
0.789636 0.671682
0.788699 0.693328
0.781657 0.714978
0.782388 0.727085
0.790582 0.743492
0.779204 0.760999
0.789264 0.779295
0.780138 0.809483
0.783277 0.834894
0.783139 0.844423
0.787591 0.870449
0.785185 0.878244
0.781657 0.903201
0.788018 0.926359
0.784319 0.938641
0.787286 0.962096
0.784502 0.968457
0.797315 0.0359328
0.799151 0.042725
0.808588 0.0628376
0.81399 0.0925626
0.806057 0.104991
0.801295 0.118945
0.804773 0.148015
0.798817 0.16559
0.8064 0.186546
0.813564 0.194407
0.802423 0.211951
0.815668 0.239631
0.802458 0.262385
0.798318 0.27859
0.798944 0.300119
0.80196 0.317806
0.807062 0.336375
0.798719 0.354176
0.811274 0.369304
0.797267 0.392156
0.797622 0.401764
0.807764 0.425947
0.811884 0.450166
0.809625 0.458339
0.807276 0.480392
0.797398 0.506869
0.80747 0.529302
0.804712 0.534166
0.798515 0.553846
0.799982 0.584948
0.798754 0.589772
0.809168 0.61333
0.804293 0.639146
0.816034 0.662648
0.808369 0.683336
0.810083 0.689596
0.800395 0.709825
0.799906 0.721658
0.810923 0.74687
0.80243 0.761854
0.805414 0.783502
0.797767 0.798339
0.804224 0.818171
0.808344 0.85229
0.810696 0.859729
0.806543 0.891629
0.802112 0.897694
0.805814 0.923211
0.806864 0.931831
0.815729 0.949339
0.809534 0.981048
0.818598 0.0319834
0.823575 0.0517949
0.821583 0.0589947
0.82399 0.0866012
0.817368 0.110433
0.825098 0.126896
0.817815 0.143211
0.826334 0.155809
0.827265 0.178716
0.833771 0.199265
0.823522 0.216605
0.824898 0.237152
0.822009 0.260628
0.819514 0.282418
0.821687 0.284979
0.817955 0.307083
0.823266 0.325729
0.834101 0.341807
0.818419 0.371715
0.823511 0.397595
0.820687 0.403406
0.81667 0.426859
0.828378 0.441012
0.830256 0.466475
0.817596 0.481259
0.823817 0.504715
0.820031 0.523181
0.827276 0.54634
0.81756 0.561785
0.834834 0.584399
0.817569 0.594934
0.820552 0.612324
0.817029 0.637373
0.817494 0.663188
0.82721 0.679247
0.822423 0.695509
0.822413 0.714103
0.820276 0.72777
0.833369 0.744529
0.819946 0.766957
0.832733 0.784884
0.821259 0.801401
0.824981 0.821524
0.8352 0.8399
0.82245 0.872646
0.822568 0.877495
0.82309 0.899022
0.819453 0.916776
0.823316 0.931515
0.81637 0.955996
0.824975 0.984668
0.829768 0.999786
0.83887 0.0181875
0.837398 0.0217844
0.843654 0.0422376
0.835558 0.0690578
0.845912 0.087344
0.84547 0.106173
0.84567 0.125389
0.847041 0.14597
0.851853 0.154555
0.846992 0.171408
0.835943 0.198703
0.847407 0.211982
0.852809 0.240211
0.837593 0.250184
0.842799 0.267617
0.84695 0.295419
0.841663 0.317175
0.841507 0.334646
0.846404 0.351417
0.841212 0.377087
0.837228 0.390207
0.846962 0.399943
0.839747 0.421064
0.84284 0.452009
0.838964 0.469759
0.839373 0.487673
0.841713 0.511881
0.837336 0.530656
0.838629 0.543753
0.851239 0.558414
0.838683 0.582129
0.83601 0.602615
0.853328 0.608386
0.836055 0.642994
0.843146 0.658636
0.848537 0.667135
0.840937 0.693808
0.852199 0.719077
0.838679 0.73239
0.843521 0.750736
0.835793 0.76475
0.843593 0.783563
0.843165 0.810968
0.842257 0.826281
0.851333 0.838647
0.835384 0.865726
0.839259 0.890835
0.841304 0.896094
0.839995 0.915151
0.841395 0.938475
0.836932 0.96368
0.835871 0.973144
0.855861 0.0109867
0.855436 0.0255517
0.859163 0.0387663
0.863613 0.0660115
0.861669 0.0824088
0.872311 0.0950346
0.865902 0.121372
0.862257 0.138107
0.860456 0.169124
0.868191 0.1742
0.857527 0.195722
0.857557 0.214101
0.870762 0.237121
0.85775 0.257547
0.869533 0.271187
0.868581 0.29294
0.866656 0.316497
0.866665 0.323405
0.856554 0.343525
0.854591 0.375589
0.858232 0.392446
0.865819 0.41408
0.85517 0.426481
0.858333 0.442518
0.860136 0.462355
0.855072 0.481618
0.857906 0.501419
0.86712 0.51742
0.866359 0.543413
0.871851 0.562499
0.865322 0.581255
0.861344 0.606589
0.858591 0.614922
0.864406 0.639973
0.864965 0.650755
0.868055 0.666275
0.862532 0.692248
0.867936 0.709734
0.872582 0.727437
0.86697 0.748741
0.858648 0.767117
0.871761 0.78515
0.865093 0.797604
0.857621 0.83349
0.854419 0.850949
0.85989 0.872433
0.869644 0.887457
0.855666 0.900071
0.862301 0.917692
0.85667 0.943699
0.862239 0.959838
0.86185 0.968555
0.870144 0.992553
0.882778 0.00381481
0.874681 0.0228356
0.886624 0.0415967
0.88455 0.0626937
0.881439 0.076484
0.875468 0.100621
0.881499 0.121617
0.876461 0.147679
0.875622 0.154444
0.879799 0.173837
0.873463 0.192635
0.875454 0.211707
0.880947 0.240333
0.88785 0.246939
0.879178 0.270343
0.889523 0.298898
0.875426 0.308663
0.875509 0.335208
0.875362 0.355907
0.877891 0.379377
0.879055 0.382855
0.877865 0.416883
0.876713 0.432152
0.889187 0.449171
0.881775 0.47144
0.874355 0.476302
0.876548 0.494319
0.874351 0.519956
0.876534 0.54464
0.890827 0.553275
0.890255 0.569964
0.873607 0.600418
0.88406 0.618488
0.877039 0.630947
0.876918 0.664068
0.880093 0.669484
0.877166 0.691216
0.880748 0.706075
0.87433 0.729408
0.873703 0.750117
0.873311 0.773452
0.877774 0.778998
0.886222 0.79987
0.876919 0.820399
0.876308 0.847438
0.875631 0.863532
0.879392 0.878889
0.882687 0.899167
0.890683 0.928587
0.878941 0.947991
0.889981 0.967803
0.883439 0.972028
0.87662 0.994529
0.910123 0.0013123
0.894331 0.0217257
0.909 0.0513032
0.902036 0.0746788
0.895806 0.0854399
0.894589 0.113132
0.896965 0.119577
0.896464 0.141236
0.908963 0.162511
0.892331 0.189215
0.894022 0.194653
0.894132 0.213828
0.892994 0.24325
0.910001 0.258827
0.892933 0.275373
0.892873 0.29659
0.896228 0.322345
0.894606 0.323285
0.904416 0.345317
0.893464 0.367153
0.89649 0.381806
0.897038 0.400555
0.909024 0.430647
0.893816 0.451735
0.910031 0.47206
0.895599 0.485609
0.905193 0.502924
0.892788 0.51326
0.904477 0.543657
0.905994 0.562147
0.896105 0.573685
0.904752 0.598956
0.895454 0.614884
0.89647 0.64112
0.896695 0.645466
0.893943 0.666806
0.896664 0.692557
0.892482 0.711555
0.894406 0.724418
0.894498 0.759239
0.899466 0.761213
0.897916 0.792901
0.899274 0.800151
0.902982 0.82934
0.896435 0.852139
0.89877 0.872066
0.909872 0.879504
0.893608 0.897552
0.893802 0.924575
0.901962 0.948403
0.906083 0.965516
0.906072 0.97929
0.895658 0.996096
0.919407 0.0167011
0.91229 0.0332041
0.912867 0.0534432
0.915662 0.0734965
0.927404 0.0814038
0.922269 0.095706
0.914772 0.12894
0.913632 0.138063
0.924091 0.165573
0.929179 0.175836
0.919034 0.197821
0.911979 0.214219
0.913144 0.232032
0.912089 0.259155
0.912053 0.282523
0.920988 0.284799
0.911734 0.306306
0.916653 0.325333
0.923164 0.346496
0.913602 0.374126
0.921621 0.387948
0.914243 0.403607
0.926694 0.428113
0.920167 0.451095
0.916449 0.467528
0.914191 0.479671
0.923002 0.497085
0.925016 0.525315
0.91369 0.546349
0.92233 0.568621
0.916926 0.580941
0.913946 0.602819
0.921454 0.608445
0.918332 0.6274
0.918812 0.645489
0.919797 0.668233
0.917314 0.689033
0.915504 0.709903
0.914965 0.734335
0.926572 0.75399
0.912416 0.768109
0.92468 0.783898
0.915922 0.802147
0.928861 0.817713
0.920072 0.854122
0.922204 0.856467
0.915749 0.886754
0.916868 0.909177
0.911366 0.914881
0.921903 0.937346
0.91749 0.964678
0.913752 0.985375
0.92111 0.992126
0.93701 0.0203253
0.932981 0.0557573
0.945761 0.0719662
0.938276 0.0820227
0.93248 0.107154
0.937315 0.130406
0.933614 0.141395
0.936521 0.161443
0.931268 0.183219
0.936052 0.200124
0.939299 0.216987
0.93403 0.238084
0.943419 0.257698
0.934113 0.278168
0.931224 0.29128
0.934416 0.312113
0.943478 0.341229
0.948515 0.34315
0.942289 0.372387
0.940916 0.396971
0.944731 0.399579
0.946257 0.429914
0.942786 0.45021
0.942381 0.458083
0.933331 0.475858
0.930196 0.500759
0.943134 0.525964
0.946806 0.543718
0.932738 0.566969
0.945206 0.573457
0.934233 0.594104
0.933198 0.614054
0.933817 0.627943
0.94116 0.649831
0.939253 0.664985
0.936003 0.693045
0.947533 0.709211
0.935942 0.725333
0.933709 0.752733
0.936931 0.76966
0.931563 0.783336
0.931979 0.800162
0.934772 0.826795
0.938676 0.839347
0.94702 0.86465
0.937773 0.89111
0.934867 0.904138
0.937573 0.92001
0.931498 0.942574
0.936602 0.953741
0.94818 0.972472
0.930683 0.997852
0.964843 0.00985748
0.955733 0.0278732
0.965117 0.0457472
0.952504 0.0624868
0.96234 0.0842616
0.962035 0.112613
0.953115 0.126289
0.953835 0.142601
0.952332 0.16725
0.949339 0.189245
0.952795 0.195938
0.956278 0.209538
0.962279 0.231025
0.952228 0.250855
0.954639 0.272757
0.9523 0.291391
0.96707 0.320841
0.95179 0.327003
0.951901 0.345278
0.963058 0.361528
0.958294 0.384655
0.953218 0.414358
0.951623 0.431326
0.953427 0.445252
0.957519 0.465895
0.95407 0.487136
0.950952 0.501369
0.960234 0.519944
0.949768 0.549466
0.967437 0.56621
0.950462 0.583723
0.950207 0.594281
0.953124 0.615497
0.954408 0.643841
0.958787 0.650959
0.967467 0.666341
0.959203 0.688493
0.966185 0.711081
0.953724 0.728078
0.954432 0.742257
0.955565 0.767296
0.956459 0.792834
0.949797 0.799646
0.960814 0.827509
0.951436 0.845158
0.956629 0.86555
0.951153 0.878468
0.955786 0.895681
0.958739 0.914029
0.949187 0.940702
0.965971 0.957135
0.949901 0.98583
0.974582 0.0277289
0.971259 0.0467791
0.983856 0.0677511
0.981956 0.0875493
0.975089 0.0985763
0.969146 0.130672
0.970061 0.15006
0.97353 0.169664
0.973185 0.178348
0.977142 0.201636
0.977403 0.220221
0.970289 0.231768
0.970763 0.263131
0.971111 0.27109
0.978921 0.28987
0.972574 0.318891
0.983478 0.331236
0.985382 0.350566
0.976367 0.37121
0.977844 0.379711
0.975084 0.402809
0.973418 0.418806
0.970061 0.448408
0.970377 0.465939
0.970134 0.481053
0.971706 0.50071
0.981049 0.527354
0.97555 0.53385
0.979173 0.560372
0.983598 0.582307
0.971557 0.595965
0.974427 0.609277
0.970153 0.63744
0.980938 0.663576
0.976512 0.669532
0.972941 0.694955
0.973721 0.715432
0.984199 0.721468
0.979491 0.741722
0.973932 0.7605
0.974274 0.780214
0.980255 0.802148
0.978599 0.816375
0.969443 0.836486
0.983559 0.862534
0.970458 0.884274
0.971947 0.892622
0.986328 0.927213
0.977356 0.93659
0.972406 0.962368
0.972038 0.980949
0.969939 0.996429
0.998718 0.00784326
0.991974 0.0383007
0.993011 0.0571866
0.988593 0.0857575
0.993561 0.103702
0.988239 0.121637
0.99765 0.146458
0.993392 0.15914
0.996704 0.180547
0.989672 0.198795
0.995514 0.224403
0.999256 0.233247
0.987097 0.250179
0.998566 0.267586
0.988048 0.294494
1 0.321024
0.997127 0.362466
0.998993 0.396496
0.997828 0.420975
0.997497 0.445479
0.999623 0.473656
0.989532 0.484603
0.997375 0.512467
0.990974 0.527763
0.996094 0.543535
0.987313 0.578621
0.999573 0.59859
0.988378 0.613883
0.999145 0.635975
0.998676 0.64821
0.999695 0.679311
0.995305 0.685134
0.999359 0.707236
0.992523 0.766655
0.987181 0.797227
0.995045 0.798861
0.996857 0.826716
0.987769 0.844563
0.992981 0.866207
0.987228 0.881234
0.996551 0.897855
0.996061 0.917955
0.997935 0.948706
0.988717 0.950724
0.996368 0.973083
