997
0.00341807 0.00796533
0.00286874 0.0374767
0.002472 0.0662252
0.00671407 0.104495
0.0122379 0.134007
0.0166021 0.166387
0.00381481 0.203192
0.000793481 0.248573
0.0019837 0.277779
0.0101627 0.314646
0.00827052 0.344737
0.000885037 0.385418
0.00152593 0.415357
0.00189215 0.453078
0.00515763 0.490188
0.00613422 0.530778
0.0110172 0.574145
0.00592059 0.601001
0.00106815 0.641743
0.00936918 0.667714
0.00921659 0.696005
0.0123295 0.723563
0.00564592 0.783929
0.0184027 0.819666
0.0182806 0.854884
0.00778222 0.8829
0.00662252 0.91937
0.00283822 0.94937
0.0371715 0.0114139
0.0327158 0.116184
0.0357372 0.202582
0.025605 0.237281
0.0271004 0.26426
0.0354015 0.333934
0.0259407 0.402905
0.0348216 0.428816
0.0327769 0.457472
0.0278329 0.507431
0.0376598 0.549974
0.0375072 0.612384
0.0373547 0.645772
0.0209052 0.754601
0.0356456 0.87759
0.0304575 0.905179
0.0367138 0.937742
0.0213324 0.971587
0.0392163 0.0491043
0.0402844 0.0899686
0.0501724 0.1395
0.0438551 0.171239
0.0531022 0.254982
0.0452284 0.288003
0.0386059 0.373638
0.0501114 0.478439
0.0537736 0.520066
0.0522172 0.579058
0.042085 0.681143
0.0395825 0.716849
0.0477615 0.768181
0.0383618 0.795312
0.0444349 0.839076
0.0496841 0.966338
0.0446181 0.999481
0.0678121 0.00268563
0.0636006 0.0314341
0.0637226 0.0731834
0.0693686 0.107395
0.0718101 0.178747
0.0646687 0.228431
0.0723594 0.28132
0.0581988 0.313395
0.0642415 0.359355
0.0678732 0.408368
0.0595416 0.442274
0.0703452 0.546159
0.0688498 0.618091
0.0662252 0.703635
0.0612812 0.732902
0.0622883 0.812372
0.0616169 0.870174
0.05768 0.916776
0.0727561 0.95117
0.0800501 0.139073
0.083285 0.20539
0.0880459 0.257149
0.079928 0.334849
0.0809961 0.38435
0.0909146 0.434065
0.0902432 0.461531
0.0842311 0.487808
0.0901212 0.517533
0.0838649 0.585406
0.0916776 0.641346
0.0776391 0.668203
0.0811182 0.760735
0.0902432 0.789605
0.0865505 0.828333
0.091586 0.864284
0.0759606 0.893948
0.0760826 0.987579
0.0829541 1.05329
0.110904 0.00546281
0.0961028 0.0283212
0.109836 0.0756859
0.0983306 0.106723
0.0986663 0.177984
0.100009 0.2266
0.0969268 0.312113
0.109714 0.35432
0.0949736 0.40727
0.0993072 0.542802
0.0986358 0.608386
0.106906 0.664907
0.0990326 0.701621
0.0979644 0.738273
0.10831 0.765618
0.111026 0.809564
0.108982 0.911527
0.0978118 0.964507
0.105228 0.991089
0.117618 0.0456557
0.114658 0.138066
0.125126 0.168096
0.126591 0.198798
0.126896 0.229286
0.116977 0.263436
0.127323 0.290994
0.12009 0.327891
0.115268 0.389325
0.123295 0.457503
0.120579 0.485519
0.12537 0.51265
0.126469 0.545
0.114292 0.569353
0.131809 0.593738
0.131169 0.750359
0.126926 0.787744
0.124058 0.840724
0.126713 0.891263
0.114475 0.937895
0.130558 0.967559
0.144322 0.000457778
0.143437 0.0538957
0.137608 0.0820643
0.14069 0.110813
0.14835 0.313578
0.148869 0.357219
0.14423 0.388531
0.140294 0.423536
0.145482 0.47441
0.144444 0.621143
0.134556 0.651021
0.138554 0.678335
0.132908 0.707846
0.137486 0.815332
0.140568 0.867824
0.143681 0.937254
0.14124 0.992615
0.165105 0.0809046
0.169561 0.1142
0.152867 0.142033
0.153539 0.184301
0.158513 0.212195
0.152043 0.239937
0.157567 0.268166
0.156011 0.445448
0.154027 0.515366
0.153722 0.570849
0.161321 0.597461
0.168401 0.669759
0.1648 0.718192
0.157628 0.755638
0.166967 0.800958
0.156163 0.84341
0.169164 0.868892
0.156835 0.893643
0.162481 0.970092
0.17832 0.0129398
0.176489 0.0462966
0.182775 0.168981
0.184576 0.250221
0.189276 0.279122
0.171514 0.29957
0.185095 0.332438
0.17243 0.370373
0.173803 0.397656
0.176397 0.473891
0.180853 0.511246
0.17835 0.557604
0.189489 0.583605
0.18067 0.624653
0.183782 0.74456
0.187384 0.890408
0.172765 0.916898
0.181036 0.995514
0.195288 0.0664388
0.207312 0.0911283
0.205939 0.191107
0.195074 0.224067
0.197882 0.306101
0.199683 0.387432
0.194647 0.415998
0.191961 0.445265
0.202979 0.469893
0.208411 0.519974
0.206946 0.664266
0.190191 0.776055
0.202246 0.808405
0.193915 0.836909
0.206519 0.909696
0.192297 0.937407
0.195868 0.969298
0.223823 0.00430311
0.215674 0.0322581
0.209815 0.131046
0.209174 0.159307
0.222846 0.218482
0.212439 0.247475
0.216834 0.274819
0.216987 0.340129
0.218085 0.429731
0.225318 0.48558
0.218421 0.560472
0.210883 0.630512
0.211921 0.695425
0.21131 0.729606
0.22248 0.786492
0.226783 0.828272
0.212592 0.864956
0.209876 0.992798
0.2313 0.0629597
0.233253 0.108585
0.241859 0.149785
0.231971 0.177252
0.241585 0.245643
0.231513 0.310831
0.231819 0.367595
0.238075 0.408887
0.243416 0.455824
0.237159 0.533921
0.232673 0.5862
0.240272 0.626514
0.236702 0.657979
0.242317 0.687124
0.242897 0.720176
0.228126 0.75573
0.241615 0.858211
0.234596 0.903012
0.239235 0.939207
0.229865 0.967406
0.259499 0.000518815
0.248665 0.0252998
0.257149 0.0554521
0.25956 0.0866115
0.257515 0.18659
0.264748 0.226264
0.249733 0.283364
0.264748 0.314676
0.257637 0.342875
0.259957 0.380779
0.258827 0.42671
0.255776 0.489029
0.253059 0.565538
0.263497 0.608173
0.264687 0.644368
0.25782 0.764641
0.257149 0.798761
0.256752 0.830531
0.256478 0.885891
0.259957 0.916318
0.265236 0.946654
0.247169 0.989532
0.27604 0.0217292
0.267464 0.130375
0.277505 0.165532
0.284585 0.20774
0.277444 0.269906
0.280099 0.359996
0.282846 0.446059
0.277444 0.472976
0.267159 0.514237
0.271279 0.543535
0.267922 0.676748
0.266335 0.704428
0.268593 0.739219
0.284219 0.80694
0.281289 0.969054
0.280221 0.996185
0.300699 0.00112918
0.299295 0.0374462
0.292184 0.0967437
0.288217 0.244545
0.291604 0.298868
0.28959 0.325846
0.300088 0.379345
0.292611 0.418256
0.293741 0.497757
0.299783 0.525376
0.286966 0.58092
0.289438 0.6292
0.29487 0.70571
0.296152 0.738121
0.302469 0.844386
0.288095 0.867611
0.289651 0.898709
0.28724 0.927244
0.319987 0.062685
0.308451 0.120853
0.306803 0.222938
0.310343 0.266762
0.319895 0.29368
0.316294 0.321421
0.306619 0.348766
0.313364 0.442732
0.313517 0.474715
0.320322 0.504624
0.309336 0.556658
0.318918 0.633259
0.307474 0.671133
0.30723 0.790216
0.32017 0.911405
0.305216 0.955657
0.339091 0.015717
0.326762 0.142521
0.330271 0.1713
0.334269 0.227454
0.340983 0.255287
0.325541 0.388958
0.339061 0.417493
0.338023 0.45378
0.334544 0.541154
0.335673 0.570086
0.327036 0.598041
0.335337 0.659841
0.339763 0.7257
0.323222 0.76754
0.339061 0.798242
0.33018 0.831263
0.327067 0.872921
0.33787 0.942289
0.32899 0.970336
0.323466 0.996857
0.350414 0.047853
0.348338 0.0843837
0.353038 0.113712
0.346904 0.19892
0.355998 0.293008
0.344462 0.317515
0.357463 0.363048
0.353099 0.389966
0.348613 0.517167
0.354259 0.601856
0.35432 0.639515
0.347819 0.689535
0.35139 0.77282
0.346355 0.852779
0.344279 0.894986
0.356792 0.981628
0.366588 0.00408948
0.369213 0.136692
0.377544 0.162908
0.369701 0.229926
0.373699 0.258858
0.367504 0.337138
0.376415 0.412519
0.368969 0.451186
0.36256 0.484207
0.379528 0.50795
0.361736 0.549821
0.367351 0.576373
0.367992 0.666189
0.377575 0.694296
0.379223 0.752373
0.37608 0.803766
0.360729 0.826594
0.379315 0.893246
0.363414 0.92468
0.365062 0.953581
0.395642 9.15555e-05
0.393048 0.0319529
0.381146 0.0724509
0.387585 0.197394
0.383892 0.284097
0.388958 0.310923
0.38728 0.355785
0.383221 0.38496
0.394116 0.472823
0.397351 0.551225
0.383282 0.600391
0.388806 0.641652
0.395032 0.727958
0.395886 0.780816
0.384045 0.861934
0.394421 0.926939
0.3979 0.972869
0.384228 0.998413
0.411267 0.0608539
0.407147 0.11005
0.409955 0.15421
0.404462 0.221168
0.400616 0.252571
0.413312 0.343669
0.41493 0.408612
0.401837 0.436964
0.407086 0.51796
0.408185 0.583666
0.408155 0.611774
0.416028 0.652058
0.41435 0.700064
0.403027 0.835231
0.413038 0.99527
0.432508 0.00195318
0.420545 0.0277413
0.426801 0.0861843
0.431684 0.121921
0.431928 0.194555
0.435469 0.243171
0.422956 0.272042
0.419202 0.299722
0.417951 0.371624
0.43556 0.443953
0.424787 0.493789
0.424116 0.539415
0.419019 0.751244
0.428663 0.784295
0.419141 0.813715
0.436201 0.845515
0.417646 0.869076
0.423597 0.914701
0.418806 0.949797
0.446638 0.0401318
0.451674 0.166112
0.448775 0.217505
0.45201 0.264657
0.448042 0.294412
0.437757 0.32313
0.440474 0.352153
0.44615 0.401929
0.452925 0.477248
0.442091 0.516221
0.449568 0.549852
0.437757 0.583453
0.441176 0.620991
0.455092 0.650716
0.449324 0.690359
0.444899 0.740989
0.447768 0.815363
0.454726 0.876553
0.449568 0.907743
0.443251 0.936338
0.437025 0.969665
0.447218 0.995575
0.460799 0.0013123
0.468703 0.056856
0.45732 0.0820338
0.466018 0.110355
0.461409 0.191351
0.464644 0.318735
0.4691 0.346751
0.460067 0.376141
0.46501 0.448805
0.470107 0.514817
0.469802 0.568041
0.461379 0.598743
0.469924 0.710776
0.462477 0.763878
0.473434 0.801141
0.463698 0.844905
0.491684 0.0021363
0.478072 0.0286569
0.492691 0.0994293
0.483383 0.142491
0.489914 0.178411
0.486465 0.211402
0.478195 0.241005
0.4832 0.272958
0.488082 0.300943
0.487686 0.366741
0.488388 0.395215
0.488937 0.436628
0.47969 0.486038
0.485824 0.537828
0.487167 0.623341
0.482406 0.659597
0.485336 0.687399
0.492843 0.772027
0.490188 0.829279
0.493484 0.867885
0.488205 0.897458
0.479568 0.929594
0.477798 0.962462
0.482162 0.998321
0.498978 0.0498978
0.51204 0.146611
0.509079 0.260659
0.49678 0.331065
0.506851 0.460311
0.512131 0.489944
0.50322 0.515793
0.494156 0.593554
0.499039 0.713004
0.493759 0.743644
0.503128 0.804712
0.503708 0.95114
0.521348 0.00836207
0.520951 0.0692465
0.517136 0.114536
0.514298 0.22721
0.519578 0.291452
0.522691 0.322977
0.516953 0.36317
0.515915 0.408246
0.521989 0.437696
0.513077 0.552354
0.520737 0.664693
0.530991 0.69158
0.521989 0.749687
0.528459 0.825983
0.528092 0.858394
0.51915 0.892209
0.5197 0.920255
0.51912 0.98059
0.531754 0.0433363
0.548814 0.0986358
0.540544 0.129276
0.538774 0.160466
0.532456 0.204901
0.539201 0.252144
0.546159 0.297952
0.545762 0.357067
0.546037 0.386029
0.541185 0.475356
0.531999 0.520737
0.54973 0.550371
0.543901 0.578661
0.535417 0.622455
0.54033 0.72692
0.531816 0.785455
0.547929 0.927763
0.548845 0.956297
0.539079 0.998901
0.551775 0.0228584
0.565813 0.0706198
0.568194 0.132176
0.556505 0.181707
0.559343 0.214515
0.568651 0.248726
0.560717 0.274575
0.556261 0.325419
0.564959 0.413587
0.551439 0.439558
0.559801 0.51265
0.564409 0.603015
0.555681 0.654622
0.562517 0.709281
0.56801 0.736106
0.551103 0.758751
0.551317 0.841517
0.564013 0.866054
0.562975 0.899136
0.563066 0.984771
0.575396 0.0399182
0.586077 0.0902432
0.578051 0.162786
0.582049 0.197851
0.585162 0.323923
0.572832 0.355419
0.578631 0.382061
0.574786 0.460707
0.580279 0.487472
0.574938 0.539933
0.571459 0.573901
0.585223 0.635487
0.578509 0.684011
0.570177 0.781365
0.577227 0.830592
0.575671 0.941679
0.590777 0.016419
0.594378 0.122715
0.603107 0.152806
0.593463 0.23423
0.591021 0.287088
0.602191 0.364879
0.600574 0.412244
0.600574 0.440413
0.588763 0.514115
0.601947 0.582324
0.590869 0.607807
0.601825 0.657247
0.600269 0.706473
0.58977 0.752953
0.590869 0.799554
0.596545 0.852931
0.592181 0.903287
0.607227 0.928861
0.605823 0.965972
0.593066 0.995056
0.617695 0.00686666
0.609363 0.0426954
0.61269 0.073397
0.621845 0.110813
0.616596 0.181951
0.625019 0.21659
0.614002 0.269143
0.613239 0.309336
0.608081 0.338054
0.617115 0.390332
0.618946 0.466659
0.608173 0.535234
0.622517 0.560656
0.625324 0.596576
0.621418 0.632862
0.625355 0.754234
0.60744 0.774804
0.611499 0.828547
0.634419 0.0284127
0.639241 0.0577105
0.629139 0.146031
0.637623 0.337413
0.64156 0.378491
0.632313 0.440687
0.628651 0.493698
0.636067 0.52443
0.642323 0.656178
0.631153 0.686483
0.630726 0.717948
0.63918 0.782128
0.634754 0.856349
0.628407 0.885922
0.636891 0.920438
0.634968 0.971923
0.639668 0.999512
0.661977 0
0.65273 0.0968047
0.648183 0.124363
0.648976 0.17127
0.648915 0.203986
0.651814 0.234321
0.654744 0.263985
0.653493 0.292154
0.661245 0.324137
0.660176 0.356853
0.650166 0.404126
0.651906 0.471999
0.660054 0.503799
0.649586 0.551164
0.646931 0.578875
0.658986 0.693594
0.662069 0.724143
0.65511 0.758293
0.649251 0.815455
0.659719 0.84518
0.662587 0.910245
0.650044 0.9447
0.676046 0.027955
0.6704 0.0737327
0.674245 0.132756
0.680746 0.214759
0.683126 0.27543
0.673238 0.388989
0.664937 0.448073
0.680624 0.53972
0.673116 0.567492
0.673849 0.604907
0.681387 0.642628
0.674276 0.668905
0.671896 0.789178
0.681112 0.821924
0.667653 0.88345
0.68273 0.939116
0.681387 0.968017
0.672842 0.998596
0.699393 0.0549944
0.701132 0.0858791
0.683706 0.106815
0.688406 0.160985
0.694449 0.187597
0.700034 0.3184
0.684896 0.346171
0.69985 0.369488
0.695669 0.406445
0.689505 0.433241
0.695639 0.459395
0.690329 0.508164
0.700522 0.571062
0.690664 0.698233
0.686605 0.754845
0.700247 0.784143
0.687796 0.859981
0.689413 0.902493
0.70394 0.0167547
0.706168 0.122501
0.716849 0.16303
0.70632 0.224372
0.711386 0.252724
0.712271 0.288491
0.715262 0.493454
0.707999 0.544816
0.72045 0.615741
0.708518 0.640309
0.714896 0.668386
0.720511 0.705588
0.711753 0.731132
0.715842 0.759667
0.711264 0.814447
0.720725 0.84228
0.710624 0.879269
0.710135 0.928526
0.705313 0.987548
0.736839 0.000671407
0.730461 0.0325938
0.73162 0.113102
0.725242 0.189703
0.733726 0.225623
0.73571 0.270272
0.737724 0.303232
0.723075 0.338878
0.729362 0.381603
0.722831 0.458296
0.721885 0.519974
0.732353 0.578021
0.736991 0.651326
0.737083 0.743095
0.730399 0.791681
0.73928 0.865749
0.726188 0.901791
0.721458 0.965056
0.73336 0.99469
0.747093 0.0537431
0.741813 0.0806299
0.744285 0.149113
0.75573 0.331523
0.745354 0.356304
0.757134 0.380627
0.743828 0.405408
0.742088 0.433546
0.750328 0.497482
0.75042 0.542619
0.753868 0.629841
0.744896 0.691092
0.755211 0.806482
0.758141 0.842586
0.751274 0.912015
0.752586 0.941984
0.764855 0.00558489
0.764916 0.0325632
0.769036 0.0704672
0.769677 0.118748
0.76339 0.170598
0.765862 0.211646
0.761498 0.23957
0.764367 0.270791
0.767815 0.300638
0.773919 0.352947
0.777337 0.413831
0.767968 0.442763
0.764885 0.471389
0.767846 0.570788
0.763298 0.658132
0.772362 0.683554
0.763848 0.713614
0.766045 0.761528
0.768395 0.875393
0.777917 0.906613
0.76754 0.970214
0.76046 0.998047
0.793145 0.0381176
0.785272 0.0952483
0.792779 0.142766
0.789422 0.183691
0.7893 0.245125
0.791223 0.285775
0.787744 0.324534
0.787988 0.386578
0.786828 0.497787
0.786767 0.525834
0.779076 0.615741
0.786859 0.738212
0.795953 0.765557
0.785577 0.790765
0.781671 0.820154
0.796197 0.843654
0.78045 0.934263
0.795343 0.993164
0.797479 0.00885037
0.814081 0.0666219
0.815638 0.194281
0.798975 0.216742
0.815912 0.241432
0.806909 0.343944
0.807215 0.40968
0.799127 0.436476
0.81164 0.474532
0.814417 0.505325
0.802972 0.556932
0.806421 0.620899
0.805811 0.649342
0.804926 0.684225
0.812952 0.789758
0.814142 0.821314
0.797845 0.88522
0.808069 0.916562
0.81048 0.950743
0.83459 0.00476089
0.829188 0.0372936
0.819208 0.0958586
0.818628 0.126438
0.81811 0.157414
0.816401 0.272195
0.818171 0.299356
0.820582 0.385174
0.831965 0.42143
0.817774 0.532884
0.832972 0.566393
0.816675 0.590533
0.825465 0.71688
0.824396 0.754418
0.82519 0.84579
0.832423 0.932218
0.818232 0.976653
0.843318 0.062624
0.842097 0.141209
0.842067 0.175268
0.84817 0.206275
0.846156 0.237861
0.835414 0.319956
0.837703 0.349773
0.847438 0.379955
0.841975 0.450972
0.83932 0.486465
0.841975 0.51915
0.835322 0.622211
0.838771 0.67394
0.851192 0.707785
0.850429 0.736228
0.838893 0.779565
0.848872 0.805261
0.852199 0.841487
0.836085 0.879696
0.841151 0.906095
0.837153 0.998566
0.859004 0.0310373
0.867733 0.0829798
0.85989 0.114322
0.872341 0.177526
0.857082 0.270333
0.85638 0.301157
0.86346 0.339396
0.856868 0.405835
0.871578 0.428419
0.870205 0.470107
0.865993 0.501724
0.866878 0.553819
0.859462 0.580096
0.865474 0.616352
0.86346 0.649068
0.866848 0.776025
0.865932 0.891507
0.856532 0.965148
0.871212 0.997345
0.874538 0.00396741
0.878719 0.0573138
0.884457 0.145695
0.877224 0.206275
0.873928 0.243019
0.885647 0.295236
0.874538 0.370861
0.884884 0.397137
0.891507 0.588427
0.888516 0.633778
0.875607 0.679983
0.88049 0.707602
0.874935 0.748253
0.873928 0.817316
0.87814 0.863491
0.876156 0.927366
0.904843 0.00640889
0.910092 0.0879849
0.903073 0.198126
0.908811 0.228156
0.901273 0.320902
0.899503 0.352519
0.910306 0.383312
0.907163 0.414075
0.90051 0.481185
0.907285 0.527726
0.900235 0.667165
0.907468 0.705832
0.909421 0.740196
0.900327 0.770989
0.896512 0.800439
0.896206 0.88876
0.901456 0.952696
0.893979 0.979888
0.913144 0.0556658
0.913083 0.116214
0.912076 0.151921
0.913907 0.264382
0.926084 0.357433
0.929502 0.431013
0.928495 0.459487
0.928159 0.50499
0.917264 0.570757
0.91467 0.614704
0.925199 0.651418
0.927488 0.766991
0.917142 0.820917
0.916227 0.864406
0.928343 0.891079
0.917173 0.920164
0.926756 0.964629
0.923765 0.999176
0.935881 0.00155644
0.935606 0.0366832
0.94174 0.0707419
0.938231 0.100223
0.93939 0.142247
0.932737 0.177038
0.933622 0.210761
0.948912 0.245552
0.932432 0.288949
0.937956 0.3249
0.94055 0.543718
0.947356 0.613361
0.932768 0.689169
0.938169 0.721122
0.93939 0.792657
0.934507 0.843959
0.94406 0.869259
0.945097 0.942076
0.96646 0.004944
0.966002 0.0323496
0.964965 0.0927152
0.966582 0.12363
0.964629 0.167302
0.955199 0.193365
0.967284 0.222114
0.964232 0.295602
0.964019 0.332957
0.963805 0.363689
0.950774 0.394818
0.958922 0.432295
0.954131 0.468947
0.956694 0.504318
0.954985 0.567003
0.967345 0.682455
0.96527 0.721274
0.952208 0.752159
0.961974 0.77749
0.952544 0.822382
0.963164 0.848476
0.951842 0.904813
0.966796 0.967833
0.952818 0.993042
0.972228 0.0640889
0.971526 0.268899
0.984191 0.401196
0.979644 0.452864
0.968413 0.533891
0.973235 0.599902
0.970275 0.627369
0.981323 0.657399
0.973571 0.803583
0.97351 0.880306
0.970031 0.929441
0.997009 0.000335704
0.994293 0.0380261
0.997345 0.0836512
0.997955 0.111789
0.991333 0.15009
0.999054 0.188116
0.999634 0.220161
0.99295 0.248787
0.994263 0.287576
0.987945 0.3155
0.999176 0.348277
0.9935 0.374767
0.99649 0.427137
0.997101 0.479019
0.989807 0.511582
0.997406 0.539171
0.997284 0.581774
0.999664 0.637471
0.996674 0.691031
0.995636 0.720817
0.997772 0.755913
0.998505 0.789239
0.988678 0.826991
0.999268 0.852535
0.998932 0.889645
0.996704 0.940245
0.996185 0.96997
0.989105 0.996185
1.03913 0.432065
1.04072 0.820382
1.04594 0.313943
1.05376 0.508808
