1247
0.00250252 0.00360118
0.00152593 0.0544755
0.00234993 0.10004
0.00665304 0.127873
0.00665304 0.156621
9.15555e-05 0.186956
0.0162969 0.211493
0.00729392 0.238136
0.00622578 0.27543
0.00485244 0.307993
0.003296 0.344615
0.00579852 0.37965
0.000701926 0.444716
0.00512711 0.538957
0.00189215 0.587146
0.000518815 0.62804
0.00512711 0.690512
0.00582904 0.736686
0.0120853 0.764153
0.00479141 0.795282
0.00717185 0.825221
0.00225837 0.879818
0.0187384 0.907743
0.0112003 0.933714
0.011475 0.961455
0.0127262 0.994537
0.0367748 9.15555e-05
0.027253 0.0369274
0.0210578 0.075106
0.0373975 0.0907192
0.0317392 0.108432
0.0327078 0.135588
0.0373037 0.170191
0.028779 0.180853
0.0377867 0.197054
0.0352489 0.235725
0.0303964 0.298593
0.0267647 0.326914
0.032899 0.358287
0.024416 0.369517
0.0312204 0.400098
0.0358287 0.428083
0.0326243 0.461226
0.0295724 0.502701
0.0303049 0.556413
0.0210273 0.60802
0.0226753 0.65154
0.0343638 0.687948
0.0226447 0.713218
0.0331126 0.833644
0.0249947 0.863979
0.0375072 0.970183
0.0508169 0.0233699
0.0561541 0.0505081
0.0512406 0.0798975
0.0455754 0.131227
0.0522331 0.170754
0.0464797 0.208686
0.0460707 0.227367
0.0488371 0.234812
0.0490127 0.274026
0.041081 0.369085
0.0538346 0.489853
0.0396741 0.530595
0.0417778 0.534994
0.0467763 0.553854
0.0477309 0.583178
0.0478225 0.627522
0.0548418 0.660634
0.0551073 0.701298
0.0498672 0.710654
0.045381 0.73867
0.0410169 0.77047
0.0439161 0.803003
0.0559099 0.87344
0.0553301 0.915555
0.0449538 0.943175
0.0525834 0.997955
0.0684225 0.00265511
0.0705337 0.100975
0.0584429 0.126865
0.0727256 0.154851
0.0569475 0.183386
0.0588743 0.191732
0.0596998 0.248562
0.0628376 0.300058
0.0661641 0.330912
0.0607013 0.367016
0.0718101 0.39491
0.0627461 0.434431
0.0688966 0.452678
0.073397 0.467055
0.0757775 0.517502
0.0628376 0.545793
0.0735801 0.606189
0.0680486 0.694725
0.0725874 0.745417
0.0668661 0.783197
0.0578396 0.81366
0.0575274 0.845119
0.0714497 0.907129
0.0685406 0.920528
0.0577665 0.940189
0.074984 0.95291
0.075729 0.981551
0.088229 0.0293893
0.0823389 0.0749535
0.094058 0.132786
0.0862148 0.18717
0.0842006 0.217536
0.0871303 0.245369
0.0790735 0.274636
0.0936918 0.329966
0.089114 0.368633
0.0899686 0.42027
0.0777976 0.44224
0.077047 0.45678
0.0928445 0.549987
0.0908536 0.563341
0.0873135 0.631977
0.085696 0.659505
0.0792871 0.691519
0.0810266 0.734733
0.0837123 0.761681
0.093631 0.787004
0.0846927 0.801849
0.0918912 0.842677
0.0796228 0.901639
0.0867336 0.989715
0.0993683 0.00021363
0.106479 0.0540178
0.108624 0.0884907
0.106479 0.106418
0.0959767 0.115069
0.11005 0.155431
0.112992 0.201832
0.107639 0.301004
0.113468 0.352855
0.109745 0.399213
0.10062 0.446852
0.104007 0.48027
0.110874 0.514908
0.107364 0.591021
0.109409 0.672628
0.0964385 0.712729
0.113681 0.734855
0.105478 0.745548
0.112644 0.767785
0.0952483 0.81399
0.0983917 0.88052
0.106906 0.912687
0.111118 0.946623
0.109987 0.983681
0.116184 0.0238044
0.118961 0.079104
0.128269 0.131901
0.126958 0.138768
0.123383 0.153301
0.114963 0.188513
0.114444 0.241859
0.13007 0.269997
0.126286 0.320811
0.120518 0.427808
0.131077 0.497208
0.114566 0.541856
0.124241 0.618122
0.132572 0.647847
0.11705 0.695105
0.128178 0.702689
0.117133 0.738001
0.129613 0.747497
0.122846 0.7988
0.116821 0.831054
0.121799 0.860591
0.128695 0.879433
0.118168 0.994781
0.139561 0.00360118
0.148717 0.0332041
0.138096 0.0594501
0.138002 0.0861917
0.144871 0.176916
0.136296 0.218848
0.144993 0.245277
0.139943 0.29628
0.139914 0.321156
0.14008 0.369335
0.13746 0.397014
0.148289 0.42262
0.146794 0.45204
0.136814 0.525986
0.151799 0.554002
0.138524 0.580096
0.137782 0.752096
0.133335 0.789209
0.143742 0.836695
0.149061 0.866508
0.137059 0.89169
0.142521 0.93527
0.135624 0.965514
0.148747 0.995544
0.170812 0.00216681
0.162816 0.0758995
0.164739 0.106906
0.168169 0.115163
0.158422 0.135105
0.159116 0.270668
0.167943 0.298349
0.161076 0.342149
0.166967 0.374737
0.160601 0.429361
0.159459 0.483596
0.157781 0.599628
0.167736 0.624221
0.154698 0.628071
0.170171 0.667135
0.153813 0.69042
0.156529 0.729148
0.157414 0.777337
0.165685 0.804895
0.161898 0.859796
0.170508 0.882761
0.169927 0.909665
0.182953 0.00849289
0.176611 0.0331736
0.186773 0.058504
0.18922 0.110358
0.182475 0.149434
0.17246 0.162633
0.171728 0.209937
0.182257 0.253365
0.189123 0.281594
0.187536 0.316965
0.171392 0.342112
0.174474 0.406659
0.173467 0.434065
0.188787 0.47029
0.172521 0.509384
0.174139 0.538346
0.176519 0.575732
0.181799 0.641316
0.182317 0.673035
0.174566 0.708762
0.170965 0.753197
0.174993 0.856227
0.179822 0.897124
0.176608 0.912636
0.179998 0.954283
0.175909 0.981841
0.20838 0.0387585
0.19602 0.0985443
0.191961 0.129917
0.2013 0.155614
0.191443 0.182379
0.20011 0.223884
0.199664 0.273229
0.204759 0.316335
0.206183 0.347453
0.194189 0.37492
0.207068 0.400464
0.201178 0.499039
0.202124 0.560045
0.19425 0.596759
0.193718 0.619055
0.206214 0.629963
0.205237 0.657491
0.193392 0.690808
0.202551 0.704703
0.193762 0.730461
0.206183 0.759453
0.193854 0.793207
0.196478 0.830561
0.205786 0.867305
0.201819 0.914151
0.2219 0.00924711
0.223457 0.0793176
0.22013 0.132572
0.217353 0.190497
0.227546 0.23722
0.209943 0.259436
0.225135 0.283364
0.218543 0.3184
0.210185 0.331148
0.220557 0.424543
0.217536 0.456313
0.2266 0.485641
0.209265 0.529862
0.222663 0.584002
0.219347 0.636181
0.221442 0.680135
0.21621 0.702719
0.220527 0.800409
0.226478 0.844264
0.223975 0.892727
0.217475 0.937712
0.211005 0.966521
0.22721 0.996399
0.241066 0.0471816
0.228797 0.105808
0.242134 0.154607
0.24189 0.21363
0.238109 0.276723
0.238083 0.337524
0.230049 0.363659
0.238441 0.403974
0.233039 0.55623
0.231483 0.61388
0.231666 0.642537
0.241962 0.695538
0.228278 0.728294
0.237312 0.770714
0.242775 0.924558
0.238472 0.971252
0.257698 0.00933866
0.252449 0.0777001
0.254768 0.128391
0.257973 0.184362
0.254067 0.244026
0.25074 0.271706
0.264412 0.294961
0.257991 0.311298
0.26194 0.324168
0.260567 0.360027
0.257729 0.432234
0.262825 0.465194
0.254463 0.521104
0.259377 0.563341
0.248299 0.5927
0.261269 0.63509
0.249825 0.681661
0.256386 0.708487
0.260567 0.747703
0.249519 0.795862
0.253182 0.835292
0.255501 0.866726
0.255348 0.894559
0.256447 0.948607
0.272408 0.0444044
0.273995 0.100131
0.270089 0.152745
0.283242 0.221198
0.279183 0.271004
0.283853 0.344676
0.276162 0.385662
0.273141 0.493576
0.284463 0.582873
0.27204 0.608615
0.275887 0.660268
0.278878 0.690756
0.280068 0.725761
0.277352 0.766188
0.273934 0.783258
0.284158 0.901425
0.284494 0.937254
0.277596 0.965423
0.278542 0.992431
0.290078 0.00534074
0.303476 0.0324717
0.289621 0.0661946
0.302866 0.092288
0.285195 0.125431
0.297708 0.163701
0.287088 0.190313
0.294224 0.247101
0.289956 0.308786
0.299724 0.365439
0.28489 0.419752
0.289651 0.453597
0.300729 0.479263
0.289193 0.52382
0.289163 0.634175
0.30314 0.67861
0.29004 0.683366
0.287545 0.754753
0.285958 0.810022
0.288278 0.837245
0.287667 0.864376
0.313486 0.140172
0.314707 0.209967
0.308878 0.236396
0.30738 0.250133
0.322611 0.285867
0.322153 0.313944
0.31138 0.354472
0.304758 0.391491
0.31782 0.431654
0.310007 0.504471
0.306711 0.560076
0.308023 0.596698
0.314554 0.649342
0.308298 0.732719
0.31722 0.772625
0.304392 0.785272
0.317728 0.815516
0.319437 0.847499
0.315989 0.884915
0.311655 0.913724
0.32017 0.966246
0.31428 0.999206
0.323514 0.00570311
0.331095 0.0382702
0.331889 0.0760521
0.323801 0.11301
0.326975 0.177068
0.330302 0.258858
0.33634 0.371188
0.332316 0.39201
0.327342 0.457839
0.330393 0.539842
0.328562 0.577959
0.328043 0.616962
0.323038 0.704245
0.330393 0.765526
0.336863 0.794549
0.325601 0.803235
0.327076 0.882889
0.326212 0.937651
0.34138 0.986938
0.350565 0.0567606
0.343901 0.131143
0.347331 0.157994
0.350322 0.20716
0.35255 0.239235
0.343089 0.334849
0.347667 0.361736
0.356958 0.428531
0.34669 0.4373
0.343303 0.497757
0.359264 0.526627
0.343444 0.58791
0.349773 0.638325
0.347819 0.679983
0.352794 0.720145
0.354625 0.753166
0.35081 0.81872
0.349742 0.874691
0.350047 0.904111
0.34785 0.957335
0.361187 0.00140385
0.373547 0.0254524
0.377148 0.0529801
0.361644 0.0834071
0.368358 0.119541
0.375774 0.152989
0.367199 0.184149
0.368023 0.267495
0.361125 0.302622
0.371532 0.335765
0.363079 0.393078
0.373547 0.434675
0.364208 0.466597
0.377544 0.491928
0.366253 0.562944
0.369549 0.613147
0.372814 0.660024
0.373211 0.700491
0.367779 0.77752
0.374615 0.806146
0.36082 0.847133
0.378124 0.907041
0.362835 0.932096
0.373577 0.968474
0.366283 0.999115
0.392987 0.00228889
0.390552 0.0537404
0.398205 0.0735496
0.385117 0.0977363
0.397565 0.133732
0.385876 0.211982
0.38493 0.23957
0.387601 0.356742
0.384716 0.376995
0.393292 0.412702
0.393933 0.456801
0.391491 0.528459
0.395734 0.563005
0.386822 0.59032
0.390667 0.638752
0.389177 0.679936
0.389203 0.723014
0.387066 0.754295
0.395734 0.78457
0.390833 0.828717
0.38905 0.840815
0.379925 0.870357
0.389386 0.945708
0.413257 0.0183082
0.407788 0.0279244
0.398694 0.065913
0.410533 0.0793732
0.412641 0.110477
0.410901 0.182318
0.416547 0.24485
0.40667 0.255342
0.399518 0.277016
0.400159 0.306497
0.399854 0.350261
0.410169 0.387341
0.41272 0.430279
0.410352 0.481918
0.411481 0.510086
0.405255 0.612445
0.39964 0.666829
0.40434 0.696829
0.417188 0.745354
0.401654 0.81225
0.417005 0.850062
0.405988 0.881954
0.415906 0.909329
0.409177 0.965565
0.409894 0.993591
0.421491 0.00448622
0.419032 0.0432589
0.430158 0.0603656
0.432691 0.154485
0.427404 0.184015
0.432569 0.216895
0.428449 0.285775
0.419137 0.317571
0.428816 0.352062
0.420426 0.37009
0.423109 0.419874
0.428907 0.461104
0.432659 0.528891
0.420545 0.549821
0.417829 0.582751
0.418134 0.636799
0.426889 0.662901
0.432569 0.68984
0.431501 0.720878
0.430311 0.772698
0.428968 0.811335
0.436079 0.872646
0.420148 0.938963
0.443464 0.0229804
0.44969 0.0803247
0.437757 0.120182
0.446364 0.245399
0.438695 0.256887
0.447798 0.387585
0.454268 0.429487
0.438948 0.487747
0.450553 0.508888
0.443373 0.516251
0.444868 0.569536
0.453688 0.669942
0.443973 0.698673
0.445021 0.746025
0.444017 0.771561
0.453627 0.795679
0.455458 0.839045
0.445723 0.911924
0.452071 0.941313
0.437208 0.965087
0.460982 0.00228889
0.471084 0.0294198
0.46025 0.054445
0.46263 0.109134
0.468886 0.137913
0.46852 0.180151
0.460463 0.209113
0.462111 0.284738
0.455794 0.329447
0.471786 0.375164
0.456435 0.46263
0.467879 0.489578
0.46274 0.502691
0.45851 0.543138
0.471766 0.566712
0.457289 0.607929
0.456099 0.641407
0.472458 0.690201
0.456618 0.703635
0.473721 0.745719
0.469802 0.776141
0.457359 0.782245
0.474441 0.814661
0.473251 0.867702
0.459772 0.899936
0.465181 0.945084
0.473312 0.973937
0.460036 0.999847
0.491195 0.00604266
0.48851 0.0903043
0.489151 0.162389
0.486496 0.228339
0.485763 0.266823
0.480026 0.30958
0.48497 0.341288
0.475082 0.408185
0.490036 0.440138
0.483047 0.466353
0.474733 0.477291
0.485458 0.519974
0.486434 0.589434
0.485244 0.620594
0.483901 0.650075
0.484573 0.682241
0.478072 0.732292
0.486801 0.758019
0.481185 0.784783
0.490371 0.846675
0.476608 0.894925
0.475173 0.92175
0.475861 0.934327
0.489293 0.95658
0.499435 0.0350658
0.509445 0.0613422
0.493973 0.119602
0.49617 0.188818
0.5103 0.291971
0.50726 0.321573
0.495391 0.330065
0.497425 0.345493
0.506882 0.382824
0.505417 0.41615
0.494526 0.426756
0.498952 0.451418
0.49733 0.489456
0.497116 0.556444
0.512261 0.625662
0.509262 0.662587
0.499191 0.706015
0.50849 0.758807
0.500076 0.805658
0.510453 0.891354
0.512253 0.939634
0.499161 0.96643
0.496475 0.996399
0.526444 0.00643941
0.526893 0.0805797
0.518113 0.0960418
0.513077 0.14835
0.526505 0.179876
0.517747 0.20954
0.520066 0.253975
0.528275 0.349162
0.528825 0.443007
0.514387 0.466745
0.526902 0.479537
0.526566 0.517228
0.528192 0.557525
0.514359 0.59859
0.525497 0.622144
0.530625 0.699942
0.518326 0.725547
0.515732 0.770501
0.525241 0.7958
0.514176 0.861537
0.529675 0.898723
0.527726 0.912992
0.52586 0.962879
0.528642 0.99472
0.533586 0.0397351
0.538377 0.0734581
0.5468 0.100467
0.538591 0.128544
0.548082 0.156896
0.541917 0.222297
0.547672 0.253371
0.547746 0.280984
0.533891 0.317545
0.538469 0.376629
0.541093 0.410108
0.541003 0.449917
0.550401 0.465865
0.539994 0.544023
0.533921 0.570238
0.538713 0.618183
0.531999 0.644795
0.542159 0.659013
0.542589 0.673025
0.531885 0.748881
0.536183 0.785384
0.532609 0.826838
0.560442 0.0372631
0.567609 0.174346
0.555437 0.196966
0.564898 0.308634
0.568407 0.345317
0.565325 0.376171
0.555223 0.436537
0.564241 0.486997
0.559984 0.504471
0.567793 0.550274
0.564348 0.569231
0.554582 0.595935
0.565088 0.622064
0.566485 0.658162
0.561663 0.702658
0.557939 0.741844
0.551927 0.800073
0.559709 0.830073
0.552507 0.859951
0.56035 0.886563
0.553301 0.924314
0.552446 0.967193
0.555742 0.997742
0.570025 0.00955229
0.575884 0.0611896
0.572375 0.088992
0.575823 0.129795
0.576373 0.16007
0.581317 0.206824
0.571337 0.239143
0.578173 0.268044
0.57091 0.413129
0.585925 0.4391
0.576373 0.478164
0.580889 0.547319
0.569606 0.559636
0.577868 0.61742
0.584528 0.678018
0.570844 0.73753
0.585803 0.749931
0.576098 0.783532
0.572946 0.833558
0.580523 0.863826
0.574999 0.950041
0.603351 0.00628681
0.596603 0.0232667
0.599383 0.0438246
0.590743 0.0690062
0.592334 0.107669
0.607318 0.13303
0.602771 0.170873
0.602679 0.254921
0.594317 0.290475
0.595569 0.322245
0.596057 0.350322
0.591968 0.38255
0.597644 0.410169
0.606864 0.487657
0.58858 0.51384
0.604602 0.570177
0.590625 0.59331
0.593982 0.638997
0.603656 0.648574
0.600699 0.67623
0.604633 0.68395
0.590075 0.706748
0.588763 0.810602
0.592835 0.819836
0.591479 0.888394
0.603052 0.895768
0.596301 0.92288
0.588595 0.94832
0.593371 0.969787
0.590106 0.999908
0.623035 0.0249336
0.624188 0.154252
0.624012 0.188971
0.609607 0.212561
0.621823 0.280675
0.623035 0.30195
0.618183 0.373608
0.624073 0.41493
0.61861 0.457961
0.619456 0.492466
0.611133 0.529557
0.612232 0.610614
0.621479 0.642231
0.624989 0.705954
0.610889 0.735221
0.613361 0.767937
0.620411 0.79519
0.611072 0.825648
0.613819 0.86053
0.620441 0.887356
0.623341 0.929166
0.613691 0.940025
0.621937 0.965606
0.620075 0.999115
0.630757 0.051973
0.628071 0.0847499
0.644675 0.113381
0.632099 0.119755
0.631172 0.242442
0.629902 0.256325
0.628101 0.344615
0.639485 0.438917
0.636616 0.484237
0.628774 0.509276
0.639302 0.52324
0.628407 0.587176
0.638264 0.618335
0.638142 0.669362
0.641814 0.728673
0.640065 0.75689
0.642445 0.839076
0.642048 0.904202
0.634766 0.932706
0.662923 0.00061037
0.663259 0.0365307
0.65511 0.0788903
0.648152 0.141575
0.648457 0.173528
0.651906 0.208594
0.656453 0.235908
0.658437 0.266121
0.651357 0.321604
0.657918 0.36314
0.65566 0.399121
0.656453 0.465621
0.658589 0.501999
0.647053 0.553301
0.655171 0.703757
0.645955 0.784173
0.648946 0.811029
0.651631 0.868954
0.660185 0.885309
0.653554 0.929594
0.64584 0.940809
0.651601 0.956633
0.647725 0.987701
0.671168 0.0365656
0.679708 0.0943022
0.677419 0.126713
0.670729 0.18904
0.680471 0.219764
0.667776 0.298715
0.678701 0.341746
0.683248 0.372143
0.682424 0.401807
0.667898 0.426435
0.676147 0.519082
0.679128 0.53798
0.668111 0.599963
0.670766 0.651234
0.671102 0.680868
0.667586 0.698596
0.677541 0.728538
0.676229 0.760887
0.67513 0.791009
0.679281 0.822108
0.671255 0.849483
0.682577 0.876492
0.669301 0.900266
0.6751 0.977844
0.699698 0.00158696
0.690847 0.0351268
0.684356 0.0393939
0.685415 0.0663167
0.686026 0.165593
0.696493 0.197577
0.695486 0.242225
0.687185 0.277291
0.698386 0.309214
0.692648 0.442732
0.692009 0.481785
0.68628 0.510045
0.687674 0.568346
0.687643 0.621052
0.697958 0.673421
0.699484 0.711966
0.700217 0.747795
0.699518 0.886634
0.699179 0.919156
0.683493 0.943327
0.717338 0.023896
0.713962 0.0527904
0.708182 0.0813013
0.710837 0.117405
0.705863 0.144688
0.712271 0.341441
0.712058 0.37138
0.712424 0.399029
0.718619 0.431989
0.721091 0.501175
0.717154 0.531877
0.718314 0.573626
0.703635 0.597461
0.717826 0.64977
0.720397 0.682184
0.715573 0.728878
0.719718 0.782464
0.712424 0.820276
0.702597 0.851253
0.711295 0.894498
0.718162 0.945341
0.711753 0.982299
0.740074 0.000305185
0.731758 0.0566245
0.73928 0.065096
0.738426 0.11066
0.737541 0.141545
0.722587 0.166204
0.72393 0.215278
0.734941 0.244039
0.722526 0.266213
0.724723 0.294504
0.73925 0.345164
0.738731 0.381512
0.740183 0.421925
0.730623 0.43828
0.732932 0.470962
0.728169 0.477302
0.7338 0.49545
0.731128 0.532621
0.737228 0.55221
0.729575 0.624439
0.73925 0.709189
0.726402 0.738273
0.723289 0.870174
0.739311 0.971374
0.749504 0.0365307
0.741783 0.188665
0.751823 0.219031
0.747551 0.248878
0.758507 0.284127
0.754631 0.311319
0.745109 0.420362
0.75092 0.455467
0.74984 0.505783
0.758653 0.535121
0.741081 0.588916
0.749321 0.654683
0.757286 0.730796
0.742637 0.761071
0.750594 0.792544
0.741447 0.802698
0.747429 0.830866
0.753288 0.896023
0.744499 0.922483
0.747981 0.976034
0.748405 0.999206
0.769372 0.00875881
0.774987 0.0466933
0.762871 0.0875576
0.773553 0.125706
0.772839 0.148447
0.769555 0.152745
0.771935 0.191778
0.777001 0.242409
0.760155 0.363964
0.776849 0.394879
0.759344 0.412734
0.768975 0.438215
0.760033 0.465346
0.774132 0.493484
0.776879 0.523515
0.765801 0.552202
0.777154 0.593982
0.763512 0.619251
0.777276 0.653096
0.761406 0.691
0.773064 0.801233
0.776452 0.833644
0.760491 0.855281
0.777123 0.881039
0.764061 0.944182
0.766117 0.978017
0.797113 0.00387585
0.790887 0.0820643
0.792663 0.0954013
0.782741 0.13588
0.792413 0.173467
0.78327 0.216213
0.7892 0.228368
0.792718 0.267464
0.795556 0.296457
0.79381 0.317626
0.780023 0.339061
0.789178 0.365825
0.780773 0.383276
0.786784 0.462356
0.790544 0.501667
0.794824 0.544298
0.790768 0.660523
0.785634 0.678869
0.782342 0.717673
0.790704 0.745598
0.785119 0.77224
0.783624 0.920377
0.791589 0.967345
0.784201 0.979929
0.812952 0.0270089
0.801386 0.0529191
0.810019 0.063643
0.805798 0.0938415
0.809487 0.111595
0.810144 0.130589
0.810144 0.218024
0.806116 0.323038
0.807866 0.39055
0.80166 0.421247
0.810663 0.449934
0.805078 0.482101
0.803034 0.511093
0.80285 0.582354
0.804895 0.61095
0.801965 0.638234
0.798444 0.649311
0.804041 0.698752
0.812799 0.725059
0.81521 0.788385
0.805048 0.818049
0.807367 0.854976
0.816028 0.879803
0.802698 0.901273
0.802131 0.929318
0.812754 0.960978
0.805322 0.998749
0.828333 0.00357067
0.826582 0.0255233
0.831629 0.0500809
0.818842 0.101901
0.817255 0.15656
0.833827 0.188238
0.819391 0.257515
0.829737 0.286355
0.828425 0.324275
0.817896 0.360881
0.834712 0.41792
0.834651 0.508316
0.821739 0.534057
0.823633 0.562792
0.830836 0.589068
0.831507 0.617512
0.830012 0.651051
0.824976 0.677847
0.831477 0.70397
0.819269 0.757347
0.833338 0.819483
0.828394 0.88583
0.820246 0.969817
0.836134 0.0147038
0.841583 0.0286323
0.843083 0.0425517
0.844914 0.0697508
0.844691 0.0892056
0.844295 0.126713
0.853948 0.162581
0.839161 0.181696
0.835812 0.195191
0.847896 0.215522
0.84872 0.249275
0.84991 0.306558
0.835841 0.335948
0.83578 0.390637
0.84922 0.451497
0.852077 0.472945
0.852748 0.551347
0.852399 0.717296
0.839747 0.739402
0.850459 0.773125
0.852388 0.800178
0.853517 0.85286
0.842372 0.861995
0.843662 0.907724
0.838435 0.92526
0.849016 0.961595
0.835505 0.998657
0.855281 0.00112918
0.856034 0.0484386
0.856288 0.0623798
0.858311 0.0861176
0.869594 0.0995819
0.872133 0.127311
0.866787 0.154637
0.863931 0.171576
0.869839 0.192084
0.856166 0.276711
0.868106 0.286872
0.868709 0.326945
0.856929 0.357036
0.86346 0.408429
0.855922 0.44557
0.861099 0.458059
0.864772 0.497543
0.859737 0.586291
0.859096 0.622883
0.856319 0.68511
0.869868 0.705215
0.864803 0.728141
0.872738 0.851436
0.855218 0.866333
0.855403 0.89465
0.859279 0.970611
0.864067 0.998769
0.882931 0.0281381
0.891354 0.0629597
0.882271 0.0819405
0.891381 0.131984
0.883573 0.135969
0.89114 0.173406
0.882381 0.202037
0.875912 0.22602
0.87991 0.259804
0.87991 0.293741
0.888272 0.354289
0.87814 0.380139
0.885774 0.425829
0.887295 0.454085
0.875275 0.456132
0.890377 0.482803
0.873562 0.524827
0.877143 0.564541
0.886898 0.590503
0.875149 0.646352
0.889218 0.670522
0.881436 0.696921
0.879147 0.760979
0.879238 0.79635
0.87347 0.822993
0.88873 0.896115
0.873837 0.918729
0.879086 0.949767
0.887051 0.981811
0.894162 0.00137333
0.90997 0.0251472
0.897732 0.0937223
0.906613 0.119572
0.894466 0.145068
0.900174 0.200323
0.895408 0.232277
0.904874 0.275887
0.894406 0.316416
0.907628 0.338491
0.90875 0.394726
0.905629 0.405951
0.906552 0.510392
0.895108 0.543413
0.904071 0.569236
0.89533 0.579588
0.892453 0.621357
0.898068 0.738151
0.906278 0.77813
0.90759 0.829066
0.894986 0.867428
0.908811 0.928343
0.904599 0.960784
0.927156 0.0445242
0.926328 0.0638752
0.922074 0.0876893
0.915278 0.131064
0.922971 0.143834
0.914879 0.161357
0.92349 0.17185
0.924662 0.236061
0.927671 0.249763
0.922117 0.304147
0.916105 0.351146
0.913999 0.423811
0.922269 0.466231
0.927723 0.476676
0.923526 0.593836
0.922269 0.614002
0.912625 0.639485
0.927 0.670431
0.911252 0.696036
0.925113 0.705182
0.926878 0.745262
0.919116 0.803284
0.92288 0.872982
0.917386 0.899442
0.946776 0.00561541
0.938688 0.0376293
0.934843 0.0921659
0.94058 0.119877
0.931928 0.137724
0.933653 0.196997
0.943205 0.224433
0.934873 0.280343
0.935331 0.32783
0.944121 0.358043
0.938566 0.387646
0.947539 0.414289
0.945769 0.442274
0.935681 0.463883
0.939482 0.487014
0.942949 0.51239
0.934263 0.515885
0.93994 0.549699
0.935026 0.586474
0.948546 0.623524
0.938841 0.783074
0.93325 0.807572
0.947874 0.841395
0.938871 0.91821
0.935453 0.984619
0.959044 0.0660726
0.967376 0.106967
0.95114 0.169713
0.963134 0.203375
0.966765 0.262429
0.966918 0.295053
0.967193 0.34199
0.962984 0.460487
0.953102 0.521414
0.966002 0.559465
0.965026 0.599445
0.963798 0.612927
0.952116 0.651387
0.958159 0.687216
0.958495 0.723533
0.957152 0.759148
0.96765 0.790368
0.957388 0.80063
0.949797 0.874874
0.962615 0.904538
0.949828 0.950377
0.965606 0.994873
0.986679 0.0142058
0.976684 0.0237739
0.971648 0.136692
0.98001 0.178564
0.981931 0.211736
0.968309 0.235169
0.971679 0.369335
0.972533 0.447676
0.975829 0.487869
0.983734 0.6433
0.98233 0.707389
0.977711 0.77644
0.972533 0.817774
0.973907 0.848598
0.969634 0.931883
0.984313 0.963317
0.999206 0.00277718
0.999695 0.0479446
0.987426 0.0730308
0.997406 0.0994903
0.998291 0.140904
0.999634 0.197455
0.99414 0.226325
0.995117 0.254585
0.990387 0.281808
0.993835 0.319468
0.995453 0.349223
0.989685 0.394421
0.998352 0.424787
0.999695 0.47264
0.989166 0.521897
0.990875 0.548875
0.996887 0.585742
0.993713 0.615711
0.991821 0.676901
0.99472 0.731712
0.988433 0.767235
0.999664 0.791742
0.991135 0.803663
0.996124 0.832179
0.996521 0.866909
0.994293 0.898892
0.999359 0.938627
0.988971 0.949973
0.99646 0.996551
