1019
0.0175176 0.0013123
0.00637837 0.0263375
0.00061037 0.0572222
0.00326548 0.0908536
0.00335704 0.121799
0.00231941 0.150151
0.00125126 0.181494
0.00259407 0.210242
0.0125736 0.237007
0.000732444 0.264321
0.00817896 0.295755
0.0069277 0.325175
0.00427259 0.354839
0.00985748 0.425397
0.00866726 0.453383
0.00515763 0.481216
0.00421155 0.522111
0.0159917 0.580493
0.000549333 0.602863
0.000793481 0.6339
0.000640889 0.661367
0.00436415 0.689932
0.0180975 0.725974
0.00109867 0.759423
0.00540178 0.787561
0.0100406 0.822169
0.00503555 0.852351
0.0102847 0.882443
0.00433363 0.916898
0.002472 0.951659
0.00238044 0.998779
0.0377209 0.0282601
0.0251167 0.0745872
0.0257576 0.105533
0.0287179 0.135716
0.0343638 0.168249
0.0328074 0.219306
0.0310373 0.269234
0.0332652 0.342051
0.021485 0.381359
0.0342112 0.442305
0.0322275 0.475478
0.0241401 0.50264
0.0248342 0.543994
0.0296945 0.650349
0.0320444 0.6845
0.0275887 0.76397
0.0344859 0.801172
0.0325343 0.864995
0.0293588 0.934934
0.0207831 0.971496
0.0445875 0.0549638
0.0455641 0.192999
0.0500809 0.250252
0.0395825 0.296335
0.0532853 0.321696
0.0445265 0.411084
0.0531022 0.554247
0.0460219 0.584735
0.0381176 0.62038
0.0433058 0.711203
0.0495926 0.740471
0.0454421 0.839839
0.0430006 0.905301
0.0482192 0.968688
0.0512406 0.995422
0.0638752 0.00796533
0.0709555 0.0414136
0.0661641 0.079989
0.0646382 0.107883
0.0574238 0.145637
0.0747703 0.170568
0.0658284 0.221442
0.0591754 0.349406
0.0693381 0.391308
0.0703146 0.430433
0.0711997 0.460128
0.0614643 0.493179
0.0587176 0.526353
0.0654012 0.604602
0.0646687 0.64864
0.0604572 0.678671
0.0699789 0.706656
0.0637837 0.765343
0.0623493 0.793909
0.0729697 0.827265
0.067568 0.880886
0.0719932 0.911496
0.0926847 0.0594806
0.0928678 0.0946684
0.0864284 0.128666
0.0813929 0.197821
0.0830409 0.246864
0.0787988 0.291299
0.0804163 0.320994
0.0871303 0.361248
0.0920743 0.408826
0.0942106 0.479354
0.0827662 0.546312
0.0811182 0.581011
0.0932646 0.60625
0.0902127 0.668081
0.0851772 0.743309
0.091464 0.794031
0.0893887 0.852535
0.0944853 0.878964
0.0812097 0.945952
0.0796838 0.97409
0.0999481 0.00210578
0.105991 0.033784
0.0968657 0.154027
0.108158 0.229163
0.110508 0.282937
0.101993 0.4391
0.0993683 0.511856
0.109928 0.552782
0.0979644 0.639973
0.111637 0.68627
0.0966521 0.711173
0.112033 0.733726
0.108585 0.760613
0.106632 0.823817
0.0993072 0.908811
0.106906 0.937559
0.108097 0.970336
0.113804 0.997406
0.129154 0.00439466
0.125828 0.0804468
0.113956 0.115146
0.130528 0.163671
0.119236 0.198523
0.127232 0.252541
0.114536 0.326823
0.114658 0.360973
0.11597 0.389782
0.123844 0.419874
0.129765 0.452803
0.123722 0.480941
0.122044 0.52681
0.130345 0.573656
0.124485 0.609058
0.128574 0.657826
0.119053 0.785882
0.130131 0.882168
0.128697 0.920255
0.144505 0.0441603
0.141148 0.117771
0.144108 0.211585
0.150761 0.283486
0.138737 0.30961
0.146184 0.545183
0.139836 0.632466
0.139592 0.683737
0.13358 0.711905
0.1442 0.744499
0.145695 0.772332
0.144444 0.805414
0.133091 0.854762
0.137791 0.957793
0.144169 0.986175
0.161046 0.00997955
0.162481 0.0999481
0.161626 0.143284
0.159703 0.188818
0.154729 0.252449
0.157353 0.3314
0.153294 0.366222
0.162084 0.393292
0.163213 0.423749
0.155004 0.481429
0.151952 0.514573
0.159001 0.570482
0.152135 0.599872
0.16657 0.643391
0.161687 0.701712
0.155065 0.834376
0.161931 0.8811
0.159856 0.913419
0.170782 0.966491
0.189032 0.0144963
0.171331 0.042024
0.174291 0.0708335
0.181158 0.122349
0.183752 0.171026
0.185369 0.199866
0.174871 0.229499
0.176946 0.274972
0.182531 0.320261
0.18186 0.362285
0.188574 0.412763
0.172216 0.45323
0.177953 0.49971
0.17716 0.527421
0.178838 0.590136
0.179408 0.619382
0.184912 0.665426
0.188147 0.694784
0.181829 0.722892
0.178075 0.755882
0.172704 0.784875
0.18421 0.81988
0.178442 0.859615
0.1713 0.938139
0.175787 0.996338
0.194708 0.0966216
0.19718 0.145695
0.192267 0.250893
0.196356 0.294015
0.206214 0.340739
0.204505 0.390881
0.196438 0.46824
0.202887 0.517624
0.197851 0.557878
0.20426 0.608264
0.208716 0.642445
0.200583 0.772192
0.192389 0.890286
0.195044 0.920835
0.197455 0.954802
0.207068 0.993561
0.213752 0.00369274
0.209387 0.0390637
0.214301 0.0771508
0.213538 0.1236
0.209815 0.188299
0.218024 0.223914
0.218787 0.278176
0.226478 0.313364
0.221595 0.367565
0.214759 0.447035
0.216681 0.488296
0.224189 0.53618
0.22721 0.587207
0.220374 0.667226
0.215583 0.7022
0.216895 0.736778
0.213477 0.796808
0.21172 0.823891
0.219337 0.84994
0.215949 0.877132
0.226661 0.909513
0.222541 0.937101
0.223182 0.96585
0.23484 0.0204779
0.237892 0.052797
0.233009 0.100162
0.229499 0.153264
0.239784 0.182318
0.241676 0.256935
0.24485 0.293771
0.239265 0.339396
0.23365 0.400525
0.236549 0.462722
0.237495 0.506668
0.230323 0.616047
0.238166 0.717551
0.229316 0.762993
0.239967 0.790918
0.24144 0.820685
0.243627 0.872536
0.238472 0.999451
0.261702 0.0256086
0.256813 0.0830714
0.251595 0.127323
0.265023 0.158727
0.265694 0.20838
0.251167 0.380047
0.265633 0.408612
0.255745 0.436781
0.264901 0.489853
0.250587 0.555437
0.257851 0.585528
0.258095 0.621906
0.256996 0.64919
0.250801 0.675619
0.262001 0.704184
0.252327 0.744377
0.259529 0.770745
0.25547 0.84698
0.261757 0.893948
0.254952 0.930937
0.253517 0.960082
0.282235 0.00668355
0.267525 0.0529191
0.279 0.126865
0.278512 0.182836
0.269082 0.236824
0.270943 0.269936
0.266976 0.312967
0.269539 0.35371
0.280496 0.385296
0.282571 0.429517
0.270791 0.462386
0.273202 0.518662
0.279031 0.564013
0.282632 0.640248
0.276101 0.728111
0.272744 0.803705
0.283914 0.862575
0.283578 0.915036
0.2725 0.980163
0.289041 0.0852077
0.293374 0.156896
0.295785 0.206488
0.297983 0.24781
0.287027 0.33137
0.30192 0.410047
0.2949 0.493759
0.293497 0.538835
0.286874 0.594562
0.30079 0.618335
0.285379 0.670247
0.303262 0.701529
0.289712 0.776605
0.284829 0.834956
0.293191 0.889004
0.285745 0.953154
0.302927 0.98413
0.309061 0.00228889
0.304086 0.0346385
0.310648 0.0663167
0.31138 0.113681
0.318339 0.144871
0.311716 0.181585
0.315043 0.225257
0.306864 0.287545
0.315134 0.31782
0.311869 0.353435
0.309519 0.384045
0.314493 0.4344
0.307688 0.465407
0.318613 0.526994
0.321818 0.560839
0.319315 0.590167
0.321879 0.649953
0.318339 0.679281
0.305155 0.741478
0.321512 0.790918
0.312723 0.816309
0.313852 0.856655
0.320017 0.901669
0.313639 0.941252
0.335795 0.034669
0.340678 0.0709555
0.33488 0.097232
0.338328 0.163427
0.33018 0.201788
0.330973 0.250069
0.337687 0.293069
0.338267 0.332163
0.333598 0.371807
0.340007 0.472884
0.328379 0.617298
0.330424 0.708975
0.335063 0.763085
0.332835 0.83755
0.340861 0.867763
0.329539 0.963683
0.33607 0.998993
0.345592 0.00460829
0.350352 0.135716
0.345439 0.405042
0.344096 0.434156
0.352916 0.496445
0.34727 0.524186
0.358745 0.571276
0.34843 0.596545
0.360302 0.623829
0.349864 0.652882
0.344676 0.736167
0.355883 0.796542
0.358623 0.824702
0.343486 0.92761
0.358074 0.961882
0.368419 0.0279244
0.362072 0.0540788
0.370464 0.110843
0.372112 0.17951
0.3614 0.213599
0.366619 0.252358
0.362011 0.281167
0.364422 0.312937
0.361309 0.347758
0.365062 0.37553
0.3755 0.436415
0.369579 0.464003
0.375896 0.514389
0.378491 0.548326
0.367229 0.67452
0.372967 0.714133
0.375317 0.743858
0.364849 0.769707
0.368358 0.85519
0.364757 0.899045
0.372387 0.933775
0.367656 0.991974
0.380901 0.00250252
0.389447 0.091525
0.394604 0.142979
0.391156 0.201453
0.3979 0.232978
0.388165 0.269326
0.391034 0.306681
0.386181 0.336344
0.393658 0.38255
0.382855 0.408643
0.397504 0.461196
0.386334 0.489456
0.392712 0.57741
0.38435 0.603473
0.392865 0.658467
0.391369 0.692709
0.397656 0.727409
0.392682 0.770104
0.383953 0.803186
0.389996 0.835993
0.389904 0.871975
0.404828 0.0162053
0.398663 0.0423902
0.411328 0.113163
0.403394 0.175085
0.417158 0.295724
0.404212 0.356316
0.411634 0.425428
0.403485 0.518784
0.416639 0.551714
0.413007 0.595538
0.406476 0.624256
0.415052 0.752403
0.408795 0.791711
0.417249 0.846736
0.404584 0.899869
0.414899 0.935423
0.403246 0.961411
0.399579 0.989654
0.432936 0.00189215
0.419721 0.0827052
0.427503 0.135105
0.43321 0.161657
0.430311 0.188391
0.420637 0.213904
0.426008 0.241188
0.418714 0.268136
0.422376 0.336467
0.430189 0.364422
0.420331 0.391705
0.433302 0.453719
0.418012 0.491928
0.420576 0.657613
0.422101 0.696036
0.425428 0.724479
0.428571 0.872066
0.430494 0.908139
0.431196 0.963713
0.426435 0.991638
0.44554 0.0270089
0.449904 0.0567339
0.439772 0.105502
0.449354 0.219855
0.446547 0.276009
0.448469 0.314554
0.446883 0.405286
0.445692 0.490341
0.449782 0.520341
0.445265 0.564745
0.441359 0.605853
0.451979 0.640492
0.445997 0.680685
0.448531 0.708029
0.440474 0.788324
0.436628 0.817713
0.450087 0.850246
0.453139 0.883877
0.46968 0.00701926
0.462905 0.084994
0.472457 0.120579
0.462844 0.160497
0.467696 0.194739
0.464431 0.246864
0.461684 0.340556
0.465285 0.375713
0.459822 0.431196
0.457869 0.466292
0.46791 0.579272
0.466842 0.617328
0.466201 0.734916
0.460097 0.764855
0.472976 0.820185
0.45909 0.913205
0.463973 0.944609
0.458693 0.982055
0.484725 0.0375683
0.484695 0.0652791
0.485855 0.145085
0.489364 0.177313
0.49263 0.214331
0.490219 0.282022
0.478713 0.312967
0.490463 0.365673
0.485153 0.40495
0.48619 0.464614
0.485855 0.512406
0.476943 0.544603
0.480392 0.644826
0.48558 0.67687
0.476865 0.703752
0.480239 0.789911
0.478591 0.85754
0.486343 0.900113
0.488601 0.933775
0.482864 0.967193
0.482131 0.996429
0.512284 0.00735496
0.494186 0.101291
0.501389 0.250679
0.51204 0.314127
0.494247 0.336253
0.503433 0.439985
0.498825 0.488784
0.508713 0.557298
0.502518 0.58562
0.506912 0.623798
0.506211 0.69805
0.494339 0.726463
0.498123 0.758415
0.509842 0.837703
0.510392 0.912198
0.512162 0.969787
0.51561 0.0347606
0.520646 0.0671102
0.531114 0.104587
0.514359 0.132969
0.515549 0.167363
0.513504 0.194739
0.521989 0.233406
0.517777 0.28312
0.52678 0.342448
0.516098 0.381695
0.515946 0.410413
0.522904 0.46849
0.524522 0.496628
0.516343 0.527421
0.528275 0.60567
0.513993 0.669301
0.528764 0.728782
0.519974 0.775445
0.515976 0.804712
0.512528 0.877316
0.521653 0.938993
0.538285 0.0175787
0.541337 0.140019
0.54622 0.194952
0.547469 0.22495
0.542985 0.254463
0.540452 0.315989
0.54265 0.364757
0.545488 0.412336
0.53621 0.441786
0.541063 0.542863
0.531846 0.571581
0.532029 0.639943
0.547807 0.664785
0.546556 0.756065
0.542039 0.793207
0.541307 0.820124
0.533189 0.857662
0.537126 0.88873
0.540818 0.968444
0.532823 0.998291
0.560991 0.000701926
0.565661 0.0445265
0.559709 0.077517
0.565538 0.112796
0.565996 0.15363
0.566088 0.386059
0.565935 0.434584
0.556688 0.460768
0.551134 0.487136
0.569109 0.563128
0.55501 0.591388
0.555376 0.619953
0.558702 0.693045
0.556841 0.723807
0.560472 0.843196
0.557482 0.870663
0.566393 0.910306
0.551164 0.933195
0.569872 0.180395
0.57149 0.212958
0.577105 0.255135
0.573748 0.282449
0.572893 0.321055
0.572192 0.357738
0.587451 0.415571
0.570818 0.53029
0.588031 0.624103
0.574816 0.649861
0.584399 0.722678
0.577898 0.757683
0.570086 0.798181
0.584613 0.864803
0.587359 0.938017
0.574297 0.970061
0.585437 0.999603
0.591998 0.00863674
0.593066 0.0504471
0.599109 0.0986969
0.596881 0.135746
0.596484 0.164678
0.599017 0.201483
0.600574 0.236824
0.600879 0.27427
0.601337 0.311228
0.598111 0.380838
0.601001 0.448744
0.589618 0.479659
0.597949 0.507675
0.606433 0.534867
0.598773 0.56624
0.597461 0.597308
0.606067 0.645527
0.59096 0.694845
0.607257 0.747764
0.602618 0.799188
0.594195 0.837306
0.590167 0.892758
0.607196 0.963347
0.613514 0.0727561
0.62505 0.212165
0.613788 0.33726
0.614154 0.405072
0.623188 0.616016
0.622669 0.673696
0.620075 0.723258
0.61391 0.864528
0.616016 0.910184
0.622517 0.999054
0.629871 0.0102542
0.638478 0.0401318
0.645222 0.0762047
0.633281 0.10197
0.637165 0.1301
0.629902 0.156957
0.643513 0.187139
0.637104 0.248573
0.632252 0.276345
0.644551 0.30311
0.630543 0.379894
0.629017 0.442457
0.639698 0.469802
0.633747 0.49797
0.632191 0.545335
0.632496 0.574572
0.634266 0.649129
0.638356 0.702597
0.635823 0.751701
0.632313 0.792322
0.642354 0.83816
0.641407 0.865902
0.633717 0.933897
0.63802 0.968352
0.661003 0.116652
0.660176 0.151769
0.661336 0.215064
0.662191 0.268227
0.651112 0.330943
0.649647 0.359233
0.656575 0.395917
0.656453 0.425733
0.658528 0.525681
0.657826 0.668355
0.65431 0.773243
0.655019 0.814325
0.645955 0.899289
0.662069 0.984832
0.676748 0.00143437
0.667714 0.0469069
0.679769 0.0762963
0.683309 0.132511
0.674825 0.189398
0.670949 0.312815
0.676687 0.34846
0.667837 0.456343
0.676656 0.48619
0.671529 0.550096
0.670461 0.585528
0.665334 0.616932
0.67983 0.684194
0.664937 0.711661
0.667837 0.740074
0.682211 0.76754
0.674154 0.793542
0.681265 0.846461
0.671346 0.87228
0.669058 0.915967
0.670614 0.943419
0.69683 0.0350393
0.692709 0.164037
0.68395 0.231727
0.693838 0.260506
0.690725 0.289346
0.697745 0.318186
0.692068 0.389416
0.68862 0.427198
0.698386 0.461989
0.686911 0.515244
0.699606 0.554033
0.701743 0.598437
0.686666 0.649739
0.692343 0.819025
0.689108 0.897153
0.700583 0.930265
0.690329 0.968047
0.687979 0.994995
0.707572 0.00381481
0.709037 0.0618
0.704428 0.101047
0.720389 0.137547
0.720634 0.176763
0.702597 0.206122
0.71926 0.236976
0.705741 0.343822
0.721244 0.530351
0.716086 0.57561
0.707358 0.624805
0.712638 0.659169
0.720023 0.691061
0.713523 0.721854
0.702963 0.750297
0.713828 0.781274
0.718558 0.809778
0.707419 0.869747
0.718436 0.896115
0.719657 0.94995
0.728233 0.0365917
0.729331 0.087344
0.730552 0.207678
0.723136 0.273232
0.728874 0.324412
0.724631 0.378124
0.721641 0.420026
0.732719 0.462447
0.722343 0.491745
0.736167 0.598529
0.734184 0.626728
0.740043 0.667501
0.721793 0.840602
0.734527 0.86705
0.722312 0.985168
0.741417 0.00921659
0.744835 0.0577105
0.758263 0.0982696
0.748863 0.12363
0.745964 0.231819
0.751427 0.269936
0.746696 0.298807
0.757316 0.325387
0.741325 0.349803
0.746757 0.404157
0.750511 0.438124
0.750694 0.519242
0.756859 0.546129
0.744652 0.723685
0.748826 0.750617
0.741783 0.788324
0.744652 0.81814
0.753716 0.847713
0.752159 0.893979
0.749077 0.93582
0.758629 0.966735
0.757866 0.999298
0.763207 0.0316477
0.77459 0.134526
0.761833 0.166082
0.762139 0.209479
0.774651 0.244331
0.775292 0.304788
0.769799 0.351146
0.760491 0.379009
0.775079 0.402905
0.761284 0.464675
0.76278 0.495102
0.759667 0.577105
0.761986 0.60744
0.759484 0.639698
0.767663 0.674795
0.766808 0.708426
0.777947 0.786645
0.778069 0.860988
0.770806 0.919156
0.787835 0.0138554
0.780847 0.0675069
0.787286 0.105808
0.788995 0.178442
0.791375 0.215949
0.790062 0.328342
0.790826 0.375408
0.781548 0.440168
0.788537 0.474136
0.788385 0.50502
0.788049 0.552904
0.791864 0.585223
0.789178 0.630818
0.790338 0.726096
0.781121 0.757042
0.790582 0.832514
0.783557 0.88802
0.781732 0.947081
0.78692 0.99762
0.815027 0.0155644
0.802148 0.0475173
0.808557 0.0865505
0.810633 0.119572
0.812555 0.146458
0.806909 0.240486
0.810236 0.273965
0.814508 0.307779
0.811792 0.345683
0.798913 0.415571
0.815363 0.458968
0.806367 0.527015
0.805658 0.608966
0.798334 0.659688
0.808893 0.690268
0.807215 0.764031
0.801491 0.801491
0.807001 0.863887
0.808863 0.916776
0.808985 0.946593
0.804865 0.976165
0.826716 0.059389
0.817347 0.173498
0.818232 0.211737
0.829432 0.369518
0.830042 0.401776
0.822077 0.499466
0.826289 0.562181
0.833766 0.616108
0.822504 0.643574
0.833003 0.671926
0.817133 0.722861
0.827937 0.79281
0.82107 0.830714
0.82635 0.886105
0.830317 0.965148
0.826502 0.998077
0.854183 0.00640889
0.843715 0.0352184
0.840968 0.0890835
0.848689 0.116642
0.843226 0.143132
0.840846 0.190527
0.852504 0.225745
0.845698 0.251808
0.843349 0.303354
0.838314 0.332528
0.842891 0.430982
0.837275 0.477004
0.85168 0.50267
0.83639 0.535569
0.836482 0.588488
0.850948 0.649922
0.850978 0.694937
0.851619 0.734794
0.838282 0.765801
0.848842 0.844935
0.839442 0.934782
0.851985 0.983459
0.856319 0.0618305
0.860042 0.164403
0.862941 0.276376
0.867916 0.327616
0.857356 0.352824
0.854457 0.380718
0.857997 0.407331
0.87286 0.434706
0.866634 0.475478
0.872982 0.532609
0.868069 0.559252
0.867855 0.594195
0.862575 0.623524
0.869564 0.755425
0.863216 0.789087
0.857326 0.816614
0.861202 0.888546
0.865535 0.958983
0.89053 0.0019837
0.873806 0.0348521
0.883358 0.0843532
0.881649 0.1171
0.889309 0.15067
0.880764 0.18894
0.877285 0.23896
0.884426 0.294351
0.886776 0.387707
0.879086 0.504196
0.88934 0.628956
0.885678 0.655873
0.87407 0.680925
0.888363 0.807764
0.88702 0.837947
0.879177 0.865444
0.878658 0.92407
0.87582 0.998413
0.907407 0.0652791
0.910428 0.111057
0.904111 0.224403
0.893094 0.263985
0.901303 0.315378
0.895077 0.360393
0.903531 0.415754
0.892947 0.453103
0.910031 0.474319
0.893155 0.56975
0.897671 0.602649
0.89465 0.699332
0.893551 0.740837
0.903989 0.7799
0.892331 0.899319
0.898221 0.944456
0.902554 0.989166
0.91171 0.0336924
0.916379 0.160009
0.919004 0.192175
0.923032 0.255684
0.91879 0.290201
0.926603 0.330515
0.922849 0.392804
0.927152 0.449965
0.91174 0.504013
0.914243 0.547197
0.926786 0.577654
0.91937 0.641774
0.911527 0.673544
0.91998 0.727073
0.919736 0.755974
0.928648 0.815973
0.91876 0.842128
0.928434 0.871883
0.923734 0.96643
0.92999 0.994324
0.937925 0.0134587
0.935911 0.0489517
0.931578 0.089114
0.94763 0.113437
0.942029 0.145172
0.936918 0.219275
0.930296 0.36436
0.935911 0.421644
0.936674 0.489517
0.933836 0.521928
0.933531 0.615223
0.942747 0.696799
0.945006 0.744621
0.940825 0.786248
0.941069 0.896939
0.931425 0.924345
0.965209 0.0101016
0.962518 0.0392972
0.967711 0.135899
0.955718 0.168798
0.967315 0.195471
0.966185 0.227027
0.964446 0.254189
0.954955 0.281991
0.953368 0.317637
0.955412 0.348979
0.963713 0.374859
0.960997 0.406323
0.960021 0.43376
0.963134 0.460494
0.962493 0.531999
0.950621 0.558611
0.959594 0.604511
0.954466 0.654958
0.966277 0.681387
0.964324 0.722404
0.966979 0.763146
0.959655 0.831874
0.957091 0.862301
0.958953 0.924345
0.954039 0.95645
0.959532 0.998932
0.970824 0.0674154
0.970466 0.0960905
0.98648 0.157018
0.970153 0.490188
0.972228 0.63274
0.969939 0.806116
0.978576 0.967467
0.995849 0.0117801
0.991363 0.0478225
0.999603 0.0780969
0.992431 0.12476
0.997467 0.181738
0.996948 0.208686
0.995819 0.240883
0.997833 0.280374
0.992553 0.312021
0.993866 0.354747
0.999847 0.386486
0.988876 0.413778
0.997375 0.441939
0.993683 0.473556
0.992798 0.518418
0.99881 0.544877
0.990783 0.582781
0.996155 0.612415
0.992492 0.652333
0.997345 0.685232
0.996612 0.712363
0.991516 0.739586
0.999603 0.784814
0.996185 0.815394
0.998444 0.851924
0.9906 0.885769
0.992248 0.917478
0.99414 0.945433
0.999115 0.987915
