1239
0.00631733 0.0162969
0.0153508 0.0419019
0.0135197 0.0826746
0.00268563 0.123569
0.00415052 0.164983
0.00433363 0.205267
0.00210578 0.255776
0.001648 0.324381
0.00564592 0.379131
0.0077517 0.417646
0.00357067 0.444288
0.0019837 0.480697
0.000274667 0.510544
0.00506607 0.558092
0.0103763 0.587848
0.00100711 0.62038
0.000488296 0.670125
0.00231941 0.702078
0.0167852 0.72924
0.00189215 0.752464
0.0138859 0.779778
0.00708029 0.821406
0.0072634 0.851192
0.00903348 0.894864
0.000518815 0.922239
0.00180059 0.952635
0.0142934 0.979399
0.00283822 0.988769
0.0340587 0.00390637
0.0282601 0.111576
0.0244758 0.146855
0.0365001 0.178991
0.0340281 0.209082
0.0215766 0.235908
0.0369579 0.259468
0.0242622 0.295267
0.0324717 0.329844
0.0208136 0.354808
0.0323355 0.38733
0.0308542 0.402509
0.0248726 0.465285
0.0297695 0.49726
0.0199677 0.532575
0.033784 0.564776
0.0314035 0.620197
0.0204779 0.646199
0.0298166 0.700888
0.0377092 0.715509
0.0326548 0.754173
0.0343944 0.802789
0.031251 0.833857
0.0363781 0.868221
0.0326243 0.911832
0.0312815 0.948515
0.0367118 0.960786
0.0435194 0.0292672
0.0429745 0.0424936
0.0410169 0.0671102
0.0513932 0.153569
0.049501 0.235298
0.0567949 0.279977
0.0517594 0.350719
0.0412 0.377392
0.039613 0.431257
0.0560015 0.491073
0.0485244 0.524979
0.0500504 0.592822
0.0398138 0.631379
0.0444655 0.673208
0.0464456 0.725702
0.0529557 0.740325
0.0478607 0.810569
0.0463135 0.84647
0.0381489 0.860866
0.0460148 0.909499
0.0433219 0.928047
0.0438159 0.930879
0.0534975 0.968919
0.0385754 0.996704
0.0722983 0.00454726
0.0664083 0.0433058
0.0618915 0.100589
0.0736405 0.131426
0.0680258 0.181127
0.0639363 0.21073
0.0624409 0.322336
0.0714744 0.396771
0.0657979 0.425062
0.070101 0.452071
0.0591073 0.551527
0.0585955 0.624653
0.074984 0.650746
0.0719626 0.691336
0.0730308 0.720908
0.0610981 0.751732
0.0631428 0.787011
0.0595111 0.826594
0.058942 0.853519
0.0634477 0.866695
0.0627155 0.880184
0.0605182 0.928983
0.0699195 0.939749
0.06499 0.96185
0.0575884 0.969085
0.0898516 0.0754756
0.0762047 0.0773949
0.0842921 0.123997
0.0867336 0.156804
0.0930509 0.200201
0.0801416 0.244209
0.0810572 0.297891
0.0899991 0.339183
0.080752 0.370251
0.094058 0.482406
0.0779748 0.510453
0.0831324 0.537692
0.0838954 0.565752
0.0790735 0.597461
0.088992 0.626637
0.0794324 0.656182
0.0881826 0.666421
0.0935697 0.742088
0.0855434 0.836665
0.0839554 0.863579
0.0937834 0.89642
0.0771003 0.927803
0.0798975 0.993469
0.110843 0.00140385
0.101901 0.0285958
0.0954924 0.0582904
0.0971404 0.100375
0.111329 0.144461
0.108464 0.248519
0.0951262 0.273873
0.108463 0.303629
0.0991848 0.313785
0.100711 0.392041
0.0975982 0.426618
0.104282 0.457198
0.107852 0.513016
0.110599 0.541459
0.100977 0.560605
0.109958 0.572863
0.109378 0.605396
0.102298 0.658315
0.105411 0.702231
0.0957671 0.769463
0.0964995 0.804681
0.11009 0.851617
0.0975383 0.858411
0.103366 0.935057
0.0989105 0.969787
0.107883 0.997711
0.122074 0.0531938
0.117343 0.065783
0.132066 0.0793652
0.115148 0.10515
0.116611 0.119297
0.119633 0.15659
0.123722 0.18833
0.119205 0.221961
0.123203 0.277383
0.132023 0.289727
0.127171 0.329081
0.113987 0.367382
0.121616 0.40904
0.123051 0.436811
0.123264 0.485061
0.123631 0.510121
0.127323 0.633839
0.123356 0.681906
0.129612 0.719382
0.122684 0.778924
0.11652 0.823603
0.120792 0.887173
0.149876 0.00604266
0.133213 0.0275277
0.138493 0.0770897
0.150182 0.1554
0.140266 0.188076
0.148991 0.219977
0.137211 0.248299
0.150334 0.272469
0.141514 0.299997
0.14185 0.359416
0.134048 0.370704
0.144139 0.392132
0.151341 0.420942
0.139134 0.461867
0.151036 0.49736
0.134251 0.521134
0.138066 0.551042
0.149438 0.572905
0.136662 0.596667
0.146155 0.618344
0.140446 0.657948
0.149754 0.687551
0.135014 0.74807
0.149327 0.771233
0.144383 0.804071
0.146733 0.838679
0.144963 0.866207
0.148625 0.893673
0.1348 0.91702
0.134434 0.950957
0.135441 0.980071
0.155034 0.0537431
0.166692 0.0894803
0.154302 0.123966
0.166906 0.245705
0.16357 0.313778
0.164495 0.344401
0.158577 0.533228
0.161992 0.567278
0.163397 0.577586
0.167791 0.598865
0.159226 0.609404
0.155217 0.628895
0.168249 0.657399
0.163152 0.711173
0.170049 0.792962
0.169439 0.922788
0.168371 0.955016
0.165075 0.998566
0.174505 0.0218207
0.183062 0.0489391
0.184515 0.117038
0.185644 0.172063
0.176458 0.200232
0.189276 0.229041
0.181829 0.272744
0.172399 0.302957
0.177099 0.378887
0.18009 0.409833
0.173284 0.460433
0.188604 0.498886
0.185278 0.528214
0.188421 0.554979
0.177398 0.611711
0.186252 0.694924
0.174963 0.750816
0.181646 0.834986
0.182466 0.836819
0.174413 0.876675
0.173755 0.968162
0.194189 0.00244148
0.205908 0.0325327
0.199835 0.0719016
0.194372 0.142033
0.203619 0.197485
0.203864 0.255501
0.206488 0.286233
0.208625 0.321574
0.191015 0.349986
0.190649 0.436262
0.202887 0.467788
0.200018 0.595233
0.20365 0.64156
0.193823 0.667714
0.192511 0.722465
0.198187 0.765679
0.196265 0.809229
0.192162 0.847547
0.204108 0.887204
0.19599 0.913266
0.198065 0.942656
0.19013 0.970885
0.202551 0.997711
0.222846 0.0112308
0.212192 0.0204118
0.218024 0.108951
0.222637 0.146357
0.219001 0.174718
0.212543 0.216642
0.22071 0.228217
0.225111 0.275855
0.22729 0.289556
0.22071 0.349834
0.210547 0.376354
0.222746 0.409006
0.216102 0.421216
0.223304 0.449019
0.21424 0.517594
0.220313 0.545824
0.221564 0.573534
0.226269 0.606756
0.217345 0.616806
0.22544 0.685903
0.222633 0.71807
0.218726 0.747093
0.224219 0.786279
0.22697 0.811434
0.218604 0.831477
0.22602 0.869045
0.22663 0.907163
0.22776 0.936094
0.218818 0.973846
0.230964 0.0488296
0.240913 0.0877102
0.24543 0.129093
0.239113 0.200354
0.232673 0.25602
0.23014 0.299081
0.243324 0.4167
0.238249 0.418795
0.240642 0.469223
0.237251 0.487838
0.229957 0.608142
0.234809 0.643666
0.232856 0.997986
0.252327 0.00216681
0.25521 0.0317084
0.254799 0.0641194
0.252235 0.161473
0.252021 0.196624
0.25729 0.216545
0.255745 0.23307
0.254158 0.279397
0.24778 0.324107
0.24778 0.351756
0.256783 0.392041
0.252602 0.463088
0.263344 0.503525
0.258421 0.520554
0.254189 0.53502
0.24897 0.569903
0.261879 0.599933
0.246857 0.636001
0.249153 0.666921
0.252998 0.724784
0.262795 0.751854
0.254524 0.778497
0.246991 0.812056
0.256963 0.833291
0.248725 0.845047
0.25428 0.887081
0.259987 0.913388
0.255841 0.941727
0.247169 0.969024
0.264552 0.995632
0.28312 0.0418104
0.270455 0.0963164
0.281045 0.127903
0.280801 0.171209
0.266945 0.207099
0.267764 0.226803
0.278589 0.237145
0.282815 0.247475
0.283392 0.276816
0.269387 0.306894
0.2725 0.442061
0.278359 0.557421
0.284677 0.621448
0.272866 0.653249
0.26783 0.688589
0.279397 0.714103
0.280193 0.754308
0.279214 0.802301
0.269232 0.827427
0.27195 0.86465
0.267771 0.884681
0.283914 0.970428
0.290872 0.000732444
0.298044 0.0680258
0.297464 0.104068
0.294569 0.138806
0.291604 0.196142
0.293682 0.210408
0.28934 0.235383
0.302652 0.298959
0.285287 0.328715
0.286477 0.35667
0.297678 0.39082
0.289376 0.41966
0.297281 0.454299
0.289132 0.481185
0.288315 0.519323
0.302683 0.542894
0.293558 0.585101
0.302427 0.660837
0.290664 0.675976
0.301462 0.684133
0.285287 0.767174
0.302038 0.811944
0.293294 0.851165
0.301126 0.863399
0.299936 0.902341
0.299543 0.921471
0.285562 0.941221
0.295511 0.998413
0.307901 0.0215766
0.319358 0.0825217
0.309965 0.0960119
0.316294 0.169408
0.317911 0.206885
0.305221 0.21917
0.318308 0.239631
0.308206 0.264657
0.313059 0.344066
0.319102 0.494339
0.321909 0.523759
0.319834 0.611042
0.304186 0.701978
0.313181 0.712394
0.305063 0.740318
0.313059 0.76986
0.307901 0.799707
0.306284 0.8305
0.305166 0.840634
0.310923 0.929777
0.31135 0.96057
0.32786 0.000396741
0.337382 0.0292062
0.333293 0.0647298
0.339396 0.0933866
0.330485 0.123142
0.337596 0.186743
0.339122 0.262093
0.333018 0.298563
0.32783 0.373363
0.32313 0.41847
0.340104 0.442253
0.323496 0.466292
0.331049 0.500762
0.332459 0.51533
0.329051 0.57622
0.332743 0.643513
0.328043 0.672475
0.341594 0.702139
0.34138 0.774956
0.332926 0.814447
0.340648 0.851314
0.327242 0.87814
0.328349 0.908109
0.33491 0.946013
0.323954 0.996429
0.357372 0.128574
0.346355 0.159368
0.351787 0.221564
0.347636 0.335887
0.352197 0.353274
0.353038 0.395734
0.349528 0.475387
0.348888 0.517289
0.342204 0.54796
0.358776 0.634907
0.358776 0.668691
0.349864 0.732322
0.356761 0.889065
0.358806 0.927091
0.350072 0.966659
0.342998 0.975494
0.362438 0.00778222
0.366375 0.0375378
0.373241 0.0679342
0.372723 0.153722
0.369884 0.18305
0.379437 0.247902
0.366527 0.273904
0.364971 0.357402
0.361827 0.422712
0.379315 0.47087
0.367985 0.496625
0.361737 0.526799
0.37434 0.53206
0.379196 0.567147
0.37083 0.578082
0.363201 0.604602
0.372388 0.661746
0.371715 0.695456
0.37672 0.733757
0.371685 0.763665
0.361705 0.793786
0.364574 0.823145
0.372936 0.86755
0.361278 0.954558
0.378211 0.979842
0.379254 0.987243
0.388562 0.000305185
0.380047 0.108127
0.386547 0.218879
0.397626 0.285379
0.379711 0.311899
0.396283 0.339946
0.390332 0.372509
0.396832 0.415448
0.385022 0.44084
0.39521 0.507892
0.392163 0.615436
0.385388 0.643055
0.390698 0.675222
0.396619 0.807825
0.398602 0.842494
0.383892 0.90231
0.394513 0.936399
0.389275 0.972102
0.410779 0.0192572
0.402264 0.0577715
0.401318 0.0894803
0.415082 0.128147
0.412763 0.159917
0.415143 0.226966
0.405767 0.265972
0.411568 0.304452
0.415662 0.386425
0.411512 0.447035
0.414319 0.489212
0.404096 0.530168
0.414268 0.549516
0.403729 0.558763
0.414747 0.58565
0.40968 0.656056
0.409715 0.693876
0.401257 0.711905
0.403302 0.747948
0.402264 0.777673
0.402356 0.877071
0.401868 0.964141
0.40621 0.994198
0.432081 0.0422987
0.430708 0.105014
0.427653 0.12277
0.418287 0.194281
0.418256 0.260964
0.422285 0.355632
0.429487 0.512619
0.434269 0.581209
0.426373 0.595599
0.417859 0.62859
0.421086 0.686336
0.425947 0.732078
0.430555 0.765709
0.421339 0.826563
0.422193 0.858425
0.420423 0.903043
0.421796 0.939268
0.434873 0.966474
0.428022 0.976897
0.453475 0.0152593
0.452159 0.0254024
0.441694 0.0680258
0.450789 0.142613
0.437056 0.173437
0.443831 0.202887
0.453555 0.217695
0.439497 0.23957
0.439192 0.278298
0.440931 0.319529
0.4532 0.3455
0.449477 0.384075
0.440443 0.410535
0.43849 0.460494
0.446913 0.491348
0.452498 0.544694
0.440443 0.5768
0.437946 0.590415
0.452803 0.625599
0.440718 0.649647
0.440809 0.706198
0.453603 0.726915
0.453993 0.742943
0.436689 0.795282
0.453534 0.872942
0.444319 0.879269
0.450297 0.909173
0.448836 0.939634
0.441868 0.954911
0.446669 0.997467
0.459029 0.042085
0.458663 0.0972015
0.47438 0.122013
0.465041 0.180944
0.46559 0.22956
0.460677 0.258278
0.468429 0.292459
0.47206 0.32197
0.461837 0.432234
0.469347 0.462212
0.472188 0.48057
0.467055 0.519761
0.46894 0.587691
0.464736 0.590655
0.472671 0.651875
0.470443 0.68215
0.468703 0.715476
0.465133 0.768731
0.465163 0.803339
0.460097 0.83578
0.470595 0.865474
0.45805 0.885605
0.462155 0.901399
0.471679 0.911529
0.461867 0.964446
0.465938 0.980713
0.477462 0.00234993
0.491348 0.0280465
0.481521 0.065981
0.477096 0.150212
0.483279 0.165756
0.492202 0.175848
0.488357 0.266549
0.480056 0.349132
0.476699 0.38197
0.4803 0.411298
0.491684 0.436659
0.480789 0.490921
0.48204 0.548479
0.492874 0.609943
0.492377 0.630819
0.490982 0.754082
0.491684 0.784387
0.476445 0.902126
0.475692 0.921934
0.485916 0.949065
0.475814 0.991211
0.510086 0.00332652
0.511281 0.0625359
0.496719 0.0887173
0.503555 0.136448
0.494779 0.172857
0.500961 0.206458
0.49559 0.239326
0.506903 0.282629
0.496658 0.292856
0.507523 0.343913
0.505112 0.391369
0.498703 0.469741
0.498245 0.524522
0.510727 0.550554
0.504562 0.582141
0.504929 0.635823
0.50444 0.681478
0.508103 0.724876
0.504532 0.817896
0.494766 0.848079
0.49675 0.874874
0.508805 0.925047
0.505539 0.997375
0.520859 0.0341502
0.517808 0.109165
0.529618 0.166326
0.528001 0.222266
0.515641 0.270547
0.512589 0.316904
0.526719 0.422285
0.526292 0.455672
0.516831 0.492904
0.524486 0.518676
0.522959 0.611677
0.524155 0.660878
0.527146 0.703635
0.52324 0.753349
0.522843 0.794366
0.522446 0.839106
0.525498 0.867183
0.518571 0.893246
0.52528 0.943579
0.513199 0.97116
0.545 0.00231941
0.546221 0.0210236
0.53768 0.0514015
0.533445 0.0832045
0.543809 0.130497
0.53328 0.195013
0.549245 0.219313
0.536607 0.249611
0.544165 0.279558
0.539811 0.309152
0.548601 0.341441
0.533799 0.364635
0.538408 0.397778
0.546647 0.497391
0.543718 0.537461
0.536149 0.584582
0.539048 0.638234
0.546032 0.677333
0.543382 0.733634
0.547319 0.814112
0.549516 0.847133
0.537201 0.872712
0.549303 0.882076
0.535874 0.933592
0.5403 0.965453
0.53853 0.998993
0.556078 0.0306101
0.551592 0.0589312
0.556048 0.0906422
0.569353 0.141057
0.561266 0.173162
0.565905 0.259011
0.554824 0.268368
0.551506 0.30188
0.567888 0.360485
0.562303 0.416181
0.552293 0.445357
0.567553 0.467635
0.567614 0.524766
0.562914 0.565813
0.567248 0.594195
0.564196 0.624042
0.561693 0.66863
0.56148 0.69631
0.568529 0.72222
0.55269 0.785119
0.558226 0.891266
0.556597 0.915097
0.562119 0.950255
0.577349 0.0130619
0.578411 0.0487262
0.587695 0.113468
0.584216 0.200659
0.578448 0.317545
0.577441 0.391308
0.584216 0.444899
0.576189 0.497421
0.578154 0.636272
0.579599 0.646061
0.575121 0.76281
0.587634 0.794122
0.574175 0.836238
0.569727 0.882462
0.575121 0.894986
0.581896 0.924314
0.572131 0.959258
0.574999 0.99881
0.589679 0.0385144
0.58861 0.0704062
0.596117 0.0938826
0.594562 0.151036
0.60033 0.177984
0.590777 0.23426
0.607135 0.261177
0.590442 0.28309
0.591845 0.343181
0.595555 0.370511
0.589709 0.417989
0.605426 0.475539
0.600116 0.514298
0.592731 0.541887
0.598895 0.574755
0.599231 0.605029
0.590456 0.630646
0.602924 0.654683
0.588519 0.681265
0.592792 0.707938
0.592792 0.73629
0.603565 0.763054
0.590106 0.861019
0.590264 0.891522
0.601704 0.896568
0.607135 0.938108
0.602008 0.992737
0.612751 0.0224311
0.615741 0.0546281
0.609455 0.0904263
0.624958 0.137516
0.62569 0.207343
0.621687 0.257684
0.61381 0.310539
0.620685 0.345927
0.622791 0.374859
0.614022 0.386052
0.612354 0.402448
0.617237 0.441725
0.615159 0.497041
0.62273 0.549974
0.626331 0.6021
0.62176 0.614763
0.624622 0.634816
0.613599 0.654112
0.624226 0.679098
0.619556 0.806238
0.608203 0.838771
0.622913 0.863277
0.616347 0.903998
0.615568 0.917416
0.609824 0.932194
0.623859 0.972655
0.632893 0.00134281
0.630116 0.107883
0.643605 0.173162
0.631642 0.248665
0.629719 0.28666
0.628698 0.353595
0.635212 0.367399
0.633595 0.41905
0.639912 0.465377
0.627552 0.491623
0.63451 0.517594
0.632557 0.57561
0.633198 0.717246
0.630116 0.748497
0.631794 0.776086
0.642872 0.819601
0.636189 0.837886
0.643086 0.883602
0.628773 0.908322
0.635121 0.940489
0.641418 0.967715
0.628159 0.999264
0.659932 0.0028077
0.648854 0.0302133
0.645894 0.0695822
0.647823 0.0879762
0.659627 0.0960112
0.658864 0.135472
0.658132 0.198462
0.653798 0.228217
0.660082 0.265113
0.659383 0.276742
0.64803 0.307291
0.652181 0.334117
0.647603 0.361553
0.654836 0.397259
0.654592 0.49205
0.662374 0.522996
0.65624 0.55211
0.660176 0.578845
0.652242 0.619343
0.650685 0.657399
0.64742 0.692862
0.65865 0.740257
0.661733 0.772729
0.662407 0.784527
0.652211 0.809839
0.663076 0.839167
0.660909 0.912687
0.655782 0.958647
0.654378 0.993011
0.675229 0.0249331
0.67217 0.0571612
0.675048 0.100636
0.671346 0.252602
0.666329 0.278304
0.678823 0.322062
0.676077 0.370464
0.664968 0.427168
0.669484 0.461989
0.681875 0.495071
0.672785 0.583796
0.680563 0.615406
0.67452 0.641652
0.682394 0.685842
0.67568 0.715781
0.681906 0.754631
0.672304 0.775073
0.676231 0.778743
0.680013 0.814264
0.671133 0.867824
0.678033 0.937863
0.680759 0.962863
0.678854 0.972869
0.692343 0.00418104
0.699026 0.0413221
0.696707 0.0736717
0.686483 0.137211
0.683493 0.179785
0.69219 0.218268
0.695095 0.265887
0.701712 0.293252
0.701956 0.346965
0.688437 0.398175
0.698355 0.442274
0.695669 0.469497
0.687216 0.546342
0.698699 0.567179
0.687155 0.573962
0.684688 0.754543
0.684772 0.767972
0.693114 0.814561
0.701519 0.829352
0.695334 0.840724
0.700552 0.870357
0.691366 0.910489
0.688122 0.942627
0.692701 0.95608
0.693813 0.986417
0.687551 0.998413
0.706141 0.0834119
0.710959 0.119877
0.715262 0.194281
0.703879 0.254372
0.719194 0.351161
0.714194 0.383007
0.709189 0.41612
0.715079 0.500443
0.710746 0.527543
0.710715 0.560961
0.710253 0.585286
0.712455 0.590014
0.705222 0.635731
0.704489 0.668722
0.717673 0.693258
0.709952 0.732231
0.714805 0.783898
0.710593 0.817774
0.70596 0.857765
0.706131 0.915979
0.703207 0.947539
0.717152 0.971574
0.718314 0.994415
0.730033 0.00524918
0.726493 0.0459914
0.730216 0.0740379
0.735893 0.134129
0.724937 0.159062
0.721732 0.228431
0.734092 0.256294
0.737144 0.286996
0.72277 0.322611
0.728904 0.441023
0.73632 0.476302
0.73928 0.547746
0.738482 0.567437
0.724143 0.614521
0.728813 0.652791
0.739616 0.712027
0.730369 0.754143
0.737602 0.799524
0.73095 0.836214
0.73159 0.863674
0.722617 0.890011
0.727653 0.961455
0.755669 0.0634175
0.74163 0.100681
0.759148 0.183019
0.742943 0.209967
0.755364 0.323038
0.752953 0.374035
0.757042 0.402295
0.756302 0.431343
0.744255 0.513932
0.751305 0.572161
0.750847 0.600574
0.748009 0.627369
0.748497 0.684774
0.750833 0.736563
0.743578 0.763671
0.754662 0.822352
0.741998 0.844002
0.754158 0.889467
0.746605 0.928495
0.75103 0.979583
0.773186 0.001648
0.762352 0.0298471
0.767253 0.0412746
0.770074 0.100223
0.763176 0.149022
0.763359 0.234657
0.762291 0.271859
0.759464 0.361565
0.76278 0.45967
0.771111 0.514542
0.772271 0.547319
0.774132 0.586932
0.76867 0.66216
0.777917 0.68862
0.767174 0.713889
0.775811 0.746757
0.767693 0.795282
0.766913 0.825977
0.777429 0.840114
0.760918 0.877651
0.765435 0.905728
0.794397 0.0236518
0.779962 0.0503861
0.790155 0.135502
0.782952 0.212195
0.788202 0.251717
0.780206 0.311838
0.79226 0.339061
0.780938 0.366741
0.785363 0.394787
0.796321 0.40905
0.781884 0.422803
0.782464 0.486587
0.778344 0.613849
0.789026 0.643239
0.792962 0.776543
0.795282 0.818415
0.788385 0.886502
0.796014 0.919004
0.7799 0.955992
0.787031 0.97722
0.789209 0.997436
0.808649 0.0768761
0.803735 0.104678
0.803369 0.165685
0.803858 0.192694
0.807733 0.233039
0.814234 0.259835
0.803339 0.271873
0.799158 0.289224
0.813806 0.325854
0.804197 0.345401
0.809351 0.408734
0.80517 0.466079
0.808924 0.49556
0.802515 0.526749
0.807642 0.557329
0.801996 0.593677
0.805597 0.620441
0.815394 0.657216
0.804346 0.683615
0.8099 0.712302
0.813349 0.745262
0.815912 0.791559
0.80387 0.813039
0.814067 0.822169
0.8034 0.850429
0.808435 0.942961
0.815394 0.983856
0.818659 0.000335704
0.821131 0.0322886
0.831355 0.104892
0.81814 0.130375
0.830103 0.157994
0.828574 0.258465
0.822138 0.326853
0.822901 0.377911
0.817591 0.434858
0.834346 0.513352
0.829228 0.540341
0.833552 0.589953
0.833338 0.681814
0.826258 0.866634
0.827906 0.910672
0.834254 0.959594
0.847529 0.0253914
0.837947 0.0623798
0.849032 0.152378
0.837947 0.184393
0.838862 0.212256
0.835353 0.242561
0.837275 0.285348
0.842433 0.3455
0.84994 0.372143
0.839228 0.408399
0.835505 0.459975
0.850459 0.489639
0.852016 0.555681
0.848231 0.612567
0.836451 0.639943
0.853175 0.661519
0.842574 0.670592
0.836489 0.708489
0.851222 0.730949
0.837062 0.765709
0.85229 0.794122
0.842415 0.804559
0.846126 0.837458
0.845027 0.888821
0.848201 0.994934
0.869991 0.00228889
0.860195 0.0878933
0.857173 0.119938
0.868007 0.147984
0.86935 0.176458
0.864925 0.205267
0.861171 0.234809
0.858222 0.265034
0.86404 0.294839
0.860073 0.323771
0.85775 0.361155
0.865505 0.414197
0.856139 0.425421
0.861049 0.443068
0.867061 0.511154
0.870915 0.576153
0.868191 0.631062
0.8549 0.677906
0.860561 0.688009
0.871761 0.713523
0.873073 0.747368
0.872585 0.879299
0.863682 0.922029
0.855586 0.934721
0.887326 0.0249947
0.875271 0.0563372
0.887081 0.0891446
0.891629 0.116306
0.888272 0.24015
0.890202 0.273067
0.890072 0.30604
0.880118 0.341751
0.877316 0.377667
0.89053 0.402417
0.887448 0.435774
0.884854 0.489608
0.886252 0.539263
0.878655 0.563511
0.878994 0.576952
0.88937 0.602679
0.882748 0.661122
0.890126 0.774328
0.878719 0.782678
0.877956 0.821253
0.884915 0.848628
0.881893 0.908139
0.875023 0.913246
0.873714 0.967803
0.890652 0.997742
0.909909 0.00393689
0.908658 0.0455947
0.901791 0.141423
0.893612 0.196448
0.892392 0.347545
0.898862 0.462386
0.89407 0.528275
0.900143 0.559252
0.897732 0.695456
0.910181 0.717732
0.904904 0.737907
0.905515 0.785302
0.905148 0.815027
0.90701 0.874233
0.903409 0.933653
0.908881 0.982881
0.929563 0.0263985
0.916166 0.0764794
0.913663 0.169591
0.912992 0.226417
0.926847 0.254036
0.916501 0.28309
0.929738 0.303364
0.920133 0.320505
0.920774 0.355876
0.914182 0.385846
0.928159 0.41496
0.9223 0.44264
0.918699 0.490493
0.929044 0.528764
0.927854 0.577197
0.918668 0.604938
0.911527 0.63683
0.928709 0.666921
0.92288 0.712668
0.929319 0.771203
0.925413 0.842799
0.914914 0.907285
0.917692 0.962981
0.917539 0.993194
0.944182 0.000335704
0.947915 0.0451508
0.941404 0.0604572
0.932615 0.105197
0.943388 0.142766
0.939268 0.192938
0.940062 0.222633
0.9414 0.295132
0.948088 0.32197
0.948546 0.351451
0.943754 0.377941
0.9429 0.469558
0.948424 0.612018
0.938871 0.638173
0.945982 0.691397
0.932859 0.744194
0.937559 0.797235
0.945422 0.823732
0.934446 0.870663
0.931608 0.938749
0.930563 0.95217
0.946898 0.995666
0.9588 0.0347911
0.967833 0.0767235
0.961119 0.113224
0.960082 0.169591
0.958525 0.242988
0.955138 0.271126
0.95873 0.359568
0.950418 0.370929
0.957811 0.405657
0.949461 0.435591
0.949522 0.506149
0.96646 0.53209
0.949583 0.559587
0.966865 0.578124
0.966613 0.631977
0.960082 0.660604
0.967434 0.674796
0.95999 0.724418
0.955596 0.776757
0.965182 0.786521
0.958089 0.82835
0.962157 0.845729
0.951277 0.855867
0.953185 0.904385
0.955626 0.959014
0.978149 0.00265511
0.970164 0.138745
0.982147 0.214515
0.985015 0.262551
0.970122 0.293405
0.974853 0.333689
0.985163 0.343209
0.969217 0.368869
0.975337 0.380847
0.977844 0.440596
0.973144 0.480392
0.976409 0.507094
0.969138 0.5225
0.976527 0.565048
0.972289 0.592212
0.977623 0.643629
0.986602 0.655995
0.980672 0.678707
0.977935 0.684255
0.969543 0.749535
0.974883 0.795801
0.972594 0.878567
0.969909 0.92703
0.986114 0.99414
0.99295 0.0253609
0.990905 0.0549333
0.99411 0.0879543
0.999359 0.115482
0.99588 0.147221
0.998352 0.174383
0.997162 0.288614
0.999145 0.318033
0.994354 0.358928
0.991302 0.385632
0.999176 0.413068
0.994476 0.462264
0.999634 0.493515
0.988022 0.500306
0.993011 0.543046
0.998535 0.582415
0.99292 0.611164
0.991668 0.710135
0.997657 0.739411
0.999268 0.76925
0.993072 0.817835
0.989624 0.852229
0.997681 0.889218
0.988583 0.920927
0.997162 0.931639
0.99237 0.964385
