973
0.0109867 0.00289926
0.000244148 0.0302438
0.0149541 0.0547807
0.0158086 0.0968657
0.0175787 0.132084
0.00146489 0.155644
0.00415052 0.196936
0.00387585 0.225623
0.012421 0.280953
0.00732444 0.313517
0.000549333 0.372082
0.006592 0.398816
0.00448622 0.433851
0.00900296 0.467788
0.00152593 0.513535
0.000579852 0.553728
3.05185e-05 0.589373
0.01648 0.624439
0.000488296 0.650166
0.00152593 0.692862
0.00311289 0.723319
0.00711081 0.753807
0.0147099 0.797937
0.00491348 0.840052
0.00518815 0.86877
0.013123 0.929166
0.00479141 0.972198
0 0.999542
0.0280465 0.0273751
0.0317698 0.161718
0.0319529 0.244514
0.0294504 0.360515
0.0293893 0.449049
0.0256966 0.491684
0.0260933 0.527604
0.0325938 0.563097
0.0343638 0.595935
0.0281991 0.654408
0.0265511 0.708579
0.0350047 0.774682
0.033021 0.834254
0.0220954 0.894192
0.0374157 0.948912
0.0280465 0.995483
0.0461135 0.0498062
0.0419324 0.0781579
0.042909 0.105594
0.0483413 0.133335
0.044496 0.209387
0.0560015 0.263802
0.0442518 0.297128
0.0421766 0.329447
0.0431227 0.401776
0.0546587 0.427534
0.0568865 0.467483
0.0566424 0.514908
0.0501419 0.618335
0.0434584 0.678457
0.0558489 0.707663
0.0443434 0.742393
0.041261 0.8034
0.0398267 0.861324
0.0448317 0.91348
0.0562456 0.981719
0.0574969 0.0245979
0.0735496 0.0532548
0.0720847 0.0818506
0.0723899 0.109867
0.071749 0.14716
0.0639668 0.183019
0.0625629 0.234443
0.0740074 0.296487
0.0631733 0.347697
0.0645772 0.385113
0.0585955 0.544145
0.0659505 0.57091
0.0607013 0.647053
0.0746178 0.731346
0.0654622 0.760491
0.0629902 0.841395
0.0650349 0.873989
0.0726035 0.904569
0.0813318 0.0105594
0.0935087 0.183905
0.0913419 0.226753
0.0834986 0.270302
0.0773644 0.323588
0.0770592 0.444319
0.0927763 0.478774
0.0925016 0.508042
0.0921049 0.542192
0.0875271 0.595325
0.0830714 0.622333
0.0932646 0.657765
0.0850246 0.689383
0.079104 0.785638
0.0900906 0.822596
0.0929899 0.851863
0.0788293 0.932279
0.082522 0.968535
0.088168 0.999603
0.109836 0.00457778
0.103061 0.032197
0.105686 0.0687582
0.0963775 0.0959197
0.106418 0.124424
0.0995209 0.151799
0.113285 0.207038
0.11066 0.277474
0.103763 0.303629
0.0970183 0.343089
0.0985138 0.378124
0.103397 0.407544
0.105441 0.448927
0.102084 0.568346
0.0970488 0.713645
0.108158 0.739708
0.104068 0.799646
0.101627 0.913602
0.109806 0.967376
0.131993 0.0220649
0.12711 0.0502945
0.127934 0.150426
0.119968 0.179022
0.11475 0.247169
0.127232 0.318064
0.129948 0.40141
0.125004 0.468642
0.120273 0.499649
0.123356 0.52916
0.131016 0.581378
0.11713 0.605914
0.117191 0.676382
0.123966 0.778588
0.119114 0.830439
0.114109 0.868862
0.131077 0.890896
0.131077 0.91934
0.118076 0.994598
0.138188 0.0835902
0.14539 0.21128
0.136631 0.264443
0.136418 0.291391
0.136052 0.347484
0.138218 0.374279
0.136631 0.431959
0.14948 0.486892
0.145268 0.555437
0.144719 0.652638
0.145573 0.688986
0.144139 0.726432
0.139683 0.756462
0.14359 0.806421
0.150029 0.838862
0.144475 0.959014
0.160253 0.0220038
0.16422 0.0499893
0.166387 0.0772423
0.156743 0.114628
0.169317 0.158727
0.154118 0.182287
0.159307 0.245705
0.165227 0.277322
0.165166 0.366466
0.155431 0.452162
0.153081 0.513718
0.160802 0.583697
0.163366 0.622486
0.170659 0.711814
0.16538 0.769463
0.155156 0.865474
0.158635 0.893063
0.16184 0.921689
0.157384 0.988586
0.180822 0.000335704
0.186834 0.0303049
0.18244 0.133244
0.180792 0.189642
0.179754 0.226081
0.174963 0.314798
0.185949 0.386792
0.171819 0.411206
0.186438 0.455885
0.186254 0.498611
0.17423 0.545457
0.187292 0.576098
0.182867 0.602618
0.173009 0.677999
0.174963 0.795404
0.181738 0.834559
0.174017 0.946776
0.205756 0.0104984
0.204932 0.0761742
0.194617 0.105594
0.197333 0.167608
0.196203 0.253059
0.192206 0.28016
0.190466 0.350871
0.200781 0.422834
0.203406 0.532487
0.192785 0.635914
0.196326 0.664144
0.193854 0.731315
0.192633 0.765496
0.198187 0.813013
0.197851 0.859249
0.191717 0.891354
0.202857 0.946226
0.199408 0.988739
0.212378 0.0404065
0.210273 0.132206
0.227638 0.169256
0.21015 0.198279
0.209632 0.227943
0.213172 0.310068
0.218055 0.357219
0.215552 0.388256
0.215186 0.45558
0.210669 0.55916
0.214515 0.604724
0.213385 0.687918
0.220252 0.75103
0.210303 0.787622
0.215308 0.837367
0.22544 0.875698
0.221503 0.905545
0.222022 0.968902
0.241646 0.00286874
0.239113 0.0305185
0.235847 0.0580462
0.229255 0.093997
0.236824 0.201819
0.240974 0.232337
0.232887 0.285775
0.240883 0.331309
0.242134 0.397565
0.235542 0.426588
0.242134 0.46202
0.230049 0.491226
0.229835 0.519303
0.24601 0.569567
0.231941 0.629017
0.245582 0.685965
0.240791 0.728721
0.23899 0.787164
0.243385 0.819788
0.246498 0.854122
0.239753 0.943968
0.24134 0.993072
0.260506 0.109348
0.247597 0.133061
0.262581 0.181951
0.247963 0.263222
0.246956 0.360179
0.261788 0.417768
0.265542 0.446455
0.257302 0.541551
0.248878 0.601764
0.258217 0.65746
0.265664 0.744713
0.265603 0.782525
0.255409 0.889798
0.258187 0.917722
0.252754 0.967559
0.27842 0.00888089
0.268044 0.040315
0.270791 0.0716269
0.275552 0.139195
0.269143 0.233528
0.277383 0.284249
0.270333 0.312876
0.28132 0.341411
0.277322 0.393139
0.271157 0.481002
0.266701 0.516007
0.276772 0.61919
0.269662 0.709372
0.268502 0.809992
0.283731 0.832453
0.274239 0.863765
0.272622 0.947233
0.279122 0.998779
0.299356 0.0497757
0.291513 0.116672
0.296579 0.176092
0.289163 0.208716
0.303446 0.29664
0.295114 0.369243
0.291696 0.429121
0.294107 0.462691
0.297433 0.529283
0.291421 0.561327
0.287179 0.589312
0.285287 0.652943
0.284738 0.68215
0.292032 0.72692
0.292276 0.796045
0.30311 0.855983
0.295358 0.92822
0.288522 0.973571
0.307047 0.0165105
0.31135 0.0853297
0.305307 0.144078
0.318033 0.200781
0.303934 0.233039
0.317331 0.266793
0.31016 0.338969
0.304636 0.403088
0.308115 0.488845
0.316385 0.549058
0.31373 0.5786
0.305368 0.616718
0.319987 0.669301
0.304636 0.700369
0.320231 0.726829
0.313974 0.769097
0.320994 0.797082
0.313944 0.8287
0.312632 0.888943
0.333537 0.00802637
0.337687 0.0664388
0.323008 0.112522
0.325541 0.162267
0.337138 0.219886
0.338908 0.247383
0.335337 0.28956
0.331584 0.317331
0.323069 0.43141
0.327311 0.459304
0.335704 0.494552
0.326121 0.522813
0.336192 0.597888
0.336344 0.696829
0.333018 0.858791
0.339671 0.888272
0.32371 0.923521
0.322886 0.961791
0.328837 0.999298
0.354289 0.02884
0.350749 0.131504
0.35023 0.177892
0.346599 0.343242
0.348308 0.380291
0.347667 0.415235
0.355052 0.475723
0.34959 0.537584
0.344188 0.57094
0.348186 0.623981
0.347423 0.651295
0.345958 0.744407
0.343059 0.777551
0.348796 0.81988
0.360302 0.869747
0.352794 0.938505
0.350017 0.966826
0.356975 0.994964
0.368938 0.000152593
0.378491 0.0416272
0.370251 0.0675985
0.375408 0.107639
0.368358 0.153844
0.368999 0.207709
0.369213 0.246925
0.362468 0.27897
0.365703 0.30723
0.373913 0.335978
0.37904 0.378277
0.372204 0.450087
0.372723 0.516495
0.374126 0.554399
0.375408 0.583087
0.374157 0.615558
0.367779 0.67101
0.366771 0.70745
0.375408 0.759392
0.372723 0.805628
0.377636 0.837153
0.374859 0.901364
0.396741 0.00564592
0.391095 0.0852382
0.391522 0.134983
0.394787 0.180181
0.397626 0.228675
0.397443 0.304819
0.386486 0.477615
0.38905 0.654225
0.394787 0.692007
0.392499 0.727378
0.393597 0.783959
0.391308 0.864315
0.394726 0.959166
0.383282 0.989227
0.408979 0.0314035
0.4008 0.0587481
0.41438 0.100467
0.41551 0.149205
0.414655 0.199652
0.416578 0.326243
0.400037 0.359569
0.416822 0.381542
0.40083 0.409894
0.402539 0.438704
0.417463 0.494858
0.404218 0.524735
0.404096 0.571001
0.400311 0.598498
0.398633 0.626972
0.406323 0.755699
0.409314 0.825739
0.414014 0.892056
0.403333 0.924223
0.433332 0.0019837
0.43141 0.0523698
0.434584 0.129307
0.427686 0.175939
0.427137 0.247353
0.425153 0.274514
0.429456 0.30195
0.428632 0.42552
0.423536 0.466414
0.436354 0.518143
0.426405 0.545671
0.427259 0.587573
0.419752 0.644734
0.421461 0.681356
0.421033 0.709616
0.43318 0.74752
0.4232 0.780419
0.421003 0.865658
0.432875 0.912809
0.432752 0.939756
0.435713 0.971038
0.426313 0.998291
0.451003 0.0289315
0.445906 0.0756249
0.446821 0.102542
0.455092 0.170324
0.447188 0.204291
0.443342 0.332469
0.443007 0.364483
0.445021 0.396344
0.447615 0.450972
0.447401 0.480087
0.447829 0.567339
0.44319 0.613422
0.452498 0.6657
0.445906 0.693564
0.452803 0.722983
0.455245 0.768883
0.439772 0.811274
0.442244 0.846583
0.471511 0.00393689
0.472365 0.0589312
0.466659 0.13184
0.462355 0.231361
0.456343 0.287851
0.472213 0.310587
0.467574 0.345042
0.471877 0.400891
0.463668 0.426618
0.469802 0.505509
0.464614 0.592273
0.47322 0.701651
0.47261 0.809748
0.459792 0.87289
0.457259 0.90054
0.462935 0.928281
0.464064 0.995148
0.483016 0.0284738
0.479476 0.0983917
0.490768 0.161992
0.474776 0.192236
0.480239 0.274514
0.485611 0.36848
0.480941 0.466933
0.479812 0.534166
0.474868 0.560747
0.480178 0.616626
0.485427 0.651173
0.476333 0.745598
0.481674 0.779412
0.489242 0.853572
0.490249 0.894742
0.491165 0.925626
0.479324 0.960051
0.490921 0.994293
0.50444 3.05185e-05
0.501816 0.0484024
0.501785 0.0755333
0.49385 0.121647
0.507889 0.19245
0.496231 0.224647
0.510422 0.251473
0.504562 0.299783
0.51033 0.387799
0.494797 0.491195
0.501602 0.55031
0.50969 0.615528
0.5103 0.678243
0.498062 0.712119
0.511612 0.821223
0.508744 0.971099
0.530778 0.0436109
0.514969 0.0992767
0.51851 0.140294
0.525407 0.218329
0.515397 0.427869
0.528794 0.451247
0.516007 0.524247
0.528245 0.55446
0.518754 0.580401
0.512986 0.644459
0.520402 0.732627
0.526444 0.761711
0.51616 0.789422
0.52678 0.847316
0.516922 0.901608
0.526078 0.9494
0.520157 0.998596
0.5374 0.0138859
0.538285 0.0857875
0.545091 0.124668
0.539964 0.193365
0.544206 0.244057
0.532823 0.274758
0.541734 0.301523
0.533708 0.328043
0.53383 0.35728
0.534013 0.401349
0.540056 0.482772
0.540605 0.511124
0.549303 0.573199
0.538438 0.60155
0.543168 0.632862
0.539354 0.663015
0.532151 0.699271
0.540086 0.815577
0.539781 0.882199
0.545274 0.924924
0.545549 0.972259
0.55034 0.998932
0.56621 0.00418104
0.565691 0.0417798
0.563982 0.0943632
0.558733 0.149205
0.564074 0.218421
0.564684 0.269051
0.557482 0.343883
0.561693 0.376446
0.554949 0.429517
0.566515 0.460646
0.568529 0.504257
0.569414 0.615986
0.568712 0.645375
0.562639 0.694205
0.551866 0.730522
0.553087 0.757469
0.559008 0.851985
0.582812 0.119785
0.585528 0.249397
0.58739 0.293802
0.570025 0.318125
0.584643 0.34199
0.57036 0.405255
0.570605 0.542344
0.581927 0.672903
0.580401 0.739097
0.579821 0.78338
0.570391 0.808954
0.58504 0.832942
0.584826 0.864254
0.571093 0.887478
0.578845 0.933988
0.574328 0.967803
0.577197 0.999969
0.59154 0.0181585
0.59386 0.047853
0.58974 0.0829798
0.591266 0.178198
0.593219 0.217078
0.601062 0.363384
0.597308 0.392346
0.599902 0.419416
0.604511 0.449385
0.591632 0.478469
0.60448 0.524003
0.591266 0.5656
0.59563 0.623218
0.60213 0.649495
0.590228 0.708396
0.606494 0.779473
0.602405 0.811701
0.592425 0.910276
0.604846 0.95584
0.621265 0.0316172
0.614551 0.0657369
0.61095 0.10123
0.617389 0.127293
0.623157 0.156041
0.611957 0.195715
0.608295 0.270669
0.61568 0.30726
0.622364 0.404401
0.62212 0.495071
0.617695 0.549425
0.607471 0.587146
0.612751 0.689932
0.614338 0.720908
0.612079 0.748894
0.614856 0.86053
0.608448 0.887051
0.619129 0.914914
0.609394 0.999298
0.633656 0.00616474
0.643269 0.0689413
0.638752 0.183813
0.627491 0.225288
0.640126 0.252297
0.632771 0.286172
0.632374 0.333048
0.635487 0.360515
0.63628 0.467971
0.632313 0.525498
0.640553 0.563921
0.627766 0.635426
0.631214 0.662435
0.628834 0.799951
0.642231 0.827784
0.64272 0.877895
0.628437 0.941618
0.634602 0.986877
0.663961 0.00268563
0.658681 0.0439772
0.645741 0.0981475
0.650502 0.129124
0.652089 0.213965
0.663198 0.279092
0.662587 0.307169
0.65978 0.34138
0.653951 0.38319
0.645955 0.418592
0.65273 0.49147
0.648183 0.595782
0.654378 0.64684
0.652272 0.687826
0.645741 0.72982
0.647725 0.772301
0.656117 0.803796
0.654347 0.852504
0.663594 0.938688
0.658681 0.975005
0.682211 0.0284127
0.674795 0.0869778
0.677816 0.118778
0.671438 0.165807
0.667623 0.250465
0.681722 0.365093
0.682577 0.397656
0.668416 0.450972
0.680685 0.485214
0.66689 0.514847
0.666951 0.545122
0.667562 0.572527
0.666097 0.617878
0.676717 0.661916
0.672994 0.730979
0.676901 0.779504
0.665975 0.908017
0.682577 0.988159
0.688772 0.0567034
0.700369 0.157842
0.694082 0.185705
0.684683 0.223884
0.698508 0.253426
0.692251 0.282113
0.687399 0.430982
0.692953 0.521439
0.693716 0.553819
0.692495 0.60802
0.697287 0.639546
0.702292 0.741966
0.698477 0.799677
0.690268 0.835749
0.685232 0.863521
0.694143 0.894131
0.690268 0.922361
0.690603 0.953307
0.708579 0.007416
0.713645 0.0444044
0.718833 0.0799585
0.708975 0.105472
0.720817 0.132023
0.711692 0.21836
0.713889 0.302042
0.70809 0.359722
0.718039 0.392468
0.717765 0.42082
0.706381 0.454787
0.707389 0.493362
0.719565 0.534532
0.72042 0.561632
0.718772 0.588427
0.709342 0.672475
0.706717 0.699942
0.705466 0.76986
0.713767 0.872372
0.719565 0.909299
0.715293 0.940092
0.719291 0.972961
0.713675 0.999847
0.736015 0.00256355
0.724204 0.194525
0.739402 0.225074
0.73159 0.257912
0.725455 0.333598
0.735618 0.477035
0.722068 0.62862
0.738639 0.690756
0.731559 0.7528
0.73394 0.801843
0.723472 0.82757
0.734092 0.854549
0.739647 0.927335
0.746208 0.0302744
0.740867 0.0607013
0.740837 0.107456
0.740623 0.171239
0.758415 0.195715
0.752159 0.289102
0.742576 0.364238
0.748924 0.401288
0.757134 0.446303
0.755119 0.506546
0.746757 0.53209
0.757927 0.562242
0.750755 0.602527
0.746483 0.6498
0.740806 0.725578
0.748741 0.778375
0.757256 0.824976
0.757164 0.87051
0.757561 0.905087
0.755547 0.954985
0.765893 0.00540178
0.769372 0.0508744
0.763787 0.0913724
0.760948 0.135502
0.77224 0.221534
0.760521 0.249123
0.773186 0.3155
0.769677 0.358623
0.767113 0.477676
0.771996 0.637226
0.773217 0.672048
0.772515 0.709586
0.764428 0.751823
0.772546 0.801416
0.764885 0.997467
0.78573 0.0274361
0.79162 0.0796838
0.791894 0.123173
0.778344 0.173956
0.791223 0.268105
0.792596 0.3343
0.784143 0.453261
0.779595 0.530717
0.784905 0.557573
0.792505 0.589526
0.789941 0.616687
0.795831 0.73748
0.78695 0.77749
0.787469 0.823939
0.789178 0.851375
0.791223 0.878902
0.795221 0.939421
0.781457 0.966796
0.808405 0.00653096
0.803247 0.0516678
0.812311 0.09888
0.810663 0.165105
0.807703 0.227485
0.803125 0.307169
0.799127 0.372387
0.800958 0.418104
0.81286 0.461501
0.807459 0.651112
0.813105 0.770898
0.810236 0.798608
0.815394 0.865017
0.80871 0.907407
0.813166 0.996155
0.82638 0.0677511
0.825892 0.133641
0.832392 0.185095
0.831904 0.214148
0.82635 0.272744
0.822657 0.327769
0.825312 0.362163
0.825617 0.406201
0.823237 0.435469
0.825739 0.492782
0.816858 0.522111
0.818934 0.550707
0.833277 0.574725
0.817347 0.617145
0.822474 0.714743
0.831782 0.744072
0.827937 0.819422
0.822138 0.934507
0.828547 0.962493
0.845363 0.00631733
0.842372 0.0399182
0.840724 0.11124
0.83993 0.246529
0.85284 0.290872
0.842616 0.384655
0.849513 0.424787
0.842738 0.455153
0.845943 0.511979
0.846187 0.543748
0.841731 0.65273
0.845912 0.686972
0.850307 0.715964
0.84109 0.787194
0.838771 0.878445
0.840114 0.907804
0.847682 0.942869
0.839412 0.989013
0.869991 0.0273141
0.864345 0.0600604
0.865383 0.196875
0.864284 0.230903
0.872463 0.264412
0.858516 0.318949
0.855525 0.358257
0.865963 0.492477
0.872433 0.532487
0.861751 0.596911
0.864009 0.635975
0.869076 0.662587
0.86288 0.744987
0.869655 0.775353
0.857601 0.856655
0.868618 0.886227
0.867153 0.99704
0.882229 0.0930814
0.880215 0.132176
0.873623 0.160985
0.889065 0.322611
0.876034 0.416333
0.873379 0.443831
0.884518 0.472091
0.882565 0.576098
0.892056 0.611866
0.874691 0.698325
0.883023 0.724265
0.875698 0.826044
0.891385 0.86053
0.892056 0.901761
0.873837 0.921903
0.87698 0.948668
0.889615 0.973235
0.898709 0.00286874
0.896206 0.0520341
0.9035 0.111911
0.896939 0.183111
0.907132 0.224982
0.897671 0.253456
0.896298 0.355785
0.899106 0.39433
0.899197 0.434126
0.905026 0.499863
0.906034 0.54326
0.898648 0.642933
0.895688 0.679739
0.896939 0.747978
0.902188 0.777703
0.907071 0.832972
0.900571 0.931303
0.907834 0.999329
0.924711 0.0380871
0.911496 0.0853297
0.927946 0.125187
0.922178 0.154424
0.928709 0.189245
0.916074 0.286081
0.916593 0.315226
0.927457 0.366894
0.929929 0.39787
0.913388 0.470962
0.923215 0.568133
0.915189 0.59508
0.921628 0.627979
0.917936 0.710593
0.926115 0.740226
0.918699 0.804559
0.919126 0.861385
0.929411 0.894589
0.925748 0.962126
0.930906 0.00949126
0.931394 0.0643025
0.935881 0.0978118
0.947386 0.239631
0.940092 0.29902
0.943937 0.435102
0.939634 0.505142
0.935667 0.54265
0.940886 0.606372
0.943785 0.678762
0.947386 0.709891
0.935728 0.832728
0.946379 0.87112
0.940031 0.923978
0.96588 0.000335704
0.955718 0.0268868
0.959441 0.0841395
0.966765 0.111698
0.950133 0.142155
0.957793 0.177648
0.954192 0.211737
0.967955 0.29432
0.950987 0.325724
0.959166 0.353343
0.955382 0.382275
0.95761 0.410077
0.951445 0.474807
0.957915 0.640248
0.951598 0.752159
0.966399 0.780541
0.96707 0.829707
0.953246 0.949828
0.952208 0.992279
0.971679 0.0491958
0.98355 0.189703
0.97235 0.249825
0.9682 0.44966
0.97177 0.495315
0.969756 0.527818
0.970946 0.582385
0.971648 0.610401
0.970061 0.684835
0.973113 0.717673
0.982849 0.749565
0.970244 0.856716
0.970885 0.888638
0.972716 0.925535
0.985046 0.953276
0.998474 0.000976592
0.997192 0.0320444
0.999329 0.0660421
0.999359 0.0949126
0.997192 0.131077
0.997101 0.162236
0.996735 0.214148
0.999206 0.265572
0.99704 0.312082
0.9906 0.345256
0.990448 0.372997
0.99295 0.400403
0.99704 0.428694
0.990387 0.469192
0.999695 0.509629
0.996246 0.537309
0.993347 0.566668
0.996521 0.600146
0.99762 0.636311
0.987609 0.662984
0.999847 0.721946
0.99881 0.772027
0.988556 0.798944
0.999878 0.826014
0.997284 0.902005
0.99292 0.986694
