1230
0.00598163 0.00140385
0.0011597 0.0455336
0.0122684 0.0830103
0.00256355 0.115299
0.00811792 0.143864
0.00268563 0.172674
0.00158696 0.215766
0.00509659 0.249275
0.00109867 0.306803
0.0148015 0.338328
0.00534074 0.403546
0.00946074 0.434858
6.1037e-05 0.470809
0.0184332 0.495468
0.00402844 0.519578
0.00405896 0.546464
0.00552385 0.589404
0.00152593 0.616596
0.00308237 0.657308
0.0137638 0.685232
0.0019837 0.729545
0.00173955 0.759575
0.00170904 0.788171
0.00488296 0.869686
0.0029603 0.898007
0.00662252 0.925718
0.00134281 0.956511
0.00982696 0.999481
0.0240486 0.0249336
0.0303354 0.0588397
0.0330363 0.109684
0.0340587 0.115513
0.0295419 0.161809
0.0294198 0.22837
0.0355846 0.256142
0.0259102 0.284829
0.0346385 0.318522
0.0197455 0.378338
0.024369 0.403592
0.0318918 0.4691
0.0334788 0.529191
0.0361339 0.565935
0.0244148 0.633351
0.0352184 0.659535
0.0272835 0.718192
0.0301401 0.74853
0.0275582 0.778893
0.0229499 0.806238
0.0235603 0.843593
0.021073 0.872585
0.0372631 0.875484
0.0377209 0.907804
0.0378429 0.948515
0.0267953 0.976928
0.0480056 0.00967437
0.0476089 0.0378124
0.0531785 0.0533311
0.0532472 0.0647526
0.0533158 0.0761742
0.0531022 0.144322
0.0424818 0.194678
0.0445723 0.236656
0.0550859 0.282846
0.0534379 0.346904
0.0473647 0.37672
0.0433973 0.403638
0.0433668 0.435499
0.0563524 0.467818
0.0454115 0.538682
0.0431227 0.594134
0.0477309 0.611194
0.0523392 0.628254
0.0520646 0.696676
0.0521343 0.731156
0.0482498 0.818201
0.0489517 0.935652
0.0485855 0.960234
0.0539872 0.990326
0.0646611 0.0282983
0.0698263 0.0536668
0.063509 0.104068
0.0616169 0.171911
0.0738548 0.196997
0.0572832 0.219642
0.0666219 0.308908
0.0714133 0.391766
0.0685064 0.43421
0.0603656 0.462935
0.0584048 0.480819
0.0604572 0.49382
0.0594501 0.520798
0.0573443 0.548173
0.0649434 0.575152
0.0697043 0.603046
0.0704062 0.643635
0.0617084 0.654073
0.0745262 0.746635
0.0616779 0.785607
0.0628071 0.819376
0.0625324 0.861476
0.0702536 0.897641
0.0600604 0.922788
0.065157 0.963286
0.0761437 0.00326548
0.0759911 0.0529496
0.094882 0.0861843
0.0776391 0.133244
0.0905179 0.175176
0.084048 0.224036
0.0864589 0.250832
0.0932035 0.297861
0.0867641 0.328715
0.0864589 0.359996
0.0763115 0.365856
0.0946684 0.442
0.0916776 0.484542
0.0886258 0.530045
0.0936918 0.624622
0.079104 0.633198
0.089053 0.663137
0.0784326 0.688009
0.0769372 0.7181
0.0768609 0.741997
0.0886868 0.770928
0.0773644 0.820551
0.0943327 0.844508
0.0918607 0.872738
0.0884121 0.929807
0.0871914 0.995758
0.098079 0.0284772
0.105197 0.0611286
0.11063 0.113651
0.113102 0.219092
0.109882 0.268502
0.104495 0.288064
0.111301 0.349773
0.106983 0.367183
0.0991851 0.384808
0.105106 0.413984
0.112644 0.464827
0.108097 0.510971
0.108341 0.556536
0.0993988 0.585498
0.0989105 0.613453
0.104526 0.695944
0.10242 0.743217
0.101718 0.804437
0.099765 0.903623
0.0958281 0.963958
0.11887 0.0106815
0.131901 0.0474258
0.117374 0.141728
0.12891 0.179785
0.115268 0.248939
0.115787 0.278268
0.126591 0.325846
0.127506 0.374371
0.130009 0.40318
0.132817 0.436628
0.125669 0.489407
0.126591 0.53679
0.129917 0.612079
0.117954 0.641774
0.115818 0.668599
0.124058 0.719626
0.118992 0.73661
0.121876 0.748077
0.12476 0.759545
0.127506 0.826746
0.121006 0.856166
0.116862 0.882793
0.123681 0.929545
0.123203 0.964812
0.149754 0.0119327
0.138401 0.0803552
0.142308 0.108432
0.151677 0.205176
0.137822 0.230903
0.151341 0.264321
0.145268 0.351024
0.150792 0.477462
0.143651 0.510025
0.141299 0.536755
0.135868 0.583209
0.14246 0.653584
0.139836 0.680776
0.145695 0.69715
0.151555 0.713523
0.151738 0.754448
0.13303 0.791131
0.150029 0.856746
0.141331 0.904843
0.151402 0.945433
0.151692 0.958861
0.133396 0.999542
0.159856 0.0418409
0.168828 0.0678121
0.163121 0.134709
0.153569 0.16187
0.164922 0.23545
0.158132 0.249886
0.152104 0.278161
0.152867 0.292001
0.159642 0.32075
0.161077 0.378033
0.15952 0.412336
0.160314 0.442274
0.155553 0.459868
0.162725 0.491653
0.156007 0.536721
0.164037 0.56502
0.166021 0.606677
0.166051 0.781121
0.157262 0.824671
0.160436 0.883267
0.167913 0.917112
0.151982 0.972289
0.169988 0.995697
0.183538 0.00357067
0.176183 0.0356914
0.171453 0.101321
0.183508 0.173376
0.183325 0.290628
0.176794 0.351146
0.188265 0.375889
0.185858 0.43144
0.173086 0.436857
0.176366 0.467605
0.174657 0.505844
0.186438 0.541581
0.185858 0.632649
0.171545 0.679281
0.180883 0.705771
0.177252 0.741508
0.184393 0.821253
0.179907 0.854091
0.18836 0.88168
0.182318 0.947661
0.194922 0.0390942
0.197302 0.0826746
0.195196 0.135319
0.192419 0.210608
0.200385 0.239784
0.200858 0.254585
0.201331 0.269387
0.193457 0.325571
0.201453 0.399762
0.204199 0.458937
0.194494 0.48851
0.195532 0.568529
0.191961 0.598529
0.206091 0.654927
0.202002 0.684957
0.205939 0.716391
0.203986 0.768548
0.193518 0.793725
0.200018 0.98352
0.224311 0.0148625
0.216712 0.0548418
0.212806 0.10477
0.215094 0.16776
0.21931 0.215727
0.226356 0.284524
0.209601 0.348247
0.220527 0.379803
0.215042 0.470099
0.225885 0.48126
0.212622 0.509415
0.219123 0.554125
0.221778 0.601093
0.219077 0.707022
0.211957 0.742732
0.223243 0.787316
0.211951 0.84402
0.217841 0.870601
0.214667 0.909665
0.212409 0.940092
0.222571 0.967406
0.232942 0.0297816
0.241573 0.0447007
0.231758 0.0811792
0.239662 0.107913
0.237861 0.123005
0.236061 0.138096
0.231147 0.191046
0.229591 0.241096
0.231941 0.318705
0.237129 0.351573
0.230445 0.419172
0.229037 0.446786
0.240455 0.535356
0.234962 0.59798
0.231422 0.626606
0.236946 0.664541
0.232215 0.697653
0.235847 0.727012
0.234779 0.757195
0.23075 0.815912
0.241188 0.844172
0.243995 0.902799
0.240394 0.933775
0.239998 0.992615
0.252632 0.0202338
0.251757 0.0534487
0.26194 0.0621967
0.249275 0.162999
0.255684 0.225532
0.25782 0.258309
0.253243 0.292795
0.265419 0.339274
0.248097 0.377021
0.258827 0.40257
0.26249 0.432478
0.251259 0.46324
0.253578 0.506119
0.255348 0.560839
0.248146 0.594867
0.26252 0.646321
0.26252 0.674551
0.262856 0.70452
0.263405 0.732963
0.249092 0.745079
0.258248 0.771874
0.255867 0.800317
0.255104 0.870022
0.261238 0.96469
0.282785 0.0324717
0.270963 0.060371
0.270028 0.089816
0.269601 0.121769
0.280099 0.166021
0.271126 0.199866
0.283853 0.245369
0.28132 0.276803
0.284188 0.308267
0.274804 0.323771
0.280496 0.372723
0.273263 0.487564
0.274697 0.529313
0.274697 0.582354
0.266488 0.616199
0.282754 0.783837
0.265831 0.822245
0.275796 0.844172
0.283761 0.872249
0.272469 0.900967
0.276345 0.933836
0.284402 0.999695
0.29725 0.00189215
0.299722 0.0539109
0.29017 0.0672933
0.302194 0.10593
0.29078 0.139653
0.292371 0.218455
0.296045 0.295663
0.293008 0.34135
0.286752 0.357036
0.293664 0.382946
0.286206 0.415109
0.289102 0.445082
0.301596 0.483117
0.301309 0.511795
0.299417 0.564104
0.294168 0.609027
0.287101 0.635105
0.294549 0.661077
0.303667 0.668241
0.288064 0.687796
0.291665 0.716483
0.290399 0.75042
0.286927 0.807848
0.29255 0.818171
0.2874 0.875057
0.300943 0.899106
0.289102 0.969756
0.313074 0.0271691
0.318079 0.038007
0.318003 0.0618305
0.312754 0.0973083
0.320658 0.132176
0.307535 0.164769
0.307443 0.191839
0.320597 0.218024
0.312479 0.251564
0.307901 0.283059
0.322184 0.323374
0.306833 0.39317
0.31724 0.422285
0.318155 0.4597
0.319437 0.545915
0.322214 0.586016
0.312784 0.675405
0.315424 0.698843
0.322001 0.70333
0.317392 0.767876
0.308023 0.793451
0.308451 0.8464
0.314066 0.923065
0.307382 0.949553
0.316111 0.97589
0.326426 0.000427259
0.328166 0.0358592
0.323084 0.0488449
0.323313 0.0886868
0.333842 0.0986206
0.327479 0.147084
0.3343 0.161992
0.340373 0.189428
0.337718 0.276192
0.340924 0.303396
0.328593 0.35432
0.331965 0.371639
0.335337 0.388958
0.330729 0.501785
0.339885 0.56389
0.33607 0.610553
0.323069 0.638264
0.325545 0.661843
0.339183 0.681204
0.335673 0.728446
0.33787 0.7556
0.340068 0.782754
0.322947 0.818232
0.327342 0.86642
0.328043 0.899594
0.335459 0.942595
0.336863 0.997589
0.350658 0.0160527
0.359416 0.0416883
0.344371 0.108554
0.353252 0.13715
0.346767 0.202612
0.35316 0.215796
0.344157 0.243995
0.349101 0.329539
0.344096 0.425199
0.351176 0.451064
0.360057 0.477859
0.347942 0.531327
0.352992 0.588449
0.347423 0.655446
0.351482 0.704901
0.3502 0.763451
0.358928 0.83047
0.356761 0.886532
0.356426 0.918241
0.347819 0.972228
0.36436 0.0712302
0.378613 0.0983917
0.365978 0.164525
0.37138 0.194861
0.372967 0.235206
0.365306 0.261706
0.36671 0.289254
0.375195 0.362957
0.371715 0.390271
0.370952 0.428114
0.363994 0.507797
0.376324 0.513153
0.374126 0.622394
0.360775 0.63892
0.37962 0.653981
0.36729 0.681356
0.36256 0.70925
0.366344 0.738853
0.362743 0.797632
0.364635 0.8605
0.377728 0.960997
0.368542 0.995819
0.385968 0.0180364
0.39082 0.0449843
0.382672 0.141942
0.392285 0.216559
0.386639 0.315744
0.397168 0.408856
0.397931 0.435926
0.395489 0.450865
0.393048 0.465804
0.397885 0.479568
0.388653 0.51851
0.381054 0.545885
0.380078 0.582018
0.3979 0.702628
0.39792 0.734502
0.383038 0.762688
0.393933 0.798242
0.392682 0.831294
0.39259 0.868923
0.387493 0.906674
0.393719 0.936552
0.391644 0.951598
0.395795 0.996521
0.417066 0.0197455
0.401059 0.0560778
0.411298 0.0671712
0.407082 0.095477
0.405621 0.124058
0.400739 0.188543
0.405835 0.2425
0.39967 0.282907
0.415235 0.32252
0.413343 0.349345
0.403363 0.378857
0.402722 0.493332
0.415815 0.551744
0.409192 0.590075
0.404431 0.622181
0.400555 0.675863
0.412879 0.735686
0.413831 0.775292
0.41731 0.856624
0.413251 0.890805
0.404981 0.968383
0.435484 0.0230567
0.42964 0.0452895
0.420487 0.129336
0.435353 0.134614
0.425977 0.164739
0.429762 0.212958
0.426071 0.266261
0.432264 0.296365
0.436262 0.363628
0.428602 0.390057
0.426099 0.419385
0.428755 0.455641
0.421033 0.519028
0.42143 0.652852
0.42555 0.689016
0.427839 0.736869
0.431181 0.802255
0.418439 0.81695
0.429096 0.879372
0.43408 0.908643
0.421766 0.919523
0.431135 0.958678
0.427168 0.973647
0.4232 0.988617
0.441328 0.000824
0.453047 0.025544
0.441237 0.0729087
0.449446 0.106388
0.455092 0.173559
0.444533 0.241096
0.440687 0.335063
0.443861 0.4785
0.447279 0.50853
0.453261 0.561418
0.438307 0.598132
0.445479 0.63329
0.446303 0.663961
0.448714 0.717002
0.445662 0.759056
0.443922 0.787561
0.451857 0.838893
0.444942 0.86794
0.446394 0.897763
0.454733 0.91361
0.444182 0.953078
0.453581 0.972747
0.449934 0.998016
0.469344 0.00418104
0.465377 0.0548112
0.470809 0.0876186
0.462142 0.136631
0.467635 0.199469
0.468734 0.229316
0.466811 0.29342
0.458785 0.305887
0.465072 0.34959
0.474227 0.383373
0.460768 0.4167
0.459792 0.448897
0.470168 0.489181
0.459334 0.533799
0.469008 0.5833
0.472213 0.625294
0.460097 0.643666
0.470717 0.681173
0.469985 0.772607
0.455824 0.811975
0.473739 0.891568
0.457228 0.947478
0.488693 0.0281686
0.480605 0.116581
0.480392 0.159871
0.489822 0.245949
0.474837 0.280953
0.479781 0.319185
0.484909 0.325236
0.492752 0.344951
0.487564 0.408063
0.490249 0.527055
0.479751 0.555467
0.492752 0.601764
0.474715 0.654042
0.485427 0.706015
0.490005 0.738487
0.493362 0.751579
0.48146 0.79928
0.488144 0.862331
0.486429 0.89835
0.475387 0.918577
0.478469 0.964141
0.488418 0.99057
0.496292 0.0550859
0.507431 0.0841395
0.509262 0.112278
0.505692 0.146184
0.507401 0.186804
0.50911 0.222175
0.504166 0.277383
0.504868 0.386181
0.493728 0.440474
0.501144 0.472243
0.510117 0.548601
0.501499 0.574334
0.510163 0.625492
0.501389 0.642201
0.504562 0.676656
0.510147 0.691321
0.496719 0.764672
0.496628 0.82403
0.509934 0.880093
0.499118 0.905132
0.510361 0.965392
0.514695 0.0101627
0.51912 0.159322
0.525559 0.246498
0.520127 0.299112
0.520432 0.340312
0.519395 0.413984
0.518784 0.450514
0.529496 0.476577
0.51561 0.504379
0.519486 0.545091
0.529984 0.570147
0.518937 0.608783
0.515732 0.705985
0.523759 0.756615
0.518906 0.787683
0.521393 0.805002
0.523881 0.822321
0.516373 0.850307
0.526383 0.905881
0.51503 0.937315
0.529405 0.951582
0.54149 0.00836207
0.531571 0.033723
0.542375 0.0631733
0.541978 0.0986053
0.540757 0.132481
0.532548 0.17246
0.535325 0.212958
0.539048 0.279122
0.54091 0.319681
0.535874 0.373211
0.545732 0.422193
0.54033 0.467544
0.536576 0.490036
0.543657 0.503494
0.546647 0.620167
0.541246 0.649647
0.532624 0.679952
0.548295 0.718039
0.546159 0.796411
0.543077 0.856319
0.547197 0.925535
0.535356 0.955107
0.532426 0.997284
0.567583 0.00134281
0.559282 0.0305795
0.55417 0.0669118
0.569201 0.103122
0.567888 0.157323
0.554949 0.194006
0.559343 0.235206
0.565203 0.265419
0.560961 0.29603
0.560594 0.348857
0.565935 0.393902
0.551164 0.45851
0.569412 0.494722
0.550829 0.538804
0.554125 0.584124
0.560686 0.683248
0.554491 0.700644
0.551393 0.709342
0.553087 0.748405
0.56032 0.832728
0.554979 0.889218
0.565325 0.904202
0.560625 0.986236
0.587695 0.0410779
0.569689 0.0650349
0.574633 0.131169
0.585162 0.202124
0.572253 0.218665
0.575701 0.323954
0.583819 0.363506
0.57387 0.424848
0.588366 0.475204
0.575976 0.527787
0.57503 0.555528
0.585437 0.586901
0.574786 0.625355
0.571184 0.655782
0.586291 0.732414
0.581988 0.758995
0.58272 0.786737
0.584429 0.813837
0.586138 0.840937
0.581164 0.878994
0.575671 0.919187
0.57973 0.948332
0.583346 0.97351
0.586962 0.998688
0.596332 0.00555437
0.596545 0.0733055
0.59801 0.100497
0.604083 0.129337
0.598045 0.158927
0.591082 0.233833
0.591586 0.25866
0.604144 0.294961
0.596911 0.448408
0.595782 0.501419
0.606677 0.538713
0.604633 0.606037
0.601703 0.634785
0.603442 0.673391
0.590045 0.698233
0.590442 0.890988
0.599719 0.902982
0.597613 0.971374
0.614124 0.0316782
0.620762 0.107852
0.611591 0.185919
0.609668 0.213324
0.617969 0.2519
0.614795 0.326548
0.618671 0.356578
0.612079 0.385266
0.608997 0.416028
0.626057 0.440352
0.617634 0.469924
0.624073 0.515793
0.619282 0.574053
0.621265 0.703299
0.614002 0.73629
0.617878 0.774804
0.608753 0.822871
0.623554 0.83723
0.607746 0.865963
0.625782 0.889157
0.609882 0.928373
0.621265 0.989746
0.631855 0.00238044
0.644887 0.0263985
0.634358 0.0567034
0.636776 0.0664235
0.639195 0.0761437
0.644032 0.095584
0.635182 0.121586
0.632008 0.150395
0.63448 0.227271
0.638569 0.293069
0.63303 0.360561
0.639979 0.372276
0.63802 0.402142
0.632954 0.598804
0.636189 0.631977
0.635273 0.673116
0.641774 0.755058
0.642933 0.789392
0.644124 0.824091
0.638356 0.851588
0.636921 0.914121
0.627461 0.959899
0.63686 0.979736
0.633763 0.994659
0.661458 0.00430311
0.662618 0.0534379
0.663625 0.123875
0.656453 0.166601
0.649068 0.204169
0.66155 0.239814
0.653951 0.267006
0.656056 0.318522
0.658071 0.327677
0.647389 0.364544
0.661288 0.387974
0.64742 0.479598
0.650563 0.511246
0.662023 0.51854
0.648549 0.539872
0.646596 0.571764
0.658437 0.695517
0.651723 0.722282
0.647237 0.867489
0.656117 0.883389
0.655354 0.939909
0.64626 0.999573
0.678289 0.0295267
0.668569 0.0839259
0.678579 0.149663
0.681448 0.216254
0.682546 0.28077
0.670721 0.318583
0.667821 0.344981
0.677572 0.362285
0.680273 0.410703
0.673055 0.425977
0.665944 0.45613
0.673482 0.525834
0.68273 0.55446
0.664724 0.591876
0.677969 0.629353
0.666494 0.653676
0.681692 0.71453
0.675344 0.743675
0.666189 0.76986
0.669149 0.80047
0.677694 0.825922
0.669301 0.913144
0.674184 0.983093
0.69396 0.00561541
0.6845 0.034547
0.686872 0.0476165
0.689245 0.0606861
0.701193 0.0863674
0.686514 0.104801
0.697934 0.129953
0.69335 0.182775
0.690329 0.247841
0.685385 0.318644
0.697989 0.342509
0.68749 0.395428
0.697378 0.450728
0.68685 0.477767
0.696402 0.50737
0.696829 0.595141
0.69921 0.645924
0.691427 0.67864
0.701163 0.734336
0.698325 0.777306
0.683737 0.788888
0.684439 0.856624
0.684423 0.884793
0.68746 0.944945
0.720511 0.049089
0.715873 0.0679342
0.714377 0.0970794
0.713736 0.156987
0.717246 0.200293
0.720145 0.235664
0.71044 0.296121
0.70996 0.324412
0.709479 0.352702
0.720969 0.362896
0.706046 0.424909
0.721122 0.478256
0.702383 0.534013
0.707694 0.565569
0.717185 0.620045
0.708197 0.632984
0.721213 0.801843
0.706961 0.83343
0.712729 0.886196
0.709891 0.906049
0.707053 0.925901
0.719527 0.946097
0.705023 0.961623
0.717277 0.974364
0.702994 0.997345
0.726646 0.00109867
0.727988 0.0400098
0.734672 0.0700324
0.725516 0.128452
0.736259 0.139286
0.737388 0.177953
0.722465 0.262856
0.739067 0.288095
0.723533 0.331767
0.72219 0.389782
0.727836 0.443403
0.733024 0.510758
0.733451 0.542497
0.725761 0.594104
0.731605 0.620014
0.733665 0.633564
0.724324 0.662023
0.722434 0.691794
0.725868 0.710074
0.729301 0.728355
0.738755 0.742226
0.721854 0.762963
0.739372 0.82635
0.722831 0.855922
0.734184 0.902921
0.734031 0.93057
0.738212 0.995148
0.758568 0.00601215
0.753136 0.0636311
0.748833 0.0909757
0.747002 0.150121
0.747185 0.209906
0.749077 0.321024
0.756535 0.331702
0.753563 0.354137
0.751885 0.415784
0.755272 0.452315
0.753838 0.488632
0.740715 0.571276
0.746025 0.619983
0.754623 0.62978
0.750145 0.647084
0.748014 0.675946
0.753502 0.702872
0.75866 0.730949
0.748209 0.756098
0.741508 0.782495
0.754006 0.807901
0.749901 0.8699
0.744133 0.965575
0.768181 0.0342418
0.766991 0.124882
0.777398 0.150914
0.770501 0.177892
0.762017 0.23896
0.760948 0.26606
0.765221 0.297983
0.774422 0.330622
0.763993 0.34238
0.766076 0.384503
0.761833 0.519486
0.773797 0.551195
0.760125 0.596423
0.777642 0.639546
0.773827 0.666524
0.778222 0.749351
0.768639 0.789453
0.77279 0.819208
0.763543 0.845424
0.777337 0.87405
0.763298 0.905209
0.762474 0.935423
0.772423 0.964293
0.7734 0.99292
0.788415 0.00598163
0.783258 0.0625324
0.790643 0.0925016
0.783197 0.204199
0.79226 0.267067
0.792481 0.294543
0.782495 0.36079
0.787866 0.40727
0.786462 0.436781
0.779595 0.472365
0.781182 0.500107
0.787347 0.527848
0.794366 0.579974
0.787316 0.613727
0.780282 0.678411
0.786737 0.690298
0.782891 0.719291
0.793985 0.73336
0.79284 0.772118
0.795129 0.799554
0.792413 0.907498
0.796319 0.941649
0.803705 0.0300913
0.816034 0.0679647
0.806696 0.114109
0.814356 0.144047
0.7987 0.17539
0.805872 0.22486
0.81541 0.302311
0.811243 0.314615
0.799768 0.34022
0.814203 0.367412
0.801035 0.387341
0.813776 0.422651
0.80987 0.45201
0.810327 0.479446
0.812708 0.507736
0.800027 0.517792
0.814905 0.550645
0.811518 0.6274
0.801172 0.658101
0.809107 0.705283
0.805078 0.747429
0.802484 0.833155
0.812647 0.87347
0.803339 0.994568
0.822596 0.00665304
0.828337 0.0430162
0.831507 0.0943327
0.832209 0.123142
0.826624 0.257118
0.819578 0.290006
0.827967 0.342906
0.830836 0.393475
0.825968 0.436018
0.826192 0.534555
0.818903 0.599567
0.827357 0.649556
0.823847 0.678549
0.833587 0.744173
0.82049 0.77517
0.827455 0.822166
0.827174 0.85052
0.824549 0.902127
0.822138 0.964721
0.831507 0.99823
0.845607 0.0212104
0.842357 0.131993
0.852504 0.140843
0.842067 0.167516
0.837428 0.201483
0.844264 0.229865
0.846675 0.28547
0.846248 0.313578
0.841853 0.419355
0.83816 0.449385
0.837336 0.49147
0.837408 0.504967
0.837479 0.518464
0.85229 0.541032
0.842677 0.581194
0.841548 0.618854
0.841548 0.716605
0.836879 0.796564
0.849742 0.799753
0.853603 0.829951
0.84402 0.939238
0.851711 0.969787
0.86053 0.0449232
0.85902 0.0622578
0.857509 0.0795923
0.85754 0.11008
0.862728 0.190619
0.872097 0.232154
0.85873 0.256783
0.862911 0.343547
0.859096 0.375469
0.867318 0.40403
0.870235 0.433607
0.862911 0.478042
0.870571 0.571795
0.867977 0.601276
0.857967 0.642994
0.86462 0.67568
0.859432 0.687674
0.870449 0.703085
0.860061 0.757199
0.855861 0.762261
0.865719 0.801874
0.854305 0.886196
0.867428 0.911679
0.859767 0.999878
0.874508 0.00372326
0.884243 0.0303049
0.881619 0.0616779
0.883161 0.0884849
0.891774 0.0989774
0.878389 0.129287
0.874325 0.16483
0.877895 0.276498
0.886959 0.312601
0.886319 0.362102
0.885189 0.461562
0.879666 0.517563
0.886319 0.631703
0.891812 0.658742
0.883328 0.726768
0.891354 0.768242
0.89143 0.79371
0.878574 0.797792
0.87402 0.858882
0.883694 0.943632
0.890316 0.973418
0.90286 0.00784326
0.897527 0.0654469
0.900388 0.10947
0.898678 0.149083
0.90645 0.174971
0.899258 0.201025
0.898251 0.251259
0.90286 0.337199
0.893409 0.390584
0.904813 0.4344
0.909284 0.447432
0.896115 0.488876
0.907355 0.514381
0.896512 0.54976
0.90997 0.58208
0.895729 0.606455
0.907163 0.704856
0.905271 0.743156
0.900876 0.837519
0.894345 0.889248
0.90762 0.927976
0.90286 0.999908
0.917447 0.044557
0.912958 0.100394
0.919553 0.129948
0.919502 0.178476
0.919553 0.228584
0.918638 0.275582
0.91937 0.312876
0.92938 0.347514
0.913388 0.36961
0.928678 0.390561
0.915647 0.409742
0.913755 0.460463
0.923887 0.536821
0.911725 0.605243
0.91348 0.628407
0.928281 0.680074
0.919675 0.726447
0.92407 0.758751
0.92761 0.764977
0.917142 0.785546
0.913541 0.813013
0.929533 0.834689
0.917142 0.860683
0.923338 0.905057
0.916318 0.954161
0.923048 0.98645
0.936064 0.0111087
0.944517 0.041963
0.936033 0.0686361
0.935087 0.0852229
0.934141 0.10181
0.944822 0.149571
0.932554 0.181982
0.94763 0.204443
0.937834 0.256417
0.946715 0.292734
0.94171 0.37138
0.945219 0.398724
0.940123 0.43263
0.93994 0.479019
0.935942 0.511795
0.940886 0.570727
0.933256 0.599109
0.947829 0.622692
0.933225 0.64922
0.93408 0.709738
0.938078 0.744407
0.942869 0.774346
0.932066 0.783319
0.940062 0.807886
0.946226 0.875607
0.941801 0.935057
0.943236 0.972991
0.931242 0.999268
0.967254 0.0130314
0.960204 0.0808435
0.952637 0.122748
0.962554 0.171148
0.966308 0.248024
0.962416 0.316202
0.952208 0.326212
0.965314 0.353062
0.95999 0.457503
0.963744 0.527451
0.95883 0.541765
0.965636 0.592486
0.953673 0.62035
0.962401 0.646275
0.963805 0.68511
0.962929 0.714305
0.950575 0.726478
0.96707 0.743217
0.965972 0.800592
0.956755 0.830653
0.95819 0.902127
0.96646 0.957213
0.959136 0.997131
0.971509 0.0465853
0.970122 0.0990783
0.980041 0.117313
0.971313 0.144688
0.98703 0.183111
0.972655 0.216742
0.974944 0.274056
0.980857 0.301828
0.972625 0.306192
0.982657 0.33947
0.981839 0.372174
0.970088 0.381635
0.970275 0.416913
0.979812 0.435057
0.968657 0.513138
0.971034 0.565945
0.973327 0.603824
0.981017 0.615162
0.972625 0.63184
0.973723 0.770989
0.976119 0.812754
0.986267 0.824915
0.973418 0.852229
0.973102 0.879442
0.984374 0.986724
0.997833 0.0111698
0.997742 0.038728
0.988311 0.0682089
0.999664 0.0966521
0.997894 0.156865
0.995422 0.249367
0.999298 0.287454
1 0.325877
0.993591 0.362712
0.988936 0.388013
0.996033 0.403851
0.989349 0.4532
0.992187 0.4832
0.998718 0.524552
0.994079 0.551714
0.999481 0.582049
0.991577 0.64333
0.993377 0.680105
0.998444 0.707144
0.998138 0.749657
0.996582 0.795709
0.998596 0.870113
0.999023 0.901974
0.987487 0.931944
0.998718 0.959532
