971
0.0115665 0.00555437
0.0105899 0.0766625
0.00167852 0.104831
0.00491348 0.14478
0.0132756 0.183447
0.00216681 0.213477
0.000488296 0.259621
0.00543229 0.288308
0.00961333 0.314859
0.00122074 0.342601
0.00949126 0.370006
0.00100711 0.395642
0.0130619 0.424848
0.00231941 0.45381
0.00579852 0.484054
0.00415052 0.526444
0.0148625 0.553606
0.00628681 0.583361
0.0089114 0.611408
0.000793481 0.637287
0.00128178 0.674825
0.00360118 0.70513
0.00888089 0.733818
0.000122074 0.770775
0.0112918 0.804834
0.00405896 0.834407
0.000579852 0.881375
0.00308237 0.909085
0.00112918 0.937284
0.0106204 0.962737
0.00964385 0.99884
0.0301218 0.032899
0.0306711 0.0968352
0.0351878 0.129887
0.0299387 0.208991
0.0281381 0.240272
0.0340587 0.270791
0.0361034 0.308176
0.0286569 0.337687
0.0314646 0.393963
0.0316477 0.449049
0.0361339 0.477035
0.0217597 0.505692
0.0341502 0.578845
0.0357372 0.609394
0.025605 0.65334
0.0274972 0.68392
0.0290231 0.774438
0.0343028 0.84518
0.0352184 0.881497
0.0345775 0.917997
0.0427259 0.0596637
0.0385144 0.160894
0.0564898 0.344462
0.0412 0.368603
0.0516984 0.419355
0.0557878 0.500748
0.0524003 0.537522
0.0464797 0.63628
0.0518815 0.706107
0.0480972 0.743278
0.0483413 0.813807
0.0476699 0.942167
0.0500198 0.969726
0.0434889 0.998749
0.0581378 0.00689718
0.0711081 0.0413526
0.0719321 0.0781884
0.0632954 0.1171
0.0655538 0.177862
0.0758995 0.214942
0.0581378 0.246895
0.0628071 0.393445
0.0621662 0.445967
0.0663167 0.473159
0.0628986 0.569872
0.0722983 0.627552
0.0658895 0.660695
0.0719321 0.728507
0.0591449 0.77749
0.0663472 0.852779
0.0660421 0.889187
0.0730308 0.926054
0.0747093 0.955992
0.0740074 0.99942
0.0844447 0.000579852
0.0935697 0.12534
0.0902737 0.155187
0.0921659 0.18598
0.076754 0.270058
0.0769982 0.308145
0.0880764 0.338237
0.0831935 0.372906
0.0872524 0.407544
0.0834376 0.497482
0.087466 0.528336
0.0903958 0.568529
0.078341 0.698538
0.0798364 0.755577
0.0802942 0.804559
0.0941496 0.846828
0.0926237 0.875149
0.0903958 0.903165
0.108646 0.0266732
0.0966521 0.0552995
0.0960112 0.0954619
0.102084 0.225349
0.104129 0.253121
0.112125 0.284707
0.108371 0.313852
0.100955 0.434339
0.0990631 0.465987
0.113804 0.507218
0.110111 0.547563
0.0954009 0.606708
0.104923 0.634449
0.0981475 0.677511
0.110508 0.741295
0.105411 0.774712
0.10828 0.95172
0.0978118 0.977721
0.113215 1.07719
0.127689 0.0069277
0.126133 0.0483413
0.123936 0.0765709
0.131993 0.115055
0.128697 0.147069
0.11475 0.171331
0.123692 0.199896
0.118107 0.355907
0.119175 0.398694
0.130833 0.529099
0.1189 0.588794
0.131291 0.626545
0.126408 0.653829
0.128574 0.686239
0.121952 0.712271
0.122654 0.801721
0.113956 0.8287
0.117069 0.861446
0.126072 0.898801
0.129246 0.928007
0.123386 0.990692
0.150914 0.214454
0.133518 0.242195
0.141758 0.268502
0.149815 0.300088
0.142216 0.33198
0.141514 0.379131
0.144017 0.412915
0.141301 0.439955
0.141362 0.472396
0.14359 0.50029
0.144383 0.555803
0.150243 0.726066
0.150121 0.853297
0.137394 0.965484
0.153752 0.0290231
0.16126 0.0607318
0.153111 0.0897549
0.162419 0.11539
0.153539 0.173986
0.165868 0.240242
0.167913 0.344523
0.170171 0.436384
0.169897 0.472854
0.153233 0.581561
0.156835 0.666311
0.152776 0.765557
0.152623 0.892025
0.166326 0.931211
0.166417 0.970366
0.153142 0.999786
0.175237 0.00753807
0.189001 0.134587
0.176794 0.160314
0.170904 0.269997
0.180334 0.29548
0.184271 0.322214
0.176214 0.372143
0.171361 0.399152
0.185217 0.503311
0.171422 0.54207
0.181341 0.571184
0.173467 0.607379
0.178625 0.638966
0.183935 0.674032
0.174383 0.703177
0.180242 0.764397
0.17835 0.800623
0.175909 0.833949
0.179754 0.86111
0.183599 0.998505
0.208686 0.000335704
0.203284 0.030427
0.195349 0.0584124
0.205512 0.103824
0.196631 0.192053
0.194403 0.22541
0.192236 0.253151
0.206244 0.368938
0.199133 0.442457
0.197882 0.532548
0.201697 0.61449
0.205145 0.646687
0.202612 0.702139
0.195196 0.734703
0.197089 0.888577
0.192602 0.947783
0.208716 0.978484
0.217261 0.0765404
0.214759 0.152837
0.222236 0.180822
0.22074 0.213691
0.219092 0.242012
0.219337 0.274453
0.211097 0.31193
0.212073 0.339793
0.227302 0.397534
0.225623 0.429792
0.225501 0.470656
0.215613 0.498489
0.209998 0.567064
0.226325 0.600421
0.22544 0.720328
0.21659 0.773186
0.224738 0.805902
0.209571 0.830073
0.210791 0.919462
0.221747 0.947569
0.233985 0.0134892
0.237007 0.0529801
0.24485 0.0881985
0.231941 0.11536
0.239601 0.329997
0.23365 0.369701
0.24543 0.45085
0.238472 0.51445
0.241279 0.571245
0.246712 0.62273
0.228431 0.661031
0.23896 0.696524
0.236671 0.752831
0.245216 0.778344
0.228675 0.857356
0.245521 0.909391
0.245094 0.965087
0.239296 0.993957
0.265114 0.0148625
0.26017 0.111362
0.247536 0.140477
0.260689 0.171148
0.248238 0.208472
0.247139 0.239692
0.249763 0.302988
0.261513 0.414167
0.252144 0.478439
0.258003 0.548723
0.265297 0.691031
0.251411 0.727775
0.254677 0.803919
0.260353 0.845271
0.251869 0.878262
0.267342 0.0431532
0.27195 0.0812403
0.277383 0.215857
0.278451 0.292581
0.269021 0.347758
0.275033 0.380718
0.274911 0.455855
0.274239 0.494186
0.274697 0.527055
0.282632 0.573839
0.274941 0.604877
0.269417 0.650166
0.277047 0.717704
0.275338 0.746727
0.277993 0.779412
0.284249 0.806818
0.278603 0.865261
0.273934 0.897244
0.281594 0.923734
0.271401 0.950163
0.267098 0.988861
0.301767 0.00460829
0.291757 0.0317392
0.29899 0.0680258
0.294534 0.146428
0.286782 0.248451
0.302744 0.272256
0.287637 0.318674
0.297861 0.396435
0.289376 0.432386
0.293771 0.47496
0.298379 0.627705
0.292581 0.666402
0.302438 0.749687
0.291848 0.837642
0.302713 0.886715
0.30137 0.979675
0.30726 0.108432
0.30491 0.191443
0.305612 0.221442
0.32075 0.334696
0.315806 0.363292
0.311197 0.453169
0.309336 0.500626
0.305307 0.527482
0.310007 0.563189
0.305002 0.589801
0.322031 0.647481
0.305399 0.719169
0.307199 0.787866
0.313303 0.816523
0.308115 0.859951
0.312387 0.917814
0.308939 0.94467
0.332377 0.0186468
0.333506 0.0506912
0.332713 0.0809046
0.332316 0.119938
0.333537 0.175115
0.337565 0.219855
0.323649 0.295083
0.324381 0.389538
0.340831 0.481704
0.336772 0.518906
0.338328 0.553514
0.336711 0.594256
0.333171 0.67391
0.336894 0.705435
0.332957 0.736564
0.337535 0.83108
0.337199 0.859127
0.329814 0.885922
0.33076 0.998413
0.357707 0.00354015
0.357891 0.0665914
0.347026 0.146489
0.352123 0.19602
0.351726 0.250649
0.350993 0.287484
0.359783 0.336192
0.344279 0.358989
0.35371 0.384991
0.35667 0.411695
0.341777 0.451582
0.350627 0.639668
0.360515 0.6657
0.344584 0.791559
0.356639 0.927488
0.345805 0.96762
0.364025 0.038667
0.369884 0.0995514
0.369549 0.129032
0.368114 0.222205
0.373852 0.273385
0.369091 0.310007
0.371349 0.453047
0.365947 0.506211
0.374401 0.555895
0.371044 0.584826
0.365307 0.612506
0.36433 0.699942
0.364269 0.731864
0.362346 0.760033
0.362712 0.849086
0.366283 0.985809
0.36906 1.05
0.391095 0.0300607
0.389538 0.0664693
0.381054 0.183111
0.396771 0.213202
0.39848 0.240608
0.388012 0.366924
0.380016 0.395276
0.382946 0.425642
0.384259 0.477767
0.385907 0.525773
0.391552 0.620045
0.390179 0.666372
0.392346 0.707694
0.397595 0.793817
0.382458 0.821467
0.389782 0.856563
0.381878 0.893551
0.394238 0.924741
0.384228 0.957396
0.41496 0.044496
0.40556 0.116977
0.404248 0.146702
0.411084 0.182257
0.403821 0.284982
0.400372 0.340556
0.415967 0.36436
0.398755 0.452101
0.402417 0.504105
0.40202 0.559313
0.400647 0.58858
0.409131 0.737724
0.403638 0.764977
0.414808 0.871578
0.417524 0.947203
0.407605 0.998596
0.424757 0.00463881
0.425428 0.0790124
0.433363 0.141362
0.428419 0.22187
0.420484 0.260659
0.419568 0.313395
0.419324 0.393475
0.41847 0.421857
0.426008 0.474624
0.431867 0.502945
0.427595 0.5309
0.424604 0.622944
0.43086 0.668264
0.417981 0.696676
0.430616 0.759819
0.426557 0.788385
0.419202 0.816706
0.421583 0.845057
0.424207 0.897488
0.427473 0.977386
0.454207 0.00662252
0.452986 0.0557573
0.441511 0.101016
0.445814 0.165807
0.444716 0.246864
0.44261 0.277016
0.441755 0.34257
0.444624 0.378155
0.455123 0.415174
0.437666 0.442976
0.455275 0.474715
0.454848 0.547807
0.439131 0.584124
0.452528 0.648976
0.448317 0.69808
0.449812 0.727103
0.447615 0.813562
0.448897 0.845576
0.450972 0.903287
0.443159 0.933378
0.455275 0.96231
0.451003 0.997742
0.464736 0.220618
0.46144 0.298502
0.464278 0.32609
0.464766 0.359386
0.474502 0.494613
0.459426 0.521012
0.456099 0.612445
0.462233 0.674917
0.457961 0.780297
0.47441 0.867885
0.468734 0.924619
0.484664 0.0431227
0.477371 0.0720237
0.479019 0.110843
0.47618 0.194189
0.479843 0.244606
0.477401 0.272805
0.487655 0.345347
0.483139 0.423566
0.475417 0.449629
0.489242 0.546464
0.475051 0.58327
0.491043 0.665365
0.482559 0.709647
0.48851 0.777032
0.479934 0.809137
0.484603 0.837397
0.485275 0.901303
0.492508 0.937681
0.484725 0.963652
0.487808 0.99765
0.500015 0.015595
0.508011 0.0611591
0.502548 0.088992
0.495926 0.150365
0.504624 0.17951
0.497269 0.213507
0.504715 0.260475
0.509842 0.28901
0.49556 0.3137
0.508255 0.36259
0.494034 0.388165
0.50792 0.439344
0.499802 0.477981
0.511368 0.530869
0.500626 0.574023
0.506516 0.636402
0.511093 0.695028
0.506363 0.724784
0.509354 0.801141
0.508286 0.858882
0.511765 0.886502
0.521348 0.036195
0.528031 0.118473
0.529099 0.21775
0.51793 0.331736
0.526963 0.405957
0.528703 0.478957
0.515854 0.604389
0.524613 0.755272
0.51973 0.833003
0.516098 0.915769
0.514542 0.958953
0.529344 0.993683
0.537919 0.014771
0.533341 0.0745262
0.54912 0.100131
0.548967 0.135319
0.533189 0.184027
0.533891 0.250862
0.547716 0.284433
0.541581 0.310862
0.541276 0.365947
0.535508 0.439558
0.539781 0.503494
0.536485 0.54445
0.53441 0.575915
0.538621 0.631184
0.533769 0.669088
0.536088 0.72457
0.535874 0.783929
0.542253 0.818262
0.54326 0.853511
0.541429 0.936491
0.546373 0.966216
0.567553 0.0107425
0.553056 0.0402234
0.563189 0.0654012
0.563036 0.16953
0.558855 0.201636
0.556932 0.231178
0.557665 0.337016
0.558641 0.41673
0.551286 0.462783
0.561998 0.527177
0.55913 0.590716
0.563829 0.617969
0.562853 0.652516
0.551286 0.700613
0.552324 0.758599
0.565813 0.878048
0.558122 0.913297
0.559008 0.996918
0.584124 0.0436415
0.57622 0.114566
0.579455 0.25132
0.579607 0.28721
0.578845 0.320505
0.576281 0.369671
0.578417 0.448805
0.570818 0.489883
0.584582 0.636402
0.577258 0.685781
0.571154 0.719413
0.57738 0.784875
0.576434 0.811975
0.573199 0.844386
0.575762 0.933592
0.573168 0.960448
0.586657 0.998383
0.602191 0.0157781
0.594256 0.0809656
0.594989 0.143101
0.59447 0.170934
0.59154 0.222022
0.60622 0.318613
0.603778 0.348674
0.60445 0.394238
0.598895 0.421216
0.600543 0.47734
0.596332 0.508377
0.590991 0.563463
0.594195 0.606281
0.598743 0.668783
0.597552 0.708548
0.590899 0.73983
0.604877 0.778344
0.590106 0.90289
0.607074 0.946837
0.601703 0.973754
0.617237 0.0432447
0.614307 0.0995514
0.618824 0.130009
0.620014 0.220679
0.608142 0.257668
0.622242 0.282662
0.624622 0.36668
0.614124 0.448927
0.624531 0.493362
0.61214 0.546709
0.611927 0.584948
0.620258 0.691824
0.621082 0.732627
0.615375 0.80697
0.612232 0.846522
0.608448 0.880367
0.619861 0.916349
0.630787 0.00918607
0.643788 0.0360424
0.642354 0.0662252
0.631062 0.157994
0.628986 0.192816
0.637287 0.244392
0.640706 0.307443
0.632832 0.334117
0.635609 0.393353
0.641652 0.556658
0.633168 0.615101
0.635334 0.653523
0.64449 0.71398
0.635884 0.76278
0.638111 0.82815
0.640004 0.85638
0.629719 0.962523
0.627277 0.990448
0.646718 0.102084
0.651692 0.129124
0.654042 0.175207
0.661519 0.228462
0.649647 0.279092
0.660604 0.338633
0.66039 0.376629
0.651875 0.437117
0.647267 0.470901
0.661885 0.496048
0.648762 0.524796
0.653584 0.588733
0.657002 0.634022
0.661336 0.671926
0.64864 0.79461
0.662984 0.841578
0.661489 0.877377
0.655934 0.914823
0.650349 0.941893
0.659322 0.994873
0.665059 0.013184
0.667348 0.0518204
0.667989 0.0792566
0.678579 0.121647
0.670858 0.152776
0.677023 0.205084
0.678793 0.262215
0.668264 0.3108
0.666433 0.406568
0.67861 0.455031
0.682333 0.522507
0.668722 0.559099
0.677786 0.600543
0.670766 0.708182
0.665242 0.735374
0.678213 0.788049
0.671041 0.814875
0.69042 0.00338755
0.699179 0.0904569
0.686544 0.176
0.697287 0.239814
0.694052 0.322336
0.684896 0.351329
0.68807 0.380657
0.695517 0.40672
0.702322 0.435377
0.693167 0.494247
0.699759 0.548936
0.683584 0.643208
0.700766 0.690481
0.702261 0.720786
0.684561 0.755364
0.691031 0.838618
0.690359 0.868557
0.698355 0.908536
0.688406 0.960173
0.692007 0.999756
0.718833 0.0299997
0.705252 0.0538652
0.707633 0.118778
0.71572 0.157811
0.712821 0.210974
0.707419 0.267525
0.71746 0.297403
0.703726 0.466994
0.715751 0.516587
0.704093 0.585498
0.704398 0.612751
0.712424 0.66567
0.703696 0.774987
0.702597 0.813593
0.718528 0.935514
0.72808 0.0829493
0.735435 0.132694
0.735954 0.193609
0.73693 0.233924
0.722312 0.336314
0.727012 0.409528
0.740104 0.436598
0.731346 0.471358
0.727653 0.558824
0.730277 0.59331
0.733177 0.686483
0.73986 0.712638
0.725578 0.746086
0.724265 0.797143
0.722526 0.841975
0.731101 0.872158
0.728141 0.973388
0.74398 0.00555437
0.746055 0.0383007
0.756432 0.0766015
0.744346 0.106754
0.75161 0.166601
0.740532 0.279916
0.747551 0.322672
0.751305 0.357463
0.740654 0.385937
0.757256 0.415937
0.747856 0.509262
0.756859 0.563829
0.745781 0.6451
0.751061 0.776055
0.750084 0.817255
0.758202 0.878384
0.742119 0.903043
0.743553 0.948851
0.753929 0.990112
0.774255 0.00244148
0.762536 0.138493
0.760582 0.220832
0.766015 0.248787
0.769219 0.302438
0.774071 0.338328
0.767235 0.382
0.764641 0.453047
0.768639 0.489914
0.763359 0.536088
0.769372 0.599109
0.760948 0.687246
0.764519 0.731101
0.775658 0.79519
0.764519 0.842006
0.770959 0.904508
0.769738 0.958556
0.778344 0.0444349
0.786676 0.0715354
0.783563 0.102695
0.788995 0.143925
0.786584 0.175268
0.786431 0.213294
0.79223 0.267281
0.787744 0.401227
0.790185 0.430189
0.796655 0.477859
0.788659 0.509781
0.795404 0.538041
0.796899 0.602466
0.779992 0.633778
0.778619 0.666829
0.784448 0.708151
0.792352 0.743828
0.785607 0.770196
0.788507 0.828181
0.786279 0.871181
0.792962 0.930998
0.797052 0.958098
0.785607 0.986236
0.807337 0.0185553
0.810388 0.0569475
0.805658 0.118809
0.808405 0.195502
0.797784 0.293741
0.800623 0.359539
0.798547 0.570299
0.807428 0.630177
0.811518 0.713736
0.808283 0.889859
0.816156 0.979247
0.834162 0.00802637
0.823115 0.0936918
0.834651 0.119572
0.817042 0.143468
0.827631 0.176336
0.831172 0.220252
0.82165 0.275033
0.817774 0.318705
0.827326 0.354442
0.829585 0.384136
0.819514 0.417798
0.817438 0.445845
0.825709 0.49498
0.821375 0.523057
0.827235 0.552904
0.827845 0.602374
0.831935 0.653981
0.820673 0.685293
0.823908 0.744316
0.832606 0.775658
0.821863 0.800592
0.818934 0.831629
0.816706 0.859279
0.834559 0.914762
0.826167 0.943266
0.843654 0.0593585
0.850795 0.0893887
0.851741 0.151677
0.841792 0.246681
0.844569 0.406812
0.839289 0.462081
0.844752 0.57857
0.83874 0.627369
0.850215 0.675283
0.840541 0.717826
0.852779 0.754723
0.853877 0.79638
0.850703 0.825678
0.850917 0.971099
0.844844 0.998321
0.868892 0.00802637
0.858669 0.0332041
0.863948 0.127079
0.870205 0.183538
0.866298 0.233497
0.863826 0.265603
0.85757 0.2931
0.862239 0.320322
0.863979 0.370373
0.864406 0.476546
0.863308 0.504227
0.861232 0.540513
0.870479 0.570788
0.86758 0.610431
0.861934 0.699698
0.85989 0.884426
0.855159 0.933225
0.879452 0.0566424
0.878292 0.0974761
0.878811 0.15598
0.87759 0.34547
0.888546 0.385418
0.880245 0.442885
0.88992 0.591937
0.875546 0.638111
0.878872 0.665822
0.878567 0.721061
0.883297 0.752617
0.879025 0.851497
0.876308 0.907254
0.882839 0.933378
0.884915 0.966308
0.873623 0.99411
0.905301 0.000579852
0.900906 0.0401318
0.905148 0.0672018
0.89407 0.119419
0.903745 0.181005
0.897549 0.230781
0.905972 0.281777
0.899167 0.309427
0.904843 0.336131
0.904324 0.363628
0.90051 0.422468
0.892849 0.471267
0.898678 0.508316
0.909116 0.53328
0.896542 0.558641
0.899808 0.619037
0.901425 0.650227
0.902951 0.700858
0.895535 0.779717
0.897977 0.808557
0.90875 0.849422
0.896329 0.875607
0.907712 0.99234
0.926664 0.0309458
0.918577 0.0968047
0.92407 0.12775
0.916532 0.155156
0.91876 0.213569
0.924985 0.241585
0.927854 0.387371
0.928831 0.414655
0.923887 0.441725
0.928098 0.479476
0.918149 0.575762
0.927702 0.639393
0.924039 0.66747
0.91348 0.739769
0.919584 0.767144
0.92584 0.793878
0.929075 0.822779
0.928587 0.878933
0.915708 0.930906
0.922514 0.969573
0.948912 0.00140385
0.938353 0.058504
0.94818 0.105991
0.936277 0.1742
0.948454 0.210303
0.935514 0.284524
0.932066 0.318003
0.935758 0.354595
0.947081 0.457015
0.943419 0.506088
0.936247 0.550127
0.941099 0.610431
0.949034 0.685568
0.940214 0.729575
0.941191 0.847377
0.946348 0.993011
0.963347 0.0441298
0.953734 0.134068
0.967864 0.162755
0.965972 0.189703
0.960997 0.240272
0.960051 0.320292
0.965575 0.538804
0.95468 0.65096
0.958281 0.777825
0.953856 0.81167
0.962951 0.869503
0.95407 0.89584
0.961882 0.931516
0.950194 0.957884
0.978301 0.0969878
0.970122 0.26838
0.972198 0.345988
0.968657 0.378613
0.971831 0.419538
0.973601 0.495437
0.979278 0.563219
0.969695 0.590381
0.971099 0.62447
0.971801 0.70333
0.968352 0.734306
0.971221 0.842555
0.985839 0.888241
0.975555 0.974822
0.993957 0.00314341
0.998047 0.0443434
0.990936 0.0704367
0.99591 0.11829
0.996735 0.15656
0.995819 0.186926
0.992859 0.221961
0.997925 0.254189
0.995056 0.282815
0.993316 0.324961
0.999634 0.358715
0.996612 0.392499
0.997009 0.437391
0.992523 0.464003
0.999115 0.526658
0.999695 0.587359
0.998566 0.619556
0.992798 0.646626
0.990875 0.679952
0.998535 0.706564
0.996033 0.758873
0.987304 0.791528
0.99527 0.821863
0.995636 0.861965
0.993408 0.915586
0.991363 0.948271
0.996246 0.993652
1.03154 0.890313
1.03338 0.934493
1.05092 0.791038
1.08096 0.668431
