983
0.0111087 0.0100711
0.0126652 0.0373547
0.00222785 0.0653096
0.00177007 0.0937834
0.0117801 0.124607
0.00146489 0.156957
0.00836207 0.187597
0.0142216 0.218024
0.0121769 0.249153
0.00274667 0.285836
0.000549333 0.312906
0.0147404 0.336528
0.00619526 0.364147
0.001648 0.414136
0.000885037 0.449538
0.00216681 0.497452
0.00442518 0.524949
0.0124821 0.555803
0.0019837 0.58269
0.010712 0.616687
0.00549333 0.650136
0.00405896 0.679952
0.00375378 0.718619
0.00866726 0.761681
0.0137333 0.793145
0.00381481 0.819453
0.0120243 0.847468
0.00195318 0.873501
0.00418104 0.914914
0.0021363 0.950652
0.00839259 0.986358
0.0315256 0.0588092
0.0316477 0.1507
0.0364696 0.235939
0.0377514 0.35493
0.0199896 0.389538
0.0257271 0.436354
0.0292672 0.468825
0.0294198 0.497238
0.0376598 0.630512
0.0353404 0.680868
0.0251778 0.735679
0.0365307 0.761498
0.0297555 0.93057
0.0325327 0.966399
0.0476699 0.00350963
0.0392468 0.0293588
0.0385449 0.0865505
0.0567034 0.16071
0.0390942 0.200446
0.0401013 0.265603
0.0433973 0.298898
0.0380566 0.410108
0.0544145 0.448042
0.0567339 0.483413
0.053621 0.529405
0.0507523 0.556291
0.0562151 0.607471
0.05356 0.65923
0.0525529 0.720603
0.051149 0.803583
0.0404065 0.828791
0.0379955 0.865688
0.0511795 0.898709
0.0396741 0.994354
0.0612812 0.046144
0.0657979 0.0780663
0.0633259 0.115207
0.0740379 0.235633
0.069277 0.317331
0.0696738 0.34666
0.0665914 0.374798
0.0639363 0.419996
0.0738243 0.511185
0.0739158 0.579119
0.0686972 0.632221
0.0657063 0.692923
0.0614948 0.778252
0.0695517 0.835597
0.0575274 0.94409
0.0644551 0.971313
0.0746788 0.996246
0.0763573 0.00704978
0.0887783 0.0596942
0.0876186 0.140812
0.084048 0.169805
0.0801721 0.203894
0.0795923 0.262856
0.085757 0.295236
0.0903653 0.410718
0.0916776 0.438429
0.0867641 0.480697
0.0771813 0.545732
0.083346 0.607196
0.0816065 0.659108
0.089053 0.714835
0.0900601 0.744926
0.0836207 0.796258
0.0770897 0.86227
0.0814844 0.894467
0.0925932 0.920316
0.0920743 0.956938
0.11359 0.000244148
0.108036 0.0295724
0.0963164 0.0922269
0.105411 0.229926
0.111454 0.284677
0.102664 0.318857
0.100375 0.351238
0.0991851 0.37907
0.106754 0.533891
0.107974 0.592456
0.112522 0.668355
0.113132 0.699515
0.0953398 0.772088
0.0970488 0.821253
0.105502 0.879879
0.101688 0.997192
0.119266 0.0687582
0.124943 0.0989715
0.117313 0.136753
0.117038 0.169774
0.122257 0.206122
0.126011 0.260048
0.13242 0.36787
0.129337 0.400464
0.122654 0.429884
0.114902 0.468215
0.114872 0.5009
0.117069 0.560656
0.132145 0.637989
0.117038 0.755577
0.117283 0.793939
0.132633 0.816828
0.13007 0.846705
0.116947 0.905667
0.121464 0.935484
0.130589 0.964598
0.130467 0.995727
0.135746 0.0157781
0.141057 0.0450148
0.151646 0.105472
0.145268 0.137272
0.143681 0.16541
0.146428 0.236183
0.139653 0.291726
0.138218 0.319956
0.14359 0.452223
0.142582 0.480056
0.134098 0.535905
0.145604 0.560961
0.1348 0.610279
0.141301 0.692923
0.144169 0.745811
0.143681 0.776391
0.143101 0.881039
0.168828 0.0623493
0.155248 0.20069
0.153081 0.262459
0.162938 0.30842
0.159764 0.359813
0.152623 0.386761
0.16654 0.416608
0.162969 0.534959
0.160131 0.584735
0.160131 0.630757
0.162297 0.669088
0.163091 0.723319
0.164037 0.818506
0.159917 0.852535
0.165014 0.907773
0.157659 0.936674
0.157933 0.970519
0.17008 0.995209
0.187048 0.00637837
0.179571 0.106204
0.176519 0.136601
0.175024 0.168126
0.182745 0.197851
0.172582 0.22779
0.180425 0.282052
0.187719 0.326212
0.188147 0.365154
0.188879 0.395825
0.178838 0.442244
0.174657 0.473556
0.186407 0.607013
0.185003 0.652638
0.189276 0.732414
0.17185 0.764977
0.18244 0.791742
0.178686 0.879238
0.186224 0.938871
0.194037 0.0456862
0.202185 0.078402
0.20716 0.108493
0.20072 0.158635
0.20365 0.232856
0.206366 0.268075
0.208106 0.4326
0.202918 0.467452
0.190283 0.498093
0.191748 0.52678
0.194037 0.557848
0.208777 0.591357
0.190802 0.687338
0.199042 0.758934
0.199744 0.823176
0.192877 0.853603
0.208655 0.877895
0.203986 0.907041
0.190344 0.966979
0.199255 0.998474
0.219825 0.000244148
0.21717 0.030488
0.224281 0.0579546
0.218329 0.136387
0.213965 0.203986
0.217597 0.309183
0.216742 0.33787
0.213843 0.378735
0.215217 0.406445
0.216102 0.509873
0.223426 0.539903
0.212134 0.628681
0.218146 0.665548
0.210944 0.708823
0.209418 0.790185
0.218238 0.951231
0.236824 0.103336
0.232368 0.184027
0.244453 0.251015
0.235206 0.281686
0.238411 0.366741
0.234962 0.429121
0.230232 0.476272
0.241432 0.572192
0.23075 0.607288
0.239265 0.7022
0.229408 0.732292
0.234626 0.763329
0.238685 0.808802
0.232643 0.859554
0.230934 0.896634
0.228797 0.924467
0.235817 0.972625
0.248299 0.00894192
0.260689 0.0344249
0.251808 0.0795312
0.259651 0.133824
0.251839 0.163244
0.25428 0.303598
0.260536 0.34959
0.263771 0.401196
0.252449 0.450423
0.256966 0.489212
0.252785 0.522172
0.259529 0.550432
0.256172 0.643086
0.254616 0.677145
0.256447 0.739616
0.257149 0.843898
0.247688 0.943846
0.278817 0.00265511
0.273873 0.0583819
0.271584 0.105838
0.281198 0.155217
0.272683 0.20951
0.277535 0.246437
0.266182 0.277352
0.279153 0.371349
0.280557 0.424329
0.277016 0.507248
0.276467 0.573931
0.267159 0.60921
0.266304 0.704428
0.283822 0.737846
0.278024 0.771905
0.276986 0.803125
0.28074 0.874203
0.268075 0.898678
0.27897 0.927976
0.268868 0.962615
0.277474 0.994903
0.2884 0.0332957
0.289132 0.0805078
0.292093 0.190344
0.299326 0.224799
0.302042 0.280526
0.291604 0.3108
0.300546 0.337901
0.295358 0.393628
0.30134 0.446974
0.2931 0.478713
0.295419 0.531114
0.299142 0.607105
0.286386 0.637043
0.299753 0.684652
0.286294 0.835139
0.303262 0.914823
0.30314 0.951872
0.318491 0.0364391
0.317942 0.071688
0.308145 0.102634
0.307962 0.129856
0.311991 0.156621
0.320078 0.302927
0.319468 0.36671
0.309885 0.416333
0.309366 0.504013
0.304239 0.567248
0.313334 0.659658
0.313028 0.711264
0.307779 0.752281
0.305277 0.779443
0.313028 0.827265
0.30726 0.854488
0.312723 0.883114
0.305307 0.99939
0.333598 0.00766015
0.336253 0.132633
0.328074 0.183081
0.328898 0.212287
0.323771 0.263039
0.328135 0.392407
0.341655 0.429548
0.332102 0.482681
0.326456 0.538682
0.335337 0.56505
0.332438 0.597491
0.340251 0.644765
0.329661 0.687857
0.334941 0.774071
0.335124 0.915281
0.330271 0.947539
0.336985 0.982452
0.342784 0.057741
0.345164 0.0889309
0.345225 0.162145
0.358562 0.191626
0.354411 0.232002
0.3549 0.261513
0.343059 0.287851
0.346019 0.32371
0.360271 0.356365
0.354289 0.38612
0.347026 0.456893
0.343028 0.512711
0.360332 0.592822
0.349651 0.618458
0.359539 0.664205
0.344462 0.712149
0.348277 0.742821
0.351024 0.828516
0.344768 0.858058
0.351543 0.889523
0.356517 0.940275
0.363231 0.0401013
0.369732 0.0770287
0.361919 0.116611
0.372234 0.166967
0.372478 0.291665
0.375469 0.440931
0.363628 0.488449
0.361431 0.539476
0.376293 0.566942
0.370067 0.639393
0.373608 0.689505
0.371075 0.771538
0.361736 0.802637
0.373608 0.851894
0.376202 0.914853
0.361888 0.966979
0.36137 0.998901
0.380871 0.000305185
0.391522 0.0541398
0.392224 0.110294
0.384594 0.140172
0.394635 0.187475
0.380505 0.21778
0.397137 0.240791
0.381787 0.266366
0.386731 0.348094
0.38786 0.377026
0.38139 0.412885
0.38905 0.476913
0.388073 0.531693
0.388806 0.591418
0.39552 0.622578
0.396863 0.658132
0.38081 0.7163
0.393139 0.750633
0.396832 0.788934
0.387219 0.814722
0.385693 0.887753
0.390057 0.938047
0.41615 6.1037e-05
0.416608 0.124546
0.412641 0.152806
0.411298 0.210547
0.413953 0.263161
0.411817 0.295785
0.407941 0.329569
0.414777 0.370556
0.410779 0.404462
0.402539 0.435987
0.410077 0.501175
0.407025 0.559832
0.400311 0.694388
0.41261 0.826655
0.402509 0.854366
0.41551 0.896969
0.417371 0.929655
0.41023 0.969329
0.398663 0.995727
0.421674 0.0455031
0.417798 0.089053
0.422712 0.18598
0.432478 0.348827
0.43553 0.387768
0.418073 0.461104
0.43556 0.490616
0.429914 0.545091
0.417829 0.590381
0.43263 0.613788
0.420698 0.639119
0.424604 0.681509
0.422132 0.71514
0.423841 0.757408
0.43498 0.806696
0.428571 0.870754
0.432356 0.98529
0.440474 0.074221
0.446059 0.10773
0.450697 0.134465
0.440626 0.162328
0.445387 0.232917
0.442579 0.277749
0.436903 0.307566
0.442091 0.433973
0.45497 0.459365
0.437117 0.571612
0.453139 0.593463
0.448592 0.663533
0.446547 0.72689
0.44554 0.777184
0.449904 0.909757
0.444136 0.938536
0.466506 0.0137944
0.460524 0.047029
0.462355 0.182409
0.468245 0.215857
0.472182 0.272683
0.456954 0.330821
0.455763 0.36375
0.463881 0.412824
0.461928 0.497299
0.469619 0.564837
0.461379 0.623981
0.461501 0.687277
0.460494 0.753929
0.471694 0.791223
0.460158 0.821741
0.463057 0.852504
0.460738 0.883541
0.473647 0.926664
0.461715 0.994293
0.474837 0.0748009
0.474776 0.107791
0.475326 0.151646
0.488907 0.175024
0.489944 0.241768
0.476119 0.305704
0.487777 0.34138
0.48204 0.374859
0.474868 0.438093
0.481429 0.476302
0.47499 0.538194
0.490127 0.587054
0.48854 0.615955
0.491592 0.659383
0.480819 0.709861
0.487167 0.768365
0.491745 0.812372
0.487197 0.890774
0.483932 0.976928
0.499374 0.00241096
0.510514 0.0342418
0.506455 0.0701315
0.50206 0.104434
0.505997 0.137852
0.496933 0.213813
0.49971 0.269509
0.511368 0.302438
0.509079 0.362255
0.500931 0.407758
0.502029 0.493698
0.498856 0.523667
0.500381 0.552507
0.508744 0.682943
0.495041 0.735069
0.501633 0.860866
0.50441 0.914762
0.501663 0.953429
0.511093 0.996216
0.527177 0.0019837
0.526322 0.0916776
0.531114 0.126713
0.518357 0.187536
0.524369 0.220252
0.518967 0.246712
0.528947 0.413831
0.515519 0.446852
0.524644 0.478805
0.528245 0.518418
0.524064 0.569445
0.519059 0.65508
0.526963 0.712943
0.519089 0.749718
0.519211 0.779229
0.526322 0.809687
0.521683 0.842128
0.516587 0.885098
0.526627 0.973693
0.53737 0.0283517
0.534074 0.159764
0.547563 0.206091
0.531632 0.277474
0.531724 0.322062
0.537248 0.357677
0.548326 0.435896
0.548173 0.547807
0.541429 0.6039
0.549455 0.657155
0.540178 0.685965
0.549211 0.728507
0.547258 0.761132
0.542161 0.871731
0.535569 0.919187
0.534898 0.947447
0.542558 0.998627
0.562975 0.037904
0.557176 0.0828272
0.559221 0.110385
0.560839 0.16834
0.552904 0.233528
0.557848 0.26368
0.55913 0.304727
0.566332 0.34788
0.556413 0.378155
0.5674 0.410932
0.561663 0.48677
0.565203 0.521592
0.551439 0.575487
0.552019 0.628742
0.554888 0.787683
0.568224 0.816095
0.551683 0.843562
0.557787 0.898434
0.564837 0.926664
0.564562 0.95584
0.566851 0.982971
0.572558 0.000152593
0.580279 0.0687582
0.584338 0.100558
0.57036 0.139744
0.582415 0.1854
0.579363 0.216407
0.584399 0.248238
0.581255 0.288614
0.587939 0.32197
0.583514 0.379925
0.581439 0.451033
0.587939 0.480758
0.584216 0.554582
0.569689 0.599292
0.586871 0.621143
0.587054 0.666768
0.577136 0.695975
0.577074 0.731407
0.576403 0.759789
0.580676 0.847194
0.579577 0.880398
0.586138 0.90878
0.60329 0.000732444
0.589953 0.0248115
0.600269 0.1536
0.602496 0.26838
0.598987 0.352763
0.596759 0.408795
0.595538 0.518326
0.601856 0.595935
0.60683 0.698508
0.595019 0.790826
0.591998 0.9429
0.591693 0.97058
0.602283 0.997803
0.618335 0.030488
0.610157 0.0648213
0.621021 0.0956145
0.614399 0.129185
0.624592 0.178838
0.609912 0.208258
0.615009 0.238441
0.622791 0.294412
0.611866 0.377117
0.61269 0.430891
0.616504 0.463698
0.617115 0.497208
0.61745 0.534532
0.623829 0.565661
0.61269 0.635609
0.61504 0.667714
0.610523 0.728629
0.625629 0.791528
0.609424 0.818506
0.609058 0.851344
0.610187 0.880642
0.618305 0.917631
0.618366 0.956542
0.632191 0.00311289
0.636769 0.0587481
0.644856 0.159673
0.640278 0.218482
0.639668 0.252998
0.626545 0.323557
0.627461 0.354472
0.643696 0.382397
0.632313 0.408948
0.639821 0.435255
0.644276 0.531205
0.642933 0.585711
0.642262 0.626087
0.6404 0.656514
0.640522 0.720023
0.63216 0.758263
0.635792 0.831813
0.64156 0.863887
0.636921 0.896115
0.631947 0.99002
0.646077 0.0275277
0.649647 0.0867336
0.658528 0.128452
0.64919 0.191046
0.654927 0.280343
0.649556 0.308542
0.658101 0.345408
0.654805 0.46736
0.654225 0.500992
0.653279 0.558977
0.648427 0.683859
0.650929 0.807794
0.648915 0.926206
0.651357 0.96997
0.657826 0.998505
0.669301 0.0468764
0.67806 0.157262
0.681478 0.18659
0.665731 0.240638
0.678091 0.310007
0.677267 0.38084
0.668111 0.406384
0.672323 0.441084
0.678274 0.534715
0.672536 0.578784
0.667287 0.605548
0.675039 0.641438
0.680563 0.672231
0.666097 0.705618
0.666402 0.732627
0.670247 0.766564
0.679922 0.81344
0.674764 0.840663
0.676443 0.871029
0.678823 0.904569
0.672536 0.942137
0.689657 0.000885037
0.701865 0.0419324
0.694998 0.0797754
0.68569 0.108402
0.700522 0.220862
0.698538 0.268136
0.689779 0.342601
0.701743 0.368084
0.69396 0.415662
0.702017 0.476241
0.686636 0.501633
0.696005 0.555345
0.699606 0.617267
0.69216 0.717887
0.697989 0.791436
0.701224 0.85403
0.698965 0.886776
0.702139 0.941771
0.689535 0.966491
0.693106 0.996216
0.715018 0.0100101
0.70394 0.13068
0.705405 0.158269
0.720786 0.246437
0.710562 0.299875
0.715018 0.327036
0.714286 0.396191
0.713065 0.440718
0.712607 0.521775
0.712882 0.581042
0.719138 0.637806
0.70571 0.662038
0.704215 0.689871
0.704184 0.752495
0.710776 0.815455
0.720511 0.966796
0.732566 0.0343638
0.728599 0.0680563
0.726127 0.106204
0.734123 0.166967
0.729759 0.200171
0.739311 0.305551
0.73513 0.371227
0.723319 0.494858
0.728324 0.550707
0.73983 0.585894
0.72982 0.611713
0.733451 0.675649
0.722892 0.717704
0.738151 0.756859
0.724387 0.783898
0.732047 0.841945
0.726432 0.877346
0.724296 0.907926
0.732871 0.998566
0.744346 0.00689718
0.754387 0.0506912
0.751213 0.0941801
0.741386 0.139134
0.756737 0.196295
0.742729 0.230506
0.745567 0.264199
0.749626 0.334758
0.74865 0.399487
0.74514 0.437269
0.745811 0.474593
0.745994 0.526872
0.745018 0.701559
0.752495 0.729118
0.751488 0.804254
0.751518 0.863033
0.741935 0.94702
0.754051 0.971496
0.769341 0.0253914
0.768212 0.125065
0.76339 0.160863
0.760002 0.287332
0.77749 0.318583
0.77163 0.356182
0.775628 0.395276
0.774407 0.435316
0.774804 0.475723
0.771172 0.503708
0.760094 0.564959
0.76101 0.623188
0.767205 0.671041
0.774834 0.779778
0.759606 0.835169
0.759575 0.926603
0.790094 0.000732444
0.781762 0.0524613
0.78045 0.0819117
0.789697 0.150395
0.792566 0.200995
0.784326 0.243843
0.795282 0.293527
0.796686 0.412427
0.781579 0.534806
0.790857 0.57033
0.782586 0.701041
0.77868 0.735893
0.790094 0.819727
0.780755 0.851772
0.788507 0.904813
0.784478 0.942137
0.781732 0.985351
0.813807 0.0830103
0.800439 0.106906
0.815455 0.231605
0.811335 0.3314
0.798944 0.355235
0.803796 0.382702
0.807886 0.447157
0.80987 0.481216
0.809229 0.510269
0.809564 0.5374
0.800775 0.61156
0.804315 0.662709
0.803339 0.719504
0.809076 0.746055
0.809992 0.79165
0.811365 0.878079
0.808924 0.953246
0.81286 0.995636
0.820765 0.000152593
0.827876 0.0300607
0.834712 0.116733
0.819788 0.141636
0.818812 0.173376
0.820368 0.203558
0.818689 0.275735
0.833491 0.354534
0.831324 0.384747
0.832545 0.435743
0.818964 0.573901
0.823664 0.642415
0.830531 0.773156
0.81695 0.838008
0.833583 0.860103
0.838618 0.0547197
0.842647 0.0850246
0.853755 0.141362
0.849116 0.170263
0.844752 0.232948
0.853359 0.275704
0.841914 0.302652
0.852046 0.331614
0.850093 0.409528
0.847285 0.459059
0.850062 0.520646
0.844844 0.550249
0.837855 0.593249
0.845027 0.620716
0.852138 0.65508
0.836879 0.678518
0.837031 0.734306
0.836543 0.802576
0.837764 0.92172
0.843562 0.960967
0.84048 0.9888
0.863704 0.018891
0.868923 0.10239
0.861019 0.209693
0.872188 0.251015
0.861171 0.375317
0.864803 0.436109
0.854213 0.490188
0.861843 0.571398
0.867519 0.600208
0.868282 0.680898
0.856655 0.713828
0.861415 0.748192
0.86462 0.805261
0.867 0.857753
0.855464 0.88702
0.860164 0.937742
0.868313 0.992096
0.875271 0.0456862
0.883328 0.0713218
0.889401 0.12772
0.878933 0.166936
0.876339 0.302866
0.876064 0.344005
0.88992 0.381481
0.885433 0.482101
0.876553 0.508347
0.886715 0.625782
0.886044 0.657521
0.889523 0.737053
0.876095 0.780389
0.891385 0.826136
0.885922 0.892605
0.878292 0.963286
0.896756 0.00824
0.907956 0.0382092
0.900418 0.0977203
0.91052 0.179571
0.895108 0.214484
0.902371 0.247017
0.903561 0.297555
0.894101 0.323283
0.901852 0.355388
0.900449 0.412091
0.898526 0.525193
0.893704 0.552568
0.901242 0.680929
0.901639 0.707785
0.901547 0.765954
0.906308 0.798334
0.900021 0.852138
0.904599 0.923948
0.909268 0.95764
0.906095 0.999115
0.911283 0.0693991
0.91525 0.14951
0.927091 0.215003
0.913083 0.271859
0.920621 0.330699
0.922361 0.393048
0.926847 0.42378
0.911252 0.456587
0.912381 0.488174
0.924497 0.56798
0.917539 0.597278
0.916074 0.647877
0.928068 0.74041
0.929899 0.769036
0.928404 0.822535
0.929594 0.85934
0.919401 0.886807
0.941191 0.0222175
0.940855 0.0502335
0.93701 0.083224
0.937346 0.110294
0.943846 0.160924
0.934812 0.24131
0.9317 0.301859
0.948454 0.326212
0.938749 0.351848
0.934294 0.51738
0.943571 0.627461
0.944182 0.674429
0.930296 0.699545
0.939329 0.797784
0.947935 0.885647
0.932951 0.91174
0.937834 0.945555
0.933225 0.975707
0.965606 0.0850551
0.965239 0.116001
0.956389 0.200995
0.950163 0.268654
0.962645 0.299905
0.955901 0.383007
0.959349 0.415876
0.955351 0.443342
0.949187 0.469527
0.95938 0.495712
0.950926 0.541032
0.967131 0.569903
0.95291 0.594378
0.962065 0.721244
0.958892 0.778039
0.967437 0.822779
0.96234 0.859249
0.963958 0.912992
0.965697 0.941526
0.95822 0.993652
0.969543 0.022248
0.971099 0.0522477
0.970489 0.147649
0.979278 0.218696
0.968413 0.245338
0.981353 0.269234
0.976806 0.32725
0.969817 0.356395
0.98706 0.413068
0.985534 0.444899
0.98175 0.540483
0.969024 0.616626
0.969207 0.662496
0.978851 0.687674
0.973937 0.749199
0.999695 0.0351878
0.990997 0.0703146
0.990173 0.0982391
0.989624 0.128269
0.998688 0.165654
0.993377 0.19541
0.996857 0.242012
0.996643 0.294778
0.996674 0.349162
0.9888 0.384167
0.995086 0.475234
0.990814 0.515183
0.997681 0.582293
0.996612 0.611377
0.993622 0.650838
0.992706 0.716147
0.997284 0.783166
0.999268 0.811121
0.995025 0.857875
0.987762 0.884152
0.998474 0.910306
0.998413 0.937864
0.991333 0.969634
0.990783 0.996704
