1200
0.014008 0.00268563
0.00412 0.0296335
0.00708029 0.0763573
6.1037e-05 0.113346
0.00796533 0.141728
0.00134281 0.176794
0.00250252 0.206488
0.0177007 0.234291
0.00750755 0.259163
0.017304 0.290109
0.00277718 0.314859
0.0180975 0.355815
0.00183111 0.402325
6.1037e-05 0.433882
0.00250252 0.477981
0.0183416 0.508255
0.00256355 0.541887
0.00387585 0.583087
0.00750755 0.623035
0.00103763 0.649953
0.00405896 0.711417
0.00146489 0.740867
0.00463881 0.774621
0.0156255 0.822138
0.011597 0.876034
0.00476089 0.903104
0.00640889 0.938383
0.00299081 0.96585
0.0117191 0.994232
0.0233926 0.0137731
0.0266427 0.103671
0.0294504 0.162053
0.0357372 0.261422
0.0235793 0.31875
0.036028 0.325793
0.0225837 0.38258
0.0357067 0.430891
0.0207831 0.453291
0.0363908 0.471006
0.0333873 0.484237
0.0366185 0.562561
0.0292978 0.571184
0.0324412 0.601306
0.0354625 0.629353
0.0277718 0.660024
0.0237129 0.69161
0.0365917 0.718619
0.0295633 0.746377
0.0366832 0.803491
0.0303049 0.918424
0.0371125 0.963123
0.033021 0.975616
0.0555132 0.00677511
0.0405896 0.0498062
0.0401929 0.0795007
0.0511795 0.131993
0.0423902 0.194464
0.0440687 0.224677
0.0568224 0.249594
0.0424512 0.330668
0.0509049 0.361339
0.0521561 0.407025
0.0467477 0.464473
0.0460219 0.53975
0.0436203 0.550889
0.0474037 0.622827
0.0544145 0.672262
0.0413221 0.772484
0.0397351 0.83578
0.0451369 0.862789
0.0439161 0.895138
0.0408032 0.945921
0.0497793 0.956583
0.0654317 0.0326853
0.0741295 0.0612506
0.0712302 0.0926237
0.062624 0.163518
0.0738 0.181399
0.0739463 0.191443
0.0679085 0.22055
0.0697043 0.233894
0.064272 0.279061
0.0594195 0.306406
0.0732224 0.414244
0.0719159 0.421491
0.0631123 0.444594
0.0639363 0.475143
0.0606708 0.50264
0.0694487 0.540639
0.0618915 0.582324
0.0598773 0.616321
0.0634175 0.644063
0.0591449 0.702902
0.0618 0.739738
0.0700095 0.792688
0.0700705 0.820215
0.0751366 0.877224
0.0612742 0.895778
0.0574969 0.921964
0.0571306 0.993927
0.0845973 0.00708029
0.0794702 0.119602
0.0919217 0.169805
0.0872993 0.176436
0.0913419 0.21366
0.0774898 0.246285
0.0920366 0.252973
0.0941801 0.301767
0.0773949 0.34547
0.082461 0.376476
0.0805078 0.410657
0.0907315 0.464827
0.0772423 0.529466
0.0844752 0.566698
0.0880764 0.609424
0.0858557 0.627599
0.0916776 0.701437
0.0928983 0.734184
0.0889513 0.741154
0.0813929 0.763176
0.0859096 0.844447
0.083285 0.911924
0.087405 0.942869
0.0820948 0.970702
0.0849443 0.998794
0.0972015 0.0347911
0.104007 0.0802942
0.0973235 0.142918
0.0965606 0.240333
0.103417 0.330389
0.105899 0.360363
0.11005 0.388806
0.105045 0.432752
0.105106 0.501175
0.102908 0.547105
0.102444 0.586698
0.0965911 0.636616
0.0977813 0.663533
0.11063 0.772027
0.10007 0.806726
0.103763 0.875301
0.110599 0.921934
0.0973322 0.936999
0.112491 0.958434
0.110599 0.986999
0.128086 0.0037843
0.132298 0.0599689
0.124453 0.100122
0.114444 0.120212
0.124943 0.162023
0.120579 0.192358
0.120151 0.223487
0.114231 0.262947
0.132511 0.310343
0.132054 0.339579
0.131443 0.41258
0.126988 0.467544
0.123539 0.521989
0.122318 0.56859
0.116764 0.611225
0.132237 0.666982
0.125828 0.694845
0.124088 0.736503
0.122985 0.766552
0.128697 0.803064
0.114902 0.829737
0.132481 0.859676
0.12476 0.898709
0.144261 0.0323496
0.151097 0.103397
0.141942 0.134129
0.151097 0.228248
0.147801 0.259651
0.133854 0.282723
0.140705 0.298988
0.143376 0.378033
0.148458 0.394887
0.147618 0.436506
0.146184 0.495865
0.141636 0.545396
0.147374 0.601489
0.133274 0.635884
0.139731 0.775864
0.15006 0.837764
0.149297 0.887356
0.137761 0.931455
0.149419 0.959532
0.137791 0.991211
0.15656 0.00698874
0.170476 0.048616
0.164129 0.07828
0.170812 0.12598
0.155156 0.159947
0.168279 0.195349
0.156804 0.297983
0.158757 0.336131
0.158635 0.404859
0.170284 0.435516
0.15537 0.468245
0.164184 0.479532
0.159246 0.525132
0.166173 0.558336
0.162419 0.662282
0.158177 0.697012
0.155766 0.726615
0.162023 0.756768
0.163488 0.807855
0.153279 0.817628
0.158323 0.913276
0.167394 0.999847
0.185766 0.0225837
0.189306 0.103336
0.189723 0.140647
0.181616 0.245949
0.175146 0.277871
0.183477 0.3137
0.181646 0.354472
0.171014 0.380064
0.174871 0.432813
0.183447 0.464492
0.173711 0.489608
0.187292 0.525864
0.179902 0.540154
0.171817 0.552271
0.181768 0.587268
0.180151 0.626392
0.183508 0.706961
0.181341 0.782373
0.178954 0.834807
0.17478 0.863552
0.179418 0.895718
0.179083 0.93701
0.181646 0.97
0.205503 0.0361579
0.19837 0.0488907
0.205603 0.0788598
0.198279 0.129948
0.196631 0.159703
0.195502 0.18833
0.190893 0.218329
0.207915 0.251893
0.206488 0.278817
0.198179 0.294268
0.204077 0.337901
0.199713 0.377544
0.193976 0.407208
0.201575 0.444044
0.195835 0.456185
0.199961 0.475535
0.206427 0.551073
0.20777 0.604968
0.198553 0.64922
0.196265 0.678152
0.195715 0.731101
0.205359 0.757561
0.205097 0.771207
0.19364 0.809748
0.205688 0.875512
0.202124 0.912137
0.203497 0.999542
0.213629 0.0254069
0.227577 0.0609149
0.219245 0.113041
0.224891 0.188208
0.224647 0.23075
0.214576 0.305429
0.226997 0.407666
0.21015 0.48619
0.218146 0.52678
0.210669 0.578234
0.227332 0.64095
0.210314 0.657429
0.211505 0.675093
0.211066 0.707663
0.226508 0.801447
0.211188 0.84283
0.22079 0.891889
0.214362 0.943846
0.230659 0.00317392
0.231769 0.0365524
0.245884 0.0396139
0.235923 0.0716265
0.231618 0.0882896
0.231269 0.144841
0.240181 0.26899
0.244758 0.299509
0.230628 0.328654
0.233497 0.357219
0.235967 0.396001
0.229404 0.413544
0.233192 0.458388
0.237709 0.50441
0.235145 0.551073
0.239509 0.58092
0.240761 0.614734
0.244087 0.697836
0.235908 0.726676
0.234901 0.759575
0.23545 0.877346
0.229316 0.909574
0.22837 0.975372
0.248329 0.0290841
0.251137 0.108615
0.260231 0.142888
0.247108 0.167638
0.251564 0.239845
0.258583 0.333262
0.260964 0.364452
0.25779 0.413923
0.257759 0.444655
0.2584 0.483169
0.248824 0.54673
0.260351 0.56263
0.249153 0.570421
0.249947 0.658864
0.263466 0.716697
0.25428 0.810724
0.253212 0.843989
0.260536 0.892178
0.250649 0.926908
0.248604 0.957518
0.254372 0.999054
0.274514 0.0177007
0.268593 0.0702536
0.26582 0.103721
0.266304 0.202521
0.282113 0.232826
0.277932 0.272408
0.284158 0.309946
0.273415 0.391766
0.282662 0.467483
0.277031 0.502706
0.265755 0.513871
0.276188 0.537978
0.281594 0.585772
0.277566 0.617115
0.275399 0.667837
0.280707 0.69502
0.26896 0.753563
0.267708 0.781671
0.276559 0.8305
0.275704 0.86462
0.276467 0.93936
0.272378 0.974792
0.299631 0.00292978
0.302454 0.0221008
0.296304 0.0410474
0.289773 0.128361
0.285989 0.156011
0.298227 0.204352
0.30312 0.218637
0.289407 0.345073
0.292917 0.373211
0.289682 0.435713
0.288766 0.494827
0.294595 0.522507
0.287423 0.556627
0.29844 0.653493
0.29725 0.736259
0.294351 0.768426
0.301187 0.843318
0.286355 0.900693
0.300516 0.973785
0.289926 0.998627
0.317576 0.0778527
0.306528 0.102664
0.322153 0.136937
0.307718 0.172246
0.311533 0.230293
0.310953 0.293741
0.316599 0.320902
0.317209 0.353435
0.306192 0.409284
0.317484 0.479263
0.308179 0.562741
0.313852 0.575945
0.307382 0.610553
0.310007 0.681875
0.30491 0.708487
0.305063 0.801752
0.318003 0.88815
0.307138 0.944517
0.316562 0.954341
0.337382 0.0195624
0.325053 0.0502945
0.336344 0.0973846
0.335551 0.190069
0.336711 0.218482
0.322733 0.258278
0.328166 0.388195
0.334727 0.427107
0.32844 0.453536
0.334422 0.512406
0.330622 0.515556
0.331095 0.552507
0.328898 0.627827
0.327219 0.661122
0.341014 0.69277
0.32374 0.749412
0.327433 0.780877
0.3314 0.814386
0.330912 0.844142
0.323466 0.914579
0.334483 0.943937
0.339874 0.97463
0.330515 0.997894
0.355571 0.0761437
0.350122 0.12465
0.346416 0.154973
0.34843 0.246437
0.344096 0.283059
0.348582 0.315104
0.34901 0.343699
0.352519 0.373302
0.354503 0.403394
0.355937 0.45555
0.345195 0.480667
0.342427 0.523463
0.348967 0.561784
0.356578 0.569689
0.352123 0.60509
0.358654 0.650594
0.346568 0.727012
0.358715 0.795129
0.347179 0.887204
0.354534 0.915769
0.358094 0.932384
0.352611 0.969848
0.360637 0.999237
0.368206 0.006592
0.366283 0.0412
0.368816 0.104648
0.377941 0.137272
0.372794 0.184592
0.372149 0.22006
0.376596 0.262998
0.375774 0.277505
0.37962 0.310495
0.37788 0.338267
0.378857 0.365764
0.362743 0.429182
0.36552 0.507736
0.377667 0.536454
0.362155 0.56444
0.378643 0.593799
0.376049 0.623249
0.370708 0.695273
0.362072 0.757042
0.361831 0.795029
0.361416 0.81251
0.377605 0.819483
0.366636 0.85525
0.379294 0.884859
0.366222 0.943388
0.396344 0.034669
0.384136 0.0668966
0.390476 0.126055
0.386822 0.164769
0.383184 0.173752
0.391552 0.192694
0.39729 0.259774
0.389284 0.357038
0.383865 0.36963
0.388195 0.407849
0.387066 0.454024
0.383801 0.481613
0.395947 0.50972
0.391666 0.578183
0.391067 0.603443
0.382794 0.665792
0.383388 0.702411
0.387097 0.737236
0.395886 0.763939
0.392926 0.794336
0.393179 0.84858
0.382856 0.904942
0.392865 0.91406
0.382927 0.968712
0.390057 0.998199
0.401379 0.00634785
0.415326 0.0677816
0.409192 0.0943937
0.41597 0.106085
0.403485 0.12064
0.400098 0.230323
0.403058 0.294473
0.407361 0.322214
0.405713 0.363414
0.411451 0.391949
0.412275 0.42494
0.409192 0.471267
0.407239 0.537058
0.402234 0.56621
0.402264 0.613514
0.406323 0.646931
0.41175 0.678618
0.398694 0.68862
0.413879 0.726627
0.409101 0.826319
0.407727 0.871761
0.416059 0.937468
0.412824 0.966033
0.428327 0.0315867
0.425825 0.144627
0.422224 0.171911
0.422956 0.210242
0.425397 0.246925
0.435041 0.282144
0.43614 0.320139
0.426832 0.346294
0.421022 0.382464
0.433485 0.447127
0.429273 0.496384
0.42027 0.586901
0.422523 0.600362
0.429334 0.613422
0.422651 0.668538
0.423353 0.699423
0.424016 0.708354
0.432875 0.748283
0.424482 0.778039
0.419599 0.899197
0.432794 0.921461
0.431013 0.997833
0.442579 0.00698874
0.446577 0.0671712
0.438185 0.0933256
0.448469 0.126072
0.438388 0.224953
0.451033 0.231086
0.439619 0.391766
0.448714 0.419538
0.450026 0.474807
0.442366 0.523148
0.437239 0.554063
0.442274 0.642079
0.455184 0.672719
0.436762 0.698744
0.453932 0.779839
0.44261 0.807184
0.442274 0.836818
0.438093 0.866817
0.445418 0.911222
0.445906 0.952086
0.456893 0.0382702
0.473708 0.0687887
0.465133 0.0980865
0.456618 0.162023
0.458632 0.202612
0.465835 0.259865
0.472772 0.282335
0.457564 0.301584
0.466323 0.333659
0.455672 0.363109
0.467818 0.390393
0.469558 0.443007
0.466842 0.498276
0.47029 0.526017
0.466384 0.553301
0.459151 0.581378
0.457503 0.613849
0.463416 0.696052
0.464675 0.720664
0.469131 0.749748
0.459658 0.759488
0.468612 0.82873
0.465377 0.865017
0.472091 0.892972
0.465407 0.988067
0.477462 0.0159917
0.484085 0.124729
0.482573 0.152377
0.478225 0.179724
0.490951 0.22483
0.492965 0.261055
0.483962 0.290506
0.487263 0.328084
0.48472 0.366523
0.479629 0.414899
0.48779 0.426433
0.485439 0.610292
0.488693 0.638264
0.485824 0.666402
0.476516 0.692862
0.48085 0.799524
0.478408 0.924314
0.479629 0.962249
0.506943 0.011475
0.495529 0.0408643
0.497482 0.0980865
0.511551 0.133488
0.502976 0.198187
0.508202 0.272703
0.501877 0.311472
0.494949 0.339122
0.508438 0.392041
0.496323 0.439467
0.498154 0.468062
0.496658 0.520554
0.496719 0.557512
0.499344 0.585803
0.50325 0.696921
0.50087 0.730979
0.496475 0.758599
0.496567 0.829188
0.508316 0.853389
0.494249 0.868805
0.497665 0.881924
0.509873 0.911344
0.503159 0.942564
0.501236 0.99704
0.516739 0.0682089
0.517074 0.121045
0.515091 0.162725
0.520218 0.224464
0.529008 0.257302
0.519211 0.284768
0.525834 0.336802
0.514512 0.363231
0.518674 0.413811
0.529862 0.42378
0.52504 0.456923
0.520951 0.489181
0.5262 0.518448
0.523576 0.545671
0.524308 0.573962
0.513016 0.62569
0.525071 0.655934
0.530351 0.704093
0.526017 0.746239
0.519028 0.803644
0.530045 0.835444
0.53148 0.876247
0.515546 0.901888
0.530198 0.945982
0.521332 0.961789
0.512528 0.972564
0.531053 0.999176
0.534562 0.0089114
0.538285 0.0376598
0.547042 0.0630526
0.541917 0.0894192
0.536518 0.105018
0.532121 0.114811
0.538804 0.204749
0.545671 0.233406
0.536204 0.2517
0.533952 0.308817
0.538652 0.388714
0.53328 0.599628
0.542772 0.624989
0.547441 0.675283
0.534532 0.775017
0.549211 0.815088
0.536333 0.903435
0.5362 0.967902
0.545732 0.96939
0.557085 0.0524861
0.559282 0.122898
0.557543 0.151982
0.562151 0.183905
0.569109 0.263588
0.557115 0.288888
0.555834 0.326395
0.555071 0.362835
0.552843 0.446486
0.5627 0.479995
0.551561 0.535691
0.566179 0.56212
0.566271 0.603748
0.566271 0.699911
0.559069 0.730399
0.564714 0.759575
0.551286 0.853725
0.557878 0.920713
0.569262 0.947508
0.559102 0.957197
0.567003 0.991302
0.577227 0.0128178
0.573687 0.0596637
0.571917 0.0878628
0.586138 0.11182
0.583209 0.140416
0.57973 0.207923
0.58337 0.245639
0.58245 0.265279
0.580248 0.313456
0.579638 0.351695
0.576373 0.387219
0.572314 0.416333
0.579394 0.455245
0.570086 0.512314
0.586474 0.582324
0.576745 0.612216
0.573016 0.643574
0.5862 0.678793
0.571337 0.797601
0.571581 0.831111
0.571368 0.884793
0.582507 0.909574
0.585468 0.972375
0.602679 0.00225837
0.59624 0.0435499
0.601001 0.0894192
0.593093 0.100931
0.605579 0.15598
0.594653 0.182684
0.589373 0.240852
0.592151 0.283212
0.604205 0.338328
0.60152 0.368877
0.607135 0.3979
0.598163 0.429304
0.595874 0.489059
0.599078 0.543931
0.605483 0.564591
0.594378 0.608478
0.60152 0.654775
0.59624 0.732505
0.596728 0.762902
0.598712 0.798486
0.591253 0.817295
0.59389 0.862301
0.600146 0.940367
0.596667 0.98178
0.619221 0.0275887
0.611573 0.0416717
0.618458 0.0625324
0.625355 0.17478
0.613147 0.20426
0.62038 0.241615
0.612328 0.253656
0.620563 0.277444
0.609761 0.292987
0.614124 0.305918
0.616756 0.390541
0.617725 0.460952
0.616016 0.515549
0.625519 0.550748
0.615528 0.576159
0.621876 0.603046
0.612476 0.630055
0.6227 0.678121
0.608112 0.705161
0.624134 0.751152
0.610919 0.822901
0.625446 0.847835
0.62038 0.874569
0.625935 0.912198
0.620716 0.99704
0.631306 0.00100711
0.633202 0.0284161
0.639729 0.0456862
0.631784 0.060828
0.634693 0.0854213
0.629322 0.11774
0.639515 0.151341
0.636311 0.219642
0.629454 0.328332
0.642872 0.351939
0.629292 0.382092
0.631611 0.421613
0.640706 0.500809
0.640406 0.562654
0.644917 0.623646
0.644124 0.656178
0.637135 0.710196
0.629566 0.788965
0.636782 0.808391
0.632323 0.965458
0.629933 0.970702
0.659444 0.00405896
0.660948 0.0654923
0.654897 0.199805
0.663076 0.228309
0.645527 0.251625
0.645711 0.297739
0.65248 0.314018
0.66149 0.32574
0.65641 0.375788
0.654561 0.40315
0.649037 0.447188
0.65212 0.474899
0.651479 0.542283
0.650258 0.572344
0.661031 0.600696
0.659125 0.608486
0.660054 0.683218
0.658376 0.743156
0.6459 0.767047
0.660604 0.789636
0.647633 0.816645
0.655721 0.8464
0.655415 0.876186
0.657093 0.907633
0.650441 0.938414
0.660909 0.998993
0.672463 0.0258917
0.668996 0.0468154
0.667623 0.0737938
0.667017 0.104484
0.673269 0.116459
0.669515 0.143193
0.668966 0.173437
0.67611 0.216183
0.676015 0.279397
0.67983 0.361522
0.670064 0.427107
0.680685 0.464644
0.669054 0.497828
0.682028 0.523209
0.665209 0.547274
0.681753 0.581347
0.669378 0.617439
0.667653 0.640004
0.664541 0.712821
0.680563 0.766808
0.682485 0.807764
0.680898 0.928831
0.677114 0.963134
0.684927 0.0208111
0.68981 0.0893887
0.69953 0.107646
0.684683 0.202094
0.688711 0.236854
0.69158 0.314524
0.697073 0.340922
0.684744 0.394665
0.695547 0.438673
0.701026 0.602633
0.68572 0.61681
0.69985 0.665609
0.685415 0.694388
0.691855 0.725913
0.68572 0.834803
0.689566 0.8652
0.688833 0.897092
0.685303 0.931994
0.69335 0.999023
0.709586 0.00286874
0.705374 0.0438551
0.717917 0.0686666
0.713775 0.0831534
0.718497 0.0957671
0.704611 0.1301
0.702567 0.157048
0.715049 0.183813
0.709232 0.196619
0.716514 0.234321
0.706259 0.279214
0.718284 0.303781
0.716788 0.381787
0.71276 0.409192
0.710562 0.48909
0.719504 0.517045
0.705313 0.551683
0.713736 0.596118
0.715506 0.635639
0.704367 0.749901
0.719052 0.771593
0.711447 0.783349
0.712393 0.813856
0.716422 0.844111
0.720939 0.871273
0.716178 0.902829
0.713248 0.930265
0.707572 0.967009
0.73693 0.00732444
0.731664 0.0675679
0.729228 0.0761634
0.733421 0.13422
0.739311 0.169134
0.735557 0.281472
0.739873 0.327021
0.727531 0.356243
0.737999 0.433668
0.732383 0.463881
0.737236 0.548295
0.733726 0.577502
0.740033 0.604315
0.735527 0.621283
0.736045 0.668966
0.722739 0.70922
0.734306 0.737999
0.731606 0.765074
0.735649 0.79519
0.731193 0.951903
0.734123 0.987426
0.746544 0.0389111
0.756487 0.0902361
0.74575 0.110294
0.755303 0.196265
0.7416 0.221717
0.747246 0.248299
0.755608 0.299478
0.758809 0.347053
0.749412 0.372967
0.740532 0.402417
0.759026 0.451033
0.75341 0.507767
0.744346 0.631519
0.752037 0.694205
0.757653 0.772942
0.747658 0.782456
0.752861 0.814969
0.741625 0.82536
0.756785 0.845344
0.751244 0.858638
0.741325 0.891659
0.755088 0.905262
0.742912 0.926176
0.767876 0.00668355
0.767663 0.0827662
0.770592 0.134709
0.773797 0.176489
0.776727 0.237922
0.7734 0.268441
0.775841 0.319407
0.770775 0.416852
0.777947 0.475204
0.771844 0.52913
0.762627 0.568529
0.770989 0.606037
0.76339 0.65685
0.774468 0.719504
0.77517 0.751518
0.763787 0.803095
0.767449 0.832972
0.775017 0.885342
0.767144 0.911466
0.764183 0.954527
0.768085 0.988275
0.792657 0.0238655
0.780175 0.0485244
0.791986 0.105075
0.79574 0.147801
0.786096 0.203467
0.796167 0.293252
0.786279 0.349345
0.780908 0.388989
0.787444 0.400881
0.791528 0.439802
0.790246 0.500595
0.794326 0.593096
0.786157 0.642537
0.791101 0.695822
0.793914 0.766405
0.784509 0.779626
0.79339 0.822993
0.796216 0.90401
0.792772 0.918709
0.79284 0.961852
0.811579 0.00299081
0.803052 0.0323063
0.802484 0.0711997
0.811762 0.126041
0.815699 0.176458
0.808802 0.238044
0.816156 0.266213
0.814997 0.322153
0.805689 0.369091
0.810568 0.417333
0.809728 0.422097
0.804681 0.463607
0.798028 0.535691
0.800562 0.575549
0.80343 0.603015
0.811212 0.632252
0.808313 0.660024
0.803705 0.725944
0.80221 0.754875
0.811029 0.796686
0.7987 0.863582
0.807245 0.892575
0.804224 0.92584
0.802026 0.989715
0.817957 0.0414441
0.834468 0.0710166
0.824152 0.150884
0.825465 0.212378
0.83459 0.37727
0.824281 0.386122
0.818598 0.401349
0.820002 0.432417
0.817896 0.487716
0.821772 0.518571
0.829493 0.561663
0.834925 0.607013
0.822943 0.640873
0.83404 0.648976
0.818323 0.694266
0.834606 0.720623
0.832514 0.761772
0.816797 0.839381
0.832545 0.912198
0.825098 0.962218
0.833094 0.990783
0.840327 0.0212409
0.848872 0.0482498
0.837672 0.0984222
0.84695 0.16773
0.853725 0.195471
0.844539 0.247475
0.843715 0.281106
0.838221 0.348949
0.848759 0.395355
0.848476 0.435011
0.840265 0.446353
0.835993 0.464309
0.852962 0.487045
0.84817 0.513496
0.853297 0.579211
0.849818 0.684011
0.839991 0.725242
0.839717 0.806696
0.850673 0.846095
0.838191 0.878506
0.851503 0.968466
0.866425 0.011827
0.866489 0.0692942
0.872768 0.100742
0.860897 0.134342
0.864772 0.222144
0.856428 0.258734
0.869015 0.269539
0.854915 0.320322
0.871086 0.42333
0.869747 0.462966
0.863247 0.535752
0.862148 0.656453
0.865017 0.756981
0.867629 0.764184
0.868984 0.787377
0.868648 0.866512
0.861324 0.893033
0.857936 0.942106
0.868221 0.989837
0.874722 0.0383007
0.89114 0.122196
0.881436 0.169439
0.888089 0.202307
0.885128 0.242592
0.88757 0.292337
0.873501 0.340434
0.877102 0.369732
0.876583 0.410779
0.88825 0.438849
0.87814 0.49855
0.875652 0.56146
0.891006 0.580823
0.878841 0.595386
0.874386 0.626759
0.889889 0.677755
0.873837 0.70333
0.882595 0.736625
0.875931 0.77564
0.886914 0.786609
0.882962 0.824793
0.891214 0.849759
0.887448 0.923002
0.883114 0.965545
0.893094 0.00418104
0.903592 0.0301828
0.895688 0.0656453
0.905393 0.0963775
0.898526 0.148045
0.905362 0.261605
0.908911 0.275888
0.907315 0.353893
0.901273 0.383679
0.903096 0.405079
0.905686 0.443876
0.895291 0.477584
0.904996 0.509201
0.907529 0.541612
0.902188 0.571978
0.906278 0.617664
0.89346 0.650899
0.90698 0.711875
0.909207 0.74691
0.897519 0.78692
0.897417 0.797344
0.901089 0.862301
0.899533 0.896054
0.908756 0.9345
0.909391 0.989959
0.926009 0.0406716
0.912685 0.0976832
0.924894 0.12067
0.921537 0.163854
0.924894 0.197943
0.924711 0.22837
0.918516 0.287942
0.912381 0.322336
0.914986 0.367409
0.918712 0.390591
0.915467 0.398628
0.914457 0.428114
0.913846 0.455245
0.926786 0.598865
0.91702 0.681509
0.915124 0.770989
0.925779 0.783929
0.914509 0.822678
0.914884 0.836451
0.925779 0.888302
0.915891 0.923063
0.914731 0.950774
0.931394 0.000122074
0.931578 0.0292367
0.932554 0.0605182
0.931944 0.089938
0.932377 0.0962639
0.938166 0.141313
0.937437 0.259682
0.947783 0.296243
0.947874 0.327494
0.946989 0.361583
0.942982 0.400619
0.943602 0.422773
0.944376 0.440933
0.930143 0.482162
0.931852 0.52681
0.93347 0.553972
0.938261 0.637043
0.943022 0.66567
0.934721 0.711447
0.947569 0.742149
0.93936 0.808405
0.938536 0.853847
0.947203 0.912534
0.942778 0.939024
0.933683 0.974517
0.964171 0.0119633
0.957791 0.0808092
0.950102 0.134281
0.964629 0.160161
0.952788 0.186438
0.955443 0.232765
0.955565 0.395306
0.956511 0.448439
0.960356 0.486343
0.960112 0.523148
0.965026 0.556627
0.965911 0.587085
0.961425 0.619526
0.964296 0.647423
0.956694 0.690908
0.962065 0.718802
0.96663 0.729018
0.961125 0.742479
0.965178 0.763115
0.966216 0.791559
0.963164 0.821772
0.96734 0.850471
0.958525 0.884609
0.957701 0.993469
0.969054 0.0558183
0.970305 0.105197
0.979217 0.134495
0.971799 0.153332
0.968972 0.20875
0.969146 0.274911
0.979461 0.327982
0.975402 0.358135
0.977762 0.413523
0.973632 0.426313
0.982482 0.455489
0.977127 0.641776
0.984435 0.897549
0.981658 0.92523
0.971496 0.960021
0.996246 0.000762963
0.999908 0.0432142
0.997223 0.0705283
0.997925 0.103366
0.994903 0.16071
0.987134 0.171659
0.99176 0.193243
0.994842 0.220191
0.987884 0.248421
0.998321 0.274331
0.98825 0.301187
0.996338 0.378063
0.998138 0.412641
0.998718 0.478133
0.994354 0.507248
0.997864 0.541704
0.991791 0.570544
0.988983 0.604755
0.989959 0.636158
0.987976 0.665792
0.992035 0.697531
0.999023 0.726646
0.999603 0.753502
0.992981 0.782525
0.994781 0.817194
0.993679 0.844239
0.988098 0.870724
0.993377 0.98941
