1006
0.000579852 0.0388806
0.00601215 0.068514
0.00183111 0.0961638
0.0132145 0.12595
0.0021363 0.160527
0.00228889 0.196997
0.00167852 0.230537
0.00640889 0.270241
0.00653096 0.318003
0.00402844 0.356548
0.00561541 0.42378
0.00241096 0.45732
0.0011597 0.497452
0.0169073 0.529221
0.0101627 0.577136
0.00265511 0.629719
0.00119022 0.660878
0.00357067 0.691458
0.00292978 0.722861
0.0122074 0.758141
0.00668355 0.793145
0.000793481 0.82223
0.00405896 0.853084
0.00268563 0.907987
0.000793481 0.945189
0.00244148 0.980407
0.0219123 0.00482192
0.0281991 0.0353404
0.0359813 0.0624714
0.0246895 0.179022
0.0312815 0.226539
0.0346385 0.286813
0.030488 0.331767
0.0260628 0.392132
0.0242317 0.482467
0.0310373 0.559221
0.0235908 0.602802
0.0261849 0.64449
0.0271615 0.673055
0.0273446 0.708029
0.0312815 0.781793
0.0327158 0.845057
0.0193487 0.877743
0.0340281 0.924589
0.0323801 0.956664
0.0293283 0.985015
0.0530412 0.000152593
0.0397351 0.100253
0.0404065 0.151891
0.0486465 0.202063
0.0481582 0.255409
0.0496841 0.372723
0.0400708 0.4185
0.0477004 0.464522
0.0488296 0.493912
0.0448927 0.532548
0.0524613 0.591327
0.0477615 0.618732
0.0545425 0.651394
0.0559709 0.71456
0.0433058 0.751793
0.0503861 0.802576
0.0492569 0.869503
0.0501724 0.901425
0.0568865 0.977264
0.0618 0.0262764
0.0677511 0.084994
0.0631428 0.121189
0.0671712 0.15833
0.0727256 0.185308
0.0611896 0.230293
0.0632038 0.312723
0.0697043 0.345378
0.0620746 0.43907
0.0683615 0.515824
0.0701621 0.549028
0.0753197 0.619037
0.0647908 0.683523
0.0597858 0.773217
0.0581683 0.833277
0.0744041 0.883572
0.0749535 0.91757
0.0613422 0.943236
0.0819117 0.00677511
0.0763573 0.0562761
0.0870388 0.13712
0.0901822 0.21543
0.0811792 0.251656
0.0767846 0.283364
0.0914029 0.31724
0.0777001 0.375744
0.0800195 0.408429
0.0937834 0.450697
0.0887783 0.478988
0.0810572 0.583697
0.0822169 0.660665
0.0875271 0.701285
0.0892361 0.730735
0.0866726 0.759026
0.0836207 0.792962
0.0847194 0.839869
0.0873135 0.952361
0.09476 0.980377
0.103153 0.0342418
0.102237 0.0637226
0.0996734 0.110019
0.107913 0.195257
0.110965 0.252998
0.104831 0.283517
0.110538 0.341014
0.104373 0.367901
0.103885 0.42436
0.0998566 0.505325
0.10007 0.542863
0.107883 0.579363
0.106265 0.607593
0.100742 0.638508
0.105502 0.678121
0.11301 0.713218
0.111423 0.810236
0.101871 0.886105
0.101566 0.925291
0.114597 0.00909452
0.120945 0.0872219
0.129887 0.120457
0.117527 0.159337
0.12714 0.223823
0.127506 0.301248
0.131748 0.367962
0.121494 0.393078
0.124058 0.443892
0.114231 0.469314
0.13007 0.492782
0.12421 0.522202
0.131779 0.620197
0.132572 0.654469
0.114139 0.754479
0.130345 0.78695
0.114841 0.841761
0.125797 0.908261
0.122501 0.965667
0.129856 0.992096
0.148686 0.0246284
0.135533 0.0505081
0.142338 0.145604
0.146123 0.17423
0.146001 0.202368
0.148961 0.24247
0.135716 0.269967
0.143925 0.32664
0.132969 0.41789
0.150609 0.534562
0.133824 0.55736
0.138432 0.592914
0.139286 0.6892
0.143773 0.724723
0.150853 0.754173
0.137852 0.821497
0.143559 0.867183
0.133641 0.939787
0.166082 0.0019837
0.165105 0.0534684
0.15479 0.0788293
0.157628 0.108554
0.170507 0.267281
0.166814 0.303995
0.166459 0.34792
0.167028 0.383251
0.168432 0.419935
0.157781 0.448836
0.169652 0.47322
0.159764 0.507889
0.162664 0.560259
0.165471 0.648183
0.166234 0.704764
0.15952 0.784173
0.165716 0.81933
0.169622 0.847224
0.156957 0.896969
0.167608 0.925443
0.153294 0.963439
0.15656 0.998596
0.184759 0.0318613
0.185888 0.0746788
0.184942 0.114292
0.176489 0.139866
0.174718 0.180883
0.187323 0.208716
0.183935 0.238624
0.183816 0.327349
0.186651 0.443281
0.178869 0.534532
0.177465 0.58507
0.176733 0.617237
0.185156 0.680563
0.18244 0.734733
0.18717 0.762566
0.177038 0.873623
0.179693 0.953642
0.179022 0.982299
0.194098 0.00195318
0.207129 0.136753
0.200446 0.168798
0.197821 0.264229
0.195746 0.294748
0.197028 0.353038
0.195929 0.385632
0.199683 0.468551
0.19013 0.496658
0.193243 0.557298
0.20716 0.582781
0.19425 0.645924
0.194189 0.706931
0.208441 0.782403
0.19187 0.80462
0.192999 0.831507
0.190771 0.903134
0.208716 0.961394
0.204321 0.993927
0.221503 0.00180059
0.210852 0.0437635
0.212683 0.0806909
0.218329 0.190283
0.209815 0.225043
0.219367 0.313913
0.213935 0.428297
0.226356 0.480575
0.219886 0.507096
0.215491 0.540635
0.225776 0.606616
0.217353 0.659688
0.2154 0.687979
0.218451 0.736473
0.21955 0.819636
0.215186 0.852199
0.20951 0.879391
0.226844 0.904782
0.20896 0.930143
0.23899 0.036195
0.236427 0.0657674
0.23484 0.0969573
0.234138 0.161779
0.24662 0.186926
0.238014 0.221809
0.229713 0.249367
0.233497 0.280313
0.241646 0.333018
0.232643 0.360546
0.235786 0.392834
0.237098 0.455123
0.242561 0.533616
0.239662 0.582446
0.238502 0.631214
0.242561 0.675283
0.233985 0.765526
0.240699 0.837336
0.242134 0.870052
0.233039 0.948973
0.231758 0.977508
0.254921 0.0137944
0.262856 0.0827052
0.256966 0.129398
0.26453 0.283316
0.26386 0.413399
0.259865 0.472091
0.255226 0.606922
0.262307 0.645741
0.261574 0.696554
0.265114 0.725028
0.254433 0.807031
0.254707 0.89996
0.262917 0.943693
0.26545 0.977081
0.249123 0.999359
0.270241 0.0497757
0.269875 0.15302
0.27015 0.207068
0.266243 0.244636
0.266915 0.316996
0.268197 0.354228
0.281533 0.383435
0.278481 0.437666
0.270852 0.501236
0.273324 0.529618
0.266884 0.56032
0.283578 0.590777
0.274148 0.671926
0.269082 0.757744
0.279244 0.786737
0.278848 0.841823
0.27955 0.871395
0.295846 0.000305185
0.297891 0.0281991
0.293588 0.0641194
0.285562 0.098056
0.290475 0.126682
0.287088 0.178014
0.299631 0.218757
0.291574 0.2631
0.298379 0.294748
0.290902 0.329264
0.297952 0.406476
0.293649 0.466506
0.299814 0.500961
0.301187 0.527909
0.296884 0.566637
0.28901 0.619617
0.301401 0.672273
0.294076 0.700003
0.294405 0.733216
0.297372 0.763298
0.291269 0.813868
0.287027 0.906949
0.293191 0.939817
0.29133 0.986847
0.320078 0.0580157
0.314585 0.0854213
0.318278 0.127964
0.306406 0.15537
0.319773 0.332133
0.311411 0.35905
0.309 0.436934
0.31608 0.647633
0.308573 0.850795
0.310526 0.892025
0.31249 0.921033
0.320231 0.965423
0.316477 0.998749
0.325022 0.0174261
0.3395 0.0962116
0.323344 0.17774
0.339152 0.225867
0.326151 0.26075
0.337443 0.301462
0.338145 0.365856
0.324931 0.392254
0.331736 0.421461
0.324564 0.465987
0.335551 0.492935
0.324503 0.545427
0.331828 0.571398
0.324625 0.597797
0.331442 0.625594
0.326029 0.683432
0.323008 0.712607
0.324839 0.739799
0.337077 0.764855
0.336528 0.810236
0.335002 0.839747
0.335582 0.868831
0.33842 0.913755
0.349254 0.00515763
0.343822 0.0365917
0.345836 0.132725
0.349937 0.165808
0.356944 0.279519
0.359233 0.328135
0.346538 0.44676
0.349467 0.519089
0.360088 0.552904
0.358043 0.599109
0.351512 0.643452
0.351207 0.695975
0.359081 0.724021
0.35783 0.78692
0.346507 0.956572
0.346141 0.990417
0.377056 0.0207221
0.366375 0.0517289
0.370678 0.0813318
0.363262 0.109348
0.377361 0.156774
0.36195 0.196905
0.379192 0.225501
0.363964 0.401227
0.371227 0.428114
0.363109 0.473037
0.378063 0.514725
0.37727 0.574053
0.372143 0.622669
0.369335 0.664754
0.368389 0.754143
0.371013 0.813257
0.363231 0.852535
0.361827 0.885372
0.364025 0.929563
0.372387 0.964293
0.382488 0.129154
0.388104 0.18421
0.380535 0.252449
0.380261 0.303049
0.39021 0.339091
0.383709 0.382427
0.390118 0.408582
0.39021 0.488357
0.385601 0.542161
0.391644 0.645131
0.394318 0.67637
0.38142 0.704947
0.390545 0.732902
0.386425 0.775994
0.388383 0.87323
0.385784 0.905484
0.390576 0.939695
0.389813 0.989349
0.402844 0.0100101
0.399487 0.0559709
0.404187 0.0912503
0.416364 0.121616
0.413434 0.169866
0.405377 0.263802
0.413556 0.300394
0.416242 0.41847
0.401013 0.440779
0.410779 0.513627
0.405713 0.560594
0.39967 0.590136
0.407422 0.622425
0.417493 0.654714
0.408643 0.755669
0.404218 0.810297
0.401959 0.845943
0.417554 0.874508
0.414228 0.916044
0.405927 0.963469
0.429548 0.0143437
0.429609 0.0690939
0.428052 0.146243
0.422742 0.201209
0.424207 0.234626
0.418592 0.326884
0.41789 0.381115
0.422895 0.471328
0.432905 0.564684
0.427992 0.597186
0.421552 0.682211
0.419355 0.719779
0.423261 0.787896
0.43144 0.828516
0.428755 0.938902
0.432508 0.973083
0.423933 0.999634
0.44557 0.0458693
0.449202 0.119785
0.452834 0.157598
0.449324 0.188757
0.454512 0.244972
0.436995 0.268624
0.442427 0.297678
0.446944 0.332072
0.437941 0.358501
0.45088 0.410199
0.449775 0.459623
0.445326 0.488601
0.442579 0.530656
0.455458 0.5833
0.444777 0.633137
0.444838 0.664205
0.450484 0.691671
0.4438 0.736808
0.442579 0.765007
0.448531 0.803491
0.443342 0.862789
0.441237 0.890652
0.451613 0.997589
0.472243 0.00827052
0.468463 0.0681688
0.464217 0.0966521
0.458632 0.214881
0.468459 0.285562
0.469069 0.314768
0.460707 0.37965
0.463851 0.434523
0.462233 0.511551
0.467299 0.553728
0.463424 0.610309
0.470687 0.641072
0.47145 0.668691
0.470382 0.714682
0.469344 0.754692
0.470473 0.787103
0.459059 0.839198
0.462539 0.911771
0.46614 0.957427
0.476882 0.0385449
0.480667 0.150304
0.483871 0.188208
0.479965 0.236
0.490371 0.269814
0.47673 0.35728
0.481674 0.408093
0.478011 0.47261
0.491989 0.497543
0.49208 0.524491
0.482894 0.582141
0.49266 0.692679
0.492172 0.770165
0.477554 0.814936
0.479782 0.889157
0.482467 0.92996
0.484146 0.990081
0.504715 0
0.503549 0.0279041
0.49385 0.0875881
0.493942 0.126255
0.508713 0.16657
0.511795 0.245247
0.495895 0.30192
0.50679 0.355693
0.505753 0.389447
0.496536 0.445814
0.507218 0.474013
0.509018 0.563677
0.501755 0.616535
0.496811 0.648366
0.495865 0.735832
0.501816 0.796106
0.494583 0.856716
0.503555 0.905271
0.506302 0.965087
0.514725 0.0534989
0.516984 0.10184
0.518845 0.205176
0.516922 0.279366
0.516098 0.327769
0.531114 0.370464
0.530381 0.401349
0.52974 0.439405
0.517991 0.532182
0.51619 0.589587
0.529588 0.615497
0.527177 0.665487
0.520615 0.692801
0.519791 0.775384
0.513749 0.825251
0.52382 0.862392
0.514695 0.930143
0.513352 0.993316
0.536027 0.00555437
0.536271 0.0332957
0.541795 0.0745872
0.54564 0.106204
0.53325 0.13184
0.533341 0.177557
0.54207 0.220435
0.542161 0.297464
0.544553 0.324497
0.534288 0.484939
0.546831 0.534471
0.548128 0.577956
0.536088 0.719474
0.531938 0.751305
0.550462 0.788354
0.54329 0.820399
0.538865 0.898251
0.539329 0.942403
0.544389 0.996216
0.562426 0.0170598
0.558519 0.0516984
0.559252 0.14066
0.555345 0.261086
0.557085 0.348674
0.559557 0.384625
0.560045 0.416089
0.560076 0.470656
0.55855 0.509537
0.561907 0.604663
0.555345 0.632679
0.556627 0.682791
0.56505 0.765191
0.560778 0.861385
0.568438 0.899014
0.554216 0.965545
0.584735 0.0334788
0.57622 0.0899686
0.583422 0.119633
0.583941 0.154057
0.569506 0.17954
0.57271 0.234657
0.581037 0.286267
0.570635 0.312662
0.587512 0.345653
0.587481 0.378185
0.578417 0.443434
0.583148 0.526963
0.57326 0.555071
0.585894 0.585253
0.576189 0.650777
0.584521 0.704062
0.569658 0.727714
0.580035 0.787683
0.578387 0.822169
0.583636 0.876492
0.581225 0.923429
0.581988 0.994385
0.589373 0.00582904
0.597003 0.0707114
0.594562 0.192877
0.5992 0.264473
0.605976 0.313089
0.605243 0.433515
0.601489 0.461135
0.589648 0.488601
0.605609 0.543901
0.590533 0.620624
0.605579 0.650685
0.593616 0.677114
0.594806 0.750572
0.604785 0.805628
0.604053 0.899472
0.598804 0.956542
0.624897 0.0152898
0.617328 0.0445265
0.623157 0.104984
0.611164 0.131535
0.608142 0.168676
0.610858 0.237465
0.621174 0.283547
0.608539 0.403119
0.60744 0.510514
0.624195 0.563768
0.613941 0.598407
0.617389 0.625446
0.618091 0.699606
0.6133 0.726402
0.61565 0.77282
0.614446 0.830907
0.622394 0.875973
0.607837 0.984191
0.626759 0.0701926
0.633198 0.152135
0.62804 0.204993
0.64507 0.248665
0.633869 0.307718
0.631611 0.347514
0.638203 0.392773
0.638661 0.435743
0.627796 0.476333
0.629963 0.526505
0.627613 0.674245
0.644826 0.708701
0.635884 0.802881
0.638203 0.843867
0.627094 0.918882
0.633717 0.954619
0.633351 0.994751
0.659566 0.00512711
0.646931 0.0372631
0.657948 0.0627461
0.650624 0.10181
0.657674 0.203986
0.658071 0.295846
0.661275 0.322977
0.657369 0.373241
0.651753 0.460829
0.650857 0.495768
0.648854 0.593768
0.658711 0.619587
0.650105 0.647572
0.659322 0.678945
0.646626 0.757134
0.660421 0.787744
0.6498 0.868984
0.655843 0.896206
0.655721 0.926237
0.662404 0.959227
0.661977 0.986419
0.679861 0.0849025
0.667531 0.126774
0.665487 0.175512
0.670644 0.233955
0.675161 0.272866
0.677969 0.353679
0.668355 0.403027
0.677541 0.469527
0.665914 0.521897
0.667531 0.55089
0.68334 0.581408
0.677999 0.705161
0.671529 0.740501
0.675252 0.831111
0.683187 0.880123
0.692984 0.000732444
0.684072 0.0271004
0.690939 0.058565
0.695395 0.109745
0.691946 0.140141
0.690207 0.201544
0.690237 0.304422
0.697348 0.331889
0.697531 0.393017
0.687094 0.42378
0.69982 0.452864
0.683706 0.499069
0.698538 0.538957
0.685336 0.631048
0.686178 0.659047
0.695975 0.725272
0.690542 0.772332
0.684713 0.80575
0.692221 0.905759
0.688192 0.949309
0.713736 0.0279244
0.710349 0.0826441
0.706189 0.177353
0.719321 0.211219
0.704367 0.242378
0.705283 0.272896
0.706687 0.363811
0.718772 0.430769
0.709103 0.48663
0.713584 0.563829
0.704123 0.60921
0.714133 0.634358
0.714896 0.684378
0.716788 0.744346
0.716971 0.797601
0.706046 0.847865
0.705893 0.981017
0.73336 0.00140385
0.726981 0.060152
0.73693 0.0886563
0.725852 0.12241
0.724052 0.154515
0.731254 0.242714
0.723838 0.300882
0.734062 0.361156
0.725791 0.392865
0.725394 0.463515
0.724113 0.518784
0.737083 0.58623
0.732017 0.614277
0.736564 0.64922
0.737083 0.705374
0.734214 0.767022
0.734336 0.82345
0.72866 0.864009
0.723014 0.898282
0.728141 0.928251
0.723045 0.956145
0.729484 0.999939
0.751915 0.0394299
0.755608 0.119144
0.744804 0.178167
0.75045 0.261727
0.749565 0.310312
0.758415 0.336741
0.753258 0.384045
0.744591 0.415632
0.743217 0.486129
0.754692 0.512375
0.754997 0.550066
0.756737 0.668416
0.7434 0.734184
0.748894 0.795434
0.752617 0.851558
0.757389 0.878993
0.751976 0.906308
0.755882 0.933592
0.750603 0.961394
0.757958 0.990112
0.768975 0.0654927
0.77102 0.0945158
0.766533 0.155248
0.770745 0.186254
0.762078 0.21775
0.773736 0.289773
0.775964 0.367199
0.77163 0.415326
0.761681 0.447554
0.777612 0.579302
0.769738 0.635029
0.763665 0.713706
0.761376 0.758202
0.777429 0.80697
0.782373 0.0106815
0.782189 0.0384228
0.796564 0.0763878
0.79516 0.131474
0.796136 0.162694
0.780755 0.238166
0.796625 0.31843
0.787927 0.392895
0.785546 0.466201
0.779473 0.493881
0.778466 0.526078
0.79165 0.555467
0.782434 0.608875
0.787377 0.664876
0.782739 0.693075
0.782342 0.734214
0.783685 0.774407
0.787652 0.834559
0.784997 0.868313
0.795465 0.893063
0.784236 0.918256
0.780358 0.95706
0.790673 0.989685
0.813288 0.0286569
0.801416 0.189093
0.802881 0.221717
0.806757 0.258217
0.802271 0.288552
0.798456 0.346538
0.81579 0.374462
0.799402 0.441206
0.805994 0.510544
0.815638 0.537614
0.799097 0.6386
0.809534 0.697043
0.809839 0.730644
0.811365 0.793054
0.804712 0.936735
0.810511 0.966582
0.829585 0.00061037
0.833247 0.100253
0.822291 0.135411
0.828608 0.165258
0.825434 0.205176
0.834834 0.284951
0.822901 0.309152
0.833888 0.345744
0.834529 0.396405
0.819697 0.420179
0.816523 0.473312
0.834803 0.513779
0.81695 0.580432
0.821192 0.609699
0.82345 0.656911
0.816614 0.759636
0.823237 0.822169
0.820673 0.871151
0.825983 0.898801
0.825312 0.996948
0.854152 0.0329905
0.84228 0.0692465
0.853175 0.199194
0.847937 0.228372
0.83578 0.255409
0.848842 0.372326
0.841365 0.452132
0.846065 0.577776
0.849269 0.638936
0.849116 0.693991
0.838313 0.737449
0.839167 0.776452
0.853236 0.804987
0.844172 0.840175
0.852809 0.916318
0.842158 0.943571
0.841884 0.970641
0.856563 0.005768
0.867794 0.0809656
0.865383 0.11359
0.863704 0.142521
0.872463 0.244057
0.863338 0.273507
0.858333 0.304758
0.869015 0.353771
0.8558 0.423322
0.862148 0.472732
0.869503 0.507981
0.854915 0.548051
0.855464 0.603076
0.860195 0.721122
0.862606 0.75866
0.863491 0.890011
0.86932 0.945494
0.866543 0.999756
0.886929 0.000854518
0.880398 0.0271615
0.888028 0.0578326
0.888852 0.0994903
0.875576 0.182501
0.879513 0.213141
0.885952 0.296182
0.877895 0.32316
0.882931 0.377514
0.883328 0.420942
0.879482 0.44908
0.889279 0.488723
0.889549 0.533433
0.873379 0.571673
0.8876 0.606616
0.890744 0.634938
0.873501 0.665578
0.875851 0.785058
0.878506 0.819361
0.885647 0.851314
0.890042 0.88464
0.887204 0.913694
0.877163 0.972228
0.906644 0.0783105
0.91052 0.123203
0.89407 0.147496
0.901822 0.228187
0.893033 0.265358
0.907224 0.324625
0.901852 0.351543
0.904324 0.393841
0.90585 0.463515
0.899991 0.579119
0.907559 0.664724
0.902066 0.698996
0.893094 0.73867
0.909452 0.784936
0.909146 0.834803
0.896634 0.946837
0.895566 0.999695
0.918607 0.000122074
0.924131 0.0292978
0.922483 0.149052
0.921934 0.177099
0.922636 0.207068
0.927641 0.238533
0.913205 0.286721
0.927824 0.363201
0.913856 0.422261
0.928434 0.492325
0.91699 0.522691
0.925016 0.560656
0.928831 0.612079
0.922178 0.640095
0.922453 0.728782
0.916562 0.756706
0.916257 0.862453
0.914457 0.913175
0.92526 0.939879
0.914926 0.973123
0.932798 0.0631428
0.933134 0.0998566
0.940729 0.126305
0.945158 0.260048
0.939085 0.298624
0.934782 0.329936
0.931242 0.394024
0.944639 0.420179
0.931425 0.446547
0.946684 0.541185
0.945555 0.678976
0.940641 0.70687
0.944182 0.769127
0.944487 0.796503
0.935209 0.82281
0.942808 0.883908
0.947691 0.97354
0.933592 0.999145
0.95529 0.0110782
0.962126 0.072634
0.963134 0.107639
0.949278 0.155828
0.951415 0.196326
0.958342 0.224006
0.964812 0.281716
0.963164 0.315104
0.95764 0.361187
0.955046 0.484024
0.964873 0.519059
0.950987 0.569109
0.953124 0.59859
0.9541 0.630024
0.963622 0.743095
0.964843 0.826167
0.952391 0.852351
0.949858 0.910825
0.953673 0.940367
0.969695 0.0378735
0.968719 0.13422
0.972266 0.178957
0.985137 0.206732
0.970031 0.248329
0.970214 0.386181
0.968749 0.438124
0.983825 0.471725
0.979583 0.561815
0.984435 0.625141
0.968505 0.654988
0.96997 0.698141
0.976134 0.786828
0.971679 0.871303
0.984435 0.942534
0.976104 0.969695
0.969054 0.999237
0.995392 0.00317392
0.998047 0.0381787
0.990509 0.069216
0.992737 0.101718
0.995514 0.131413
0.996582 0.166906
0.999329 0.252297
0.995575 0.288552
0.999176 0.327616
0.991455 0.362346
0.998993 0.425336
0.995422 0.49675
0.99057 0.527177
0.993255 0.594714
0.999634 0.655263
0.997528 0.694235
0.989471 0.730796
0.994659 0.766655
0.992248 0.814295
0.99472 0.844142
0.999176 0.877468
0.992309 0.906125
0.997864 0.991729
