994
0.0145573 0.00173955
0.0130924 0.0302438
0.000579852 0.0542314
0.00302133 0.0867641
0.000122074 0.121921
0.00207526 0.148717
0.000976592 0.17655
0.00335704 0.205359
0.00134281 0.274209
0.00613422 0.315043
0.000885037 0.34431
0.000640889 0.385388
0.00509659 0.442763
0.000122074 0.494369
0.00366222 0.522416
0.00439466 0.56563
0.014832 0.593646
0.00769066 0.635639
0.00119022 0.663472
0.00994903 0.690908
0.01236 0.742424
0.00421155 0.768304
0.014832 0.80224
0.00271615 0.845912
0.00579852 0.877102
0.00463881 0.911435
0.0118717 0.947081
0.000762963 0.973144
0.00204474 1
0.0251778 0.0664388
0.0303049 0.0966826
0.0332347 0.169927
0.0367748 0.212134
0.0192877 0.252907
0.0327769 0.280496
0.0360729 0.339763
0.0315256 0.367534
0.0262764 0.397412
0.0285958 0.426191
0.0317392 0.460921
0.0271004 0.489181
0.0369579 0.520402
0.027192 0.548021
0.0303659 0.666677
0.0357677 0.824641
0.0319529 0.865139
0.0335704 0.892514
0.0337535 0.923917
0.0377209 0.969451
0.028779 0.996185
0.0446181 0.00128178
0.038789 0.0402844
0.0515458 0.0719321
0.0567339 0.105289
0.046968 0.13419
0.0556352 0.192358
0.0567339 0.243416
0.0520646 0.40614
0.0396741 0.5768
0.0423292 0.613971
0.0456862 0.64214
0.0379955 0.695059
0.0463881 0.732749
0.0530412 0.770714
0.0475173 0.797388
0.0563677 0.939848
0.0730308 0.0105594
0.0684225 0.0472426
0.0661946 0.16306
0.0616779 0.277322
0.0729087 0.326975
0.05768 0.374706
0.0707419 0.428144
0.0668966 0.464003
0.0621662 0.500809
0.0687277 0.600269
0.0611591 0.666036
0.0745567 0.70687
0.0607929 0.847835
0.066744 0.907376
0.0585345 0.998993
0.0911588 0.0303659
0.0793176 0.0845363
0.076632 0.127384
0.0932035 0.151219
0.0859706 0.184881
0.0788293 0.226386
0.0863063 0.253883
0.0900906 0.302072
0.0801111 0.355449
0.0934172 0.384533
0.0789514 0.540422
0.0760216 0.56856
0.0772729 0.640675
0.0879543 0.668447
0.0925321 0.731803
0.084109 0.774194
0.0794397 0.815149
0.0853908 0.875851
0.0823084 0.951781
0.0795617 0.98001
0.104953 0.00582904
0.0976897 0.0621662
0.109592 0.0992462
0.112125 0.126102
0.108371 0.21012
0.105197 0.278024
0.108768 0.336863
0.0982696 0.428175
0.0991241 0.457656
0.0986053 0.485488
0.110965 0.547929
0.102359 0.578997
0.0978423 0.617298
0.105716 0.646779
0.102908 0.699911
0.108341 0.816034
0.096469 0.842555
0.105472 0.896481
0.102481 0.923704
0.109989 0.95294
0.105625 0.993561
0.118503 0.0432752
0.129276 0.0759301
0.114231 0.172033
0.125553 0.240944
0.117832 0.308786
0.116703 0.365215
0.116916 0.39967
0.116764 0.516465
0.132359 0.69805
0.125706 0.727897
0.115146 0.757073
0.113956 0.786431
0.130711 0.970519
0.133732 0.00878933
0.14655 0.0412
0.143712 0.129917
0.140385 0.165471
0.136448 0.199591
0.149144 0.225166
0.146001 0.268441
0.144688 0.301187
0.143925 0.333293
0.143681 0.391736
0.133305 0.428175
0.137394 0.469069
0.138554 0.49968
0.147832 0.551164
0.146336 0.6021
0.134587 0.629505
0.133854 0.670919
0.145146 0.768365
0.144292 0.806665
0.139561 0.836055
0.137181 0.871029
0.137455 0.901608
0.136448 0.930448
0.137089 0.998932
0.162816 0.0637532
0.163884 0.104831
0.166082 0.153081
0.162603 0.181097
0.169256 0.246101
0.161565 0.355083
0.158818 0.436903
0.155858 0.522965
0.163366 0.646931
0.166356 0.696493
0.159856 0.729636
0.169652 0.755547
0.163671 0.875698
0.169835 0.91406
0.167425 0.942534
0.169256 0.998993
0.1742 0.027253
0.186834 0.0509964
0.184454 0.0821253
0.175726 0.20481
0.172124 0.278268
0.177892 0.30784
0.186438 0.366985
0.179296 0.455672
0.175512 0.483077
0.184271 0.543596
0.172552 0.574511
0.186346 0.601154
0.187353 0.633839
0.188177 0.679281
0.172613 0.786706
0.183508 0.837001
0.189642 0.86581
0.189673 0.895749
0.192999 0.00332652
0.198431 0.109348
0.206946 0.138462
0.191778 0.175237
0.193731 0.23075
0.20304 0.294504
0.190344 0.335276
0.190252 0.412244
0.204993 0.441328
0.192755 0.506638
0.208686 0.531724
0.204749 0.565905
0.202521 0.656514
0.190649 0.714011
0.208075 0.742759
0.19953 0.772271
0.193945 0.931852
0.203864 0.997406
0.218085 0.0531022
0.222785 0.0797143
0.224311 0.169591
0.215827 0.212745
0.218726 0.270882
0.225257 0.35023
0.214972 0.378948
0.223792 0.420057
0.209174 0.478713
0.226295 0.592578
0.212317 0.617023
0.210547 0.694876
0.227668 0.723807
0.214545 0.800867
0.218207 0.840236
0.227058 0.867946
0.215613 0.913419
0.22248 0.940855
0.218482 0.969237
0.229408 0.00106815
0.234962 0.106815
0.236244 0.137089
0.245735 0.20896
0.239906 0.32667
0.245674 0.370403
0.239723 0.397565
0.24369 0.450026
0.235969 0.516007
0.229621 0.638356
0.237312 0.668111
0.231361 0.767205
0.241768 0.797632
0.245125 0.840968
0.232398 0.99649
0.253243 0.0150151
0.249062 0.0663778
0.262185 0.124485
0.2584 0.16245
0.258278 0.233192
0.248299 0.301157
0.265145 0.420698
0.26487 0.508316
0.254738 0.584307
0.248604 0.61626
0.260933 0.640645
0.251106 0.702048
0.255196 0.752892
0.256752 0.867305
0.250526 0.898251
0.263131 0.927671
0.249519 0.973174
0.276162 0.0374767
0.276467 0.10004
0.273995 0.20542
0.268563 0.280892
0.279061 0.318613
0.268899 0.350047
0.266457 0.391522
0.274422 0.450392
0.274178 0.477371
0.283975 0.535264
0.267922 0.560228
0.279427 0.618305
0.272988 0.718802
0.279397 0.793176
0.271248 0.819361
0.283059 0.84994
0.277078 0.885342
0.278939 0.972228
0.287118 0.0121158
0.301553 0.0895413
0.285775 0.139409
0.298379 0.226844
0.286172 0.255409
0.302683 0.343547
0.29429 0.376598
0.292184 0.429975
0.301706 0.557268
0.293863 0.582995
0.287912 0.685568
0.289254 0.754692
0.302866 0.80871
0.290902 0.916929
0.289376 0.946867
0.318613 0.0085757
0.305368 0.0408338
0.313486 0.135228
0.305338 0.163823
0.310678 0.192755
0.318552 0.259682
0.312845 0.298379
0.321757 0.369121
0.318583 0.434858
0.304697 0.462539
0.305216 0.515
0.31785 0.599139
0.307688 0.626087
0.30903 0.658132
0.317454 0.691671
0.314188 0.741752
0.311777 0.776208
0.307779 0.8352
0.314371 0.864284
0.309885 0.891873
0.320627 0.924894
0.318522 0.95999
0.306223 0.99469
0.332682 0.0368358
0.32487 0.107181
0.340617 0.132633
0.333872 0.166295
0.332987 0.230445
0.33961 0.307657
0.333934 0.338816
0.326731 0.406079
0.340312 0.460891
0.333842 0.510727
0.330088 0.543168
0.329386 0.718863
0.340678 0.752007
0.329722 0.813166
0.334605 0.840083
0.333354 0.999023
0.349254 0.00991852
0.359722 0.0373547
0.34312 0.0664388
0.352397 0.09888
0.346294 0.205756
0.354961 0.254372
0.349559 0.282357
0.350108 0.361339
0.356822 0.401593
0.348155 0.434309
0.349986 0.487503
0.356151 0.536241
0.353954 0.601276
0.345958 0.639912
0.345134 0.674398
0.357646 0.714225
0.352214 0.780084
0.359355 0.813562
0.355144 0.866329
0.342174 0.905118
0.359447 0.929929
0.345531 0.967284
0.379406 0.0112308
0.371654 0.0646687
0.375561 0.120273
0.36726 0.176
0.37492 0.201758
0.37904 0.268227
0.374828 0.29603
0.361034 0.329539
0.375988 0.376812
0.374462 0.425184
0.373943 0.454329
0.368419 0.50914
0.367504 0.576037
0.370678 0.622425
0.3755 0.757439
0.371715 0.956114
0.360668 0.99469
0.390332 0.0361644
0.388867 0.0930814
0.390301 0.148412
0.395459 0.182806
0.397687 0.225715
0.384259 0.348613
0.392865 0.400891
0.388043 0.485183
0.392315 0.5244
0.382611 0.551195
0.383831 0.659871
0.38905 0.697653
0.383007 0.728843
0.383038 0.790765
0.393506 0.820917
0.393506 0.848781
0.379986 0.88287
0.38612 0.925291
0.390942 0.975341
0.407025 0.00479141
0.406018 0.0661031
0.406995 0.267922
0.409284 0.305155
0.407178 0.332591
0.411969 0.36903
0.407086 0.441084
0.410382 0.550462
0.398663 0.585498
0.399243 0.624836
0.416822 0.645772
0.408917 0.677175
0.416669 0.705283
0.411054 0.733116
0.405469 0.761193
0.415693 0.80224
0.410688 0.876064
0.401837 0.901669
0.414777 0.961608
0.412763 0.993286
0.436537 0.00680563
0.418409 0.0334788
0.427442 0.105319
0.432905 0.140141
0.428877 0.181829
0.429731 0.209143
0.424482 0.245033
0.429304 0.285592
0.430464 0.401898
0.417798 0.465743
0.418195 0.493149
0.430769 0.517411
0.429273 0.609058
0.435377 0.7463
0.431196 0.774987
0.42555 0.827845
0.41966 0.921995
0.443495 0.0556047
0.450667 0.0822474
0.455031 0.174932
0.451308 0.242927
0.455489 0.275338
0.44911 0.318155
0.438276 0.344249
0.4391 0.373333
0.438826 0.440321
0.451918 0.475387
0.450423 0.540208
0.44142 0.567797
0.455214 0.601398
0.445723 0.635823
0.436842 0.668599
0.448561 0.705374
0.445265 0.800317
0.444441 0.861598
0.438185 0.888913
0.45143 0.922636
0.439863 0.950529
0.439741 0.98355
0.441041 1.0294
0.461898 0.0335093
0.457869 0.110355
0.459792 0.146611
0.461165 0.20539
0.472182 0.336558
0.459883 0.391186
0.468093 0.418561
0.472396 0.625813
0.459792 0.77282
0.465041 0.841243
0.462874 0.968322
0.471236 0.994873
0.479537 0.00402844
0.492782 0.0308237
0.485092 0.0578631
0.48497 0.109928
0.488174 0.157384
0.491745 0.203284
0.478957 0.229743
0.475814 0.297067
0.478835 0.365032
0.491745 0.400739
0.478164 0.462508
0.476638 0.494736
0.486038 0.521134
0.479171 0.556078
0.483016 0.59508
0.474899 0.654866
0.475692 0.685598
0.488998 0.712241
0.479415 0.753136
0.477737 0.799677
0.48677 0.825037
0.489212 0.877255
0.4897 0.905972
0.477096 0.937346
0.508621 0.00469985
0.509934 0.13535
0.506455 0.231391
0.493973 0.26017
0.508347 0.295144
0.501907 0.323527
0.502213 0.430097
0.501999 0.475082
0.505112 0.57622
0.507157 0.61681
0.502762 0.650838
0.505692 0.68273
0.508255 0.741325
0.498459 0.773186
0.509384 0.842067
0.508713 0.945616
0.49797 0.971068
0.511917 0.997497
0.521744 0.0360118
0.514512 0.0674154
0.51323 0.10419
0.518052 0.18067
0.525864 0.347453
0.51561 0.381329
0.526505 0.45912
0.516343 0.523484
0.51268 0.55034
0.53148 0.660146
0.525223 0.712332
0.531114 0.7669
0.51265 0.796899
0.516434 0.891812
0.514908 0.919401
0.542466 0
0.547533 0.0743126
0.54033 0.102786
0.535874 0.147282
0.548173 0.183294
0.538408 0.212409
0.534654 0.242561
0.532701 0.27488
0.536821 0.320658
0.541826 0.397534
0.535264 0.425611
0.532273 0.495315
0.545976 0.5627
0.547868 0.596515
0.535417 0.621357
0.535569 0.687124
0.54091 0.740928
0.543352 0.79397
0.532517 0.819819
0.547655 0.842982
0.538163 0.872677
0.541978 0.920499
0.541856 0.962523
0.540971 0.993591
0.558153 0.0314341
0.558824 0.125919
0.56801 0.163762
0.562212 0.227241
0.559313 0.268563
0.556169 0.297037
0.563463 0.334635
0.567644 0.436872
0.556658 0.46675
0.559252 0.494583
0.556627 0.642537
0.556627 0.705771
0.565416 0.752068
0.565264 0.822626
0.553575 0.895871
0.562212 0.939756
0.569353 0.966491
0.580859 0.000701926
0.578387 0.0515152
0.571459 0.0912809
0.585131 0.192389
0.585833 0.309824
0.57036 0.409436
0.585742 0.516922
0.573351 0.556261
0.579211 0.595325
0.57448 0.622089
0.57094 0.678945
0.570879 0.791925
0.577013 0.854579
0.57387 0.913511
0.573473 0.999908
0.607349 0.0116276
0.604266 0.0425733
0.604083 0.0732444
0.593738 0.109745
0.590869 0.147923
0.589465 0.22187
0.590014 0.264412
0.606494 0.331706
0.594592 0.360576
0.593738 0.389752
0.596332 0.463454
0.606403 0.494888
0.599475 0.57741
0.59389 0.652242
0.601031 0.680715
0.601581 0.71398
0.598315 0.741508
0.593768 0.769738
0.599597 0.832514
0.594562 0.935179
0.59682 0.966094
0.623554 0.0924406
0.617206 0.140568
0.626331 0.199469
0.61684 0.252266
0.614368 0.295877
0.616535 0.423536
0.615406 0.626301
0.624928 0.733543
0.616443 0.785119
0.613514 0.863369
0.620685 0.901028
0.619526 0.983276
0.614327 1.04095
0.63448 0.00128178
0.629414 0.0290536
0.644368 0.0549638
0.634602 0.163671
0.636006 0.272683
0.634144 0.322703
0.631123 0.349925
0.6274 0.395428
0.636494 0.442579
0.629475 0.477279
0.628773 0.511307
0.630268 0.542924
0.629902 0.589831
0.639363 0.638783
0.63805 0.668569
0.62917 0.697134
0.645222 0.787255
0.628864 0.810877
0.638569 0.838313
0.641438 0.920896
0.629231 0.957945
0.663869 0.0235298
0.648793 0.0820643
0.664235 0.106876
0.647328 0.128452
0.646962 0.220313
0.661061 0.243904
0.65038 0.29844
0.658559 0.337321
0.652181 0.407361
0.663778 0.439222
0.655965 0.488205
0.659535 0.517838
0.65511 0.561907
0.65096 0.613453
0.658437 0.689261
0.64864 0.717399
0.645924 0.756554
0.663259 0.820368
0.660726 0.863247
0.64919 0.891201
0.654653 0.966979
0.649403 0.994873
0.678304 0.0759301
0.681783 0.131596
0.677541 0.158208
0.668233 0.185858
0.677419 0.215491
0.664937 0.271371
0.673147 0.313822
0.666707 0.376232
0.683004 0.420392
0.673544 0.584307
0.679403 0.625202
0.664541 0.660848
0.682913 0.716117
0.670278 0.76928
0.679495 0.883328
0.669942 0.929197
0.678945 0.955107
0.68862 0.00128178
0.691641 0.0292367
0.697439 0.0993072
0.694418 0.192541
0.694205 0.239204
0.689016 0.291604
0.70159 0.329142
0.688589 0.357616
0.699545 0.388165
0.694723 0.458663
0.688986 0.499374
0.684866 0.537278
0.695822 0.563555
0.699332 0.671133
0.683401 0.7434
0.69274 0.784936
0.689383 0.812982
0.683676 0.840114
0.692495 0.911557
0.693686 0.999634
0.721061 0
0.720023 0.0306406
0.704642 0.0531938
0.717978 0.0794702
0.704825 0.1554
0.717704 0.221259
0.720847 0.252022
0.719108 0.356914
0.720023 0.425642
0.719474 0.523392
0.702383 0.589618
0.707358 0.637257
0.707724 0.700766
0.720573 0.728263
0.717277 0.82046
0.705893 0.874447
0.709067 0.934355
0.714194 0.96707
0.739494 0.051973
0.72158 0.11713
0.729545 0.180731
0.737358 0.291116
0.734886 0.329783
0.736656 0.389874
0.721549 0.45497
0.72512 0.485488
0.72393 0.550401
0.726768 0.577807
0.72396 0.609912
0.734489 0.697958
0.72161 0.771233
0.724479 0.895077
0.736442 0.923307
0.725089 0.999634
0.758049 0.094882
0.747856 0.134556
0.740989 0.20658
0.758782 0.232704
0.756798 0.353435
0.757897 0.413312
0.755699 0.455367
0.757805 0.487869
0.748222 0.520066
0.750969 0.557146
0.750572 0.599139
0.741813 0.670278
0.749474 0.754692
0.743126 0.799066
0.750877 0.827235
0.748009 0.857753
0.745232 0.976104
0.762383 0.00753807
0.772851 0.0413526
0.765069 0.156133
0.761254 0.183843
0.776391 0.207678
0.761772 0.263405
0.766655 0.300516
0.766259 0.386914
0.774895 0.540727
0.770989 0.579577
0.768181 0.623035
0.76751 0.653005
0.772149 0.68392
0.763512 0.722526
0.766106 0.779107
0.776299 0.854091
0.765465 0.879208
0.764702 0.906613
0.763115 0.951048
0.767327 0.99823
0.793084 0.00933866
0.791009 0.0773949
0.786492 0.118564
0.786279 0.280892
0.796075 0.310953
0.780023 0.334269
0.782373 0.363231
0.796747 0.413526
0.790033 0.445814
0.787103 0.498825
0.792138 0.562944
0.793939 0.614368
0.792566 0.708548
0.782434 0.821223
0.795251 0.879635
0.7828 0.927274
0.782556 0.974334
0.812616 0.0378735
0.808069 0.100711
0.805719 0.160741
0.799188 0.193091
0.801752 0.22306
0.805628 0.258675
0.808466 0.350627
0.806604 0.37785
0.809015 0.477157
0.803339 0.531602
0.814051 0.595447
0.809473 0.677847
0.797906 0.734886
0.803949 0.768242
0.798517 0.796197
0.810205 0.851558
0.808771 0.902951
0.813532 0.934324
0.80932 0.961638
0.801447 0.995025
0.826533 0.0077517
0.823084 0.0707419
0.817591 0.126347
0.825434 0.179144
0.834498 0.212043
0.833918 0.239448
0.825739 0.282205
0.824854 0.32728
0.832453 0.370373
0.831477 0.416913
0.818842 0.440779
0.824457 0.500992
0.831172 0.543901
0.819575 0.639546
0.82458 0.719199
0.826106 0.748222
0.831263 0.804895
0.834864 0.838221
0.830042 0.986053
0.828357 1.03074
0.840083 0.0359203
0.844081 0.121036
0.852473 0.162114
0.853511 0.39317
0.842586 0.461013
0.850276 0.491806
0.836757 0.573809
0.841914 0.605151
0.847255 0.634205
0.836299 0.667074
0.848872 0.693625
0.840236 0.776299
0.853206 0.859157
0.836085 0.902127
0.850826 0.935362
0.85226 0.963897
0.858425 0.00778222
0.872738 0.0433668
0.857997 0.0727561
0.863735 0.0993683
0.870601 0.126102
0.855586 0.190252
0.8699 0.21662
0.869778 0.263253
0.860408 0.29078
0.858882 0.32783
0.86108 0.361614
0.857418 0.430921
0.868099 0.471511
0.856532 0.528611
0.870998 0.575884
0.866359 0.661183
0.868801 0.721152
0.855769 0.745354
0.861171 0.801904
0.864772 0.834742
0.856136 0.995697
0.88699 0.0729087
0.888974 0.161168
0.892025 0.234504
0.887081 0.311045
0.888699 0.366253
0.885952 0.443159
0.88638 0.536882
0.873348 0.603656
0.875301 0.631672
0.880825 0.691122
0.875515 0.770104
0.880337 0.864345
0.877895 0.894559
0.883053 0.931761
0.878384 0.972137
0.884701 0.999542
0.892941 0.00601215
0.901242 0.0421461
0.89523 0.10947
0.90466 0.206519
0.898343 0.267312
0.894467 0.394116
0.910398 0.429884
0.898495 0.472732
0.898556 0.502884
0.906095 0.555284
0.898862 0.588031
0.905484 0.623585
0.904752 0.722587
0.902158 0.754051
0.903287 0.811579
0.901944 0.842586
0.906613 0.959594
0.914182 0.0825831
0.926359 0.122593
0.913816 0.148106
0.912717 0.175787
0.92523 0.261971
0.922025 0.291147
0.927671 0.339732
0.91467 0.375225
0.92996 0.40907
0.926481 0.452467
0.921903 0.526933
0.929105 0.601001
0.911985 0.649678
0.911954 0.696707
0.918516 0.777367
0.916013 0.865841
0.912748 0.908872
0.919431 0.935392
0.917295 0.988861
0.927623 1.07545
0.937101 0.000885037
0.932005 0.030488
0.9382 0.0962554
0.938627 0.158635
0.932035 0.205512
0.931425 0.23542
0.943236 0.497177
0.933592 0.553026
0.937681 0.626514
0.941252 0.664968
0.938475 0.715262
0.930357 0.747276
0.939482 0.796472
0.932646 0.828944
0.937864 0.895627
0.944426 0.950499
0.943419 0.977477
0.950072 0.056917
0.959868 0.139653
0.959349 0.194525
0.955199 0.271889
0.963836 0.336589
0.95526 0.368114
0.955016 0.430525
0.954436 0.459609
0.957976 0.520371
0.966277 0.551897
0.967009 0.604816
0.963378 0.638844
0.960051 0.695151
0.959471 0.732566
0.956389 0.769402
0.962859 0.8211
0.951353 0.868526
0.949797 0.921567
0.966033 0.997162
0.975616 0.0113529
0.980926 0.0497757
0.970122 0.0786462
0.971953 0.110202
0.968841 0.165227
0.968993 0.220252
0.972686 0.249031
0.96942 0.306345
0.977813 0.391095
0.986297 0.418592
0.986724 0.446638
0.970397 0.489364
0.986023 0.571062
0.972076 0.668508
0.983306 0.774285
0.974822 0.849666
0.971343 0.89053
0.969573 0.969878
0.998291 0.0288705
0.999268 0.0899991
0.997223 0.124027
0.994507 0.151463
0.993286 0.178777
0.999298 0.209662
0.998962 0.256752
0.996277 0.286386
0.999969 0.336802
0.999786 0.373333
0.995514 0.477004
0.991119 0.525101
0.994903 0.59682
0.994995 0.630451
0.997925 0.657887
0.995636 0.703787
0.993652 0.730735
0.997223 0.805994
0.999176 0.83694
0.988861 0.912229
0.995575 0.940123
0.99707 0.970946
0.993194 0.999847
1.03343 0.454217
1.03824 0.505157
1.0306 0.552742
1.04025 0.639615
1.04305 0.923195
1.04527 0.766
1.07449 0.488122
1.0687 0.556967
