2754
0.00152593 0.000518815
0.0188452 0.0207831
0.0144887 0.0415204
0.0101321 0.0622578
0.0186468 0.08829
0.00634785 0.113071
0.00502029 0.127903
0.00369274 0.142735
0.0123295 0.168218
0.0101856 0.179212
0.00804163 0.190207
0.00375378 0.212195
0.0106357 0.231483
0.0175176 0.250771
0.000946074 0.28428
0.00820948 0.298853
0.0154729 0.313425
0.001648 0.340037
0.0112461 0.343734
0.00206 0.364956
0.002472 0.389874
0.00192267 0.406857
0.00137333 0.423841
0.00874355 0.442869
0.0161138 0.461898
0.00849941 0.477828
0.000885037 0.493759
3.05185e-05 0.527116
0.00241096 0.54152
0.00479141 0.555925
0.000549333 0.584307
0.0135044 0.603748
0.00730155 0.624287
0.00109867 0.644826
0.0155339 0.652196
0.000564592 0.666112
3.05185e-05 0.687399
0.00381481 0.714377
0.00325022 0.731651
0.00268563 0.748924
0.001648 0.777398
0.00278481 0.788743
0.00392163 0.800089
0.00619526 0.822779
0.00396741 0.852443
0.00503555 0.866848
0.0061037 0.881252
0.00413526 0.8979
0.00216681 0.914548
0.00711081 0.949065
0.0173727 0.957183
0.00357067 0.971374
3.05185e-05 0.993683
0.027253 0.0156255
0.0208708 0.028573
0.0361644 0.0410474
0.0290956 0.0588473
0.0283269 0.0850284
0.0275582 0.111209
0.020745 0.131016
0.0364696 0.134129
0.0358135 0.159993
0.0319529 0.173254
0.0257271 0.196234
0.0292978 0.224616
0.0314112 0.237877
0.021691 0.248848
0.0327464 0.266213
0.0241096 0.289819
0.0204321 0.322512
0.0369083 0.337418
0.0326548 0.346171
0.0215232 0.372745
0.0238693 0.389077
0.0262154 0.405408
0.0336924 0.432417
0.0287713 0.449042
0.0226829 0.463431
0.0366222 0.483993
0.0240181 0.511429
0.0361492 0.521058
0.0285043 0.538804
0.0196692 0.557146
0.0369274 0.572771
0.0235755 0.592547
0.0264595 0.623188
0.0209967 0.637692
0.0299692 0.659566
0.021012 0.67523
0.0264901 0.698263
0.0247276 0.703562
0.0284432 0.731895
0.0237434 0.758599
0.0227515 0.778207
0.023793 0.778508
0.0217597 0.797815
0.0345851 0.822962
0.0212867 0.838679
0.0363781 0.854579
0.0343333 0.883175
0.020188 0.897107
0.0342723 0.912961
0.0311747 0.942991
0.0195624 0.959197
0.0320139 0.969329
0.028779 0.99765
0.0411924 0.012009
0.0386784 0.0265282
0.0464797 0.0492569
0.0567949 0.0574664
0.0437025 0.0761742
0.0399487 0.106052
0.0526902 0.119236
0.0442518 0.139615
0.0381024 0.156434
0.0515763 0.178289
0.0446638 0.191855
0.0380375 0.214866
0.0521866 0.24427
0.0424665 0.255242
0.0479751 0.281655
0.0379955 0.289956
0.0432447 0.3137
0.0411618 0.328665
0.0480361 0.355205
0.0432962 0.372016
0.0409864 0.380535
0.0496841 0.406613
0.0416883 0.419515
0.0487991 0.455214
0.0427107 0.469604
0.0555589 0.490265
0.0437941 0.503311
0.0509659 0.522629
0.0452437 0.544939
0.0410855 0.558855
0.0528428 0.577532
0.0466018 0.600787
0.0496307 0.614368
0.0526597 0.627949
0.0490509 0.649564
0.0454421 0.671178
0.0495621 0.69055
0.0536821 0.709922
0.0447859 0.735878
0.0447935 0.752075
0.0448012 0.768273
0.0396931 0.795618
0.0478835 0.807245
0.0449194 0.824694
0.0419553 0.842143
0.0503708 0.866558
0.0423521 0.874866
0.0502182 0.896252
0.0406964 0.919622
0.0552385 0.936918
0.045526 0.965163
0.038625 0.972259
0.0443281 0.992492
0.0635395 0.00323496
0.0601672 0.0303507
0.0701201 0.0440954
0.0671102 0.0656758
0.0621967 0.0797143
0.0675985 0.101962
0.0756458 0.120308
0.0592975 0.151769
0.0606937 0.16174
0.0653554 0.185598
0.0613651 0.198027
0.0573748 0.210456
0.0654164 0.231727
0.0734581 0.252998
0.0746483 0.276711
0.0758385 0.300424
0.0595416 0.307062
0.0618915 0.334819
0.0702994 0.343135
0.0634175 0.364238
0.0692007 0.390614
0.0731529 0.407819
0.0636311 0.42777
0.060604 0.451206
0.059595 0.459017
0.057577 0.474641
0.0744957 0.496536
0.0616626 0.513443
0.0618229 0.532258
0.0619831 0.551073
0.0687582 0.582293
0.0607089 0.605121
0.0579966 0.622433
0.0693915 0.644078
0.0574168 0.657628
0.0609149 0.682791
0.0676443 0.69845
0.0606632 0.704186
0.0611286 0.73986
0.0639134 0.750534
0.070153 0.761799
0.0619612 0.77892
0.0600089 0.807306
0.0660354 0.830977
0.062624 0.845607
0.0720618 0.854648
0.0643635 0.878536
0.0661031 0.909329
0.0606708 0.923124
0.0683615 0.948958
0.0747894 0.956883
0.0720313 0.978816
0.0598773 0.987335
0.0913114 0.00451674
0.0834452 0.0307245
0.0768151 0.0434584
0.0774255 0.0738853
0.0767502 0.0938673
0.076075 0.113849
0.0778222 0.127262
0.0920877 0.142434
0.0855739 0.163488
0.0828997 0.18178
0.0791345 0.192907
0.0852611 0.216773
0.0802942 0.237403
0.0947295 0.261727
0.0874813 0.272347
0.0816599 0.286386
0.0759797 0.31476
0.0925626 0.331065
0.0795083 0.358875
0.0887173 0.374615
0.092967 0.395295
0.0829722 0.408067
0.0802751 0.428497
0.077578 0.448927
0.0778718 0.46596
0.0781655 0.482994
0.0909604 0.506668
0.0795312 0.523576
0.0855434 0.544313
0.0915555 0.56505
0.0926542 0.588244
0.0775857 0.594111
0.0905942 0.6217
0.0788598 0.63271
0.0861232 0.660207
0.0768838 0.679329
0.0930586 0.696221
0.0857265 0.706351
0.0927763 0.738823
0.0783448 0.744678
0.0830409 0.765191
0.0810009 0.796411
0.0912897 0.812418
0.0803247 0.818995
0.0937529 0.842738
0.0929479 0.859695
0.0821902 0.878571
0.0923185 0.902493
0.084933 0.918722
0.0775475 0.93495
0.0814844 0.960997
0.0841853 0.970298
0.112476 0.00547807
0.106723 0.0310984
0.104526 0.0463424
0.102329 0.0615864
0.0977203 0.0799432
0.0994598 0.108463
0.0986015 0.12138
0.0965758 0.143132
0.103454 0.156476
0.100841 0.172475
0.105106 0.201819
0.101039 0.226585
0.0990058 0.238968
0.0969726 0.25135
0.0950652 0.279355
0.101505 0.291696
0.110477 0.314295
0.0974094 0.326285
0.106143 0.350475
0.0974303 0.362545
0.107274 0.382028
0.108406 0.413581
0.0967437 0.42552
0.104589 0.444652
0.103742 0.465775
0.100772 0.475723
0.110652 0.501526
0.107425 0.5168
0.105777 0.541482
0.103183 0.555383
0.0979186 0.571814
0.0974914 0.599467
0.102329 0.610691
0.112003 0.633137
0.107288 0.663793
0.100173 0.680007
0.102123 0.694408
0.104072 0.708809
0.0984241 0.723816
0.107822 0.750847
0.104907 0.768181
0.101993 0.785516
0.102255 0.805841
0.0980037 0.82429
0.0954758 0.841992
0.113834 0.864742
0.112898 0.873846
0.111268 0.893999
0.109638 0.914151
0.0998566 0.932981
0.113712 0.95642
0.111759 0.984756
0.100009 0.991638
0.131832 0.0183645
0.130024 0.0302896
0.117275 0.038316
0.125767 0.057886
0.118015 0.0860012
0.123264 0.104404
0.121128 0.12891
0.121334 0.149464
0.115329 0.159001
0.128788 0.171911
0.12328 0.207801
0.12338 0.224824
0.12348 0.241848
0.120487 0.249702
0.115482 0.281999
0.128391 0.297525
0.127949 0.31708
0.118839 0.337809
0.125843 0.351527
0.119724 0.369884
0.117897 0.392569
0.116733 0.399976
0.123844 0.431867
0.126728 0.448729
0.129612 0.46559
0.120132 0.483558
0.130345 0.496384
0.118061 0.518933
0.126011 0.538652
0.120823 0.566454
0.117145 0.586291
0.11655 0.594195
0.121189 0.622066
0.116596 0.627602
0.123669 0.648617
0.128452 0.667379
0.118473 0.693991
0.125906 0.720748
0.115085 0.721397
0.124387 0.74181
0.122868 0.762871
0.12363 0.785043
0.123508 0.815271
0.121113 0.828318
0.118717 0.841365
0.123124 0.870438
0.132847 0.887997
0.122572 0.900726
0.126957 0.92581
0.120334 0.941114
0.12859 0.956389
0.123508 0.977874
0.133641 0.00643941
0.14011 0.021157
0.149926 0.0542276
0.147008 0.0694296
0.135136 0.0869167
0.147069 0.100345
0.148198 0.128391
0.134766 0.138928
0.146092 0.155797
0.142247 0.18482
0.146084 0.207053
0.141453 0.213782
0.147954 0.244728
0.135595 0.259951
0.14771 0.278054
0.137829 0.297567
0.145421 0.319864
0.135632 0.335696
0.145543 0.35258
0.150868 0.377911
0.142827 0.389843
0.133335 0.410855
0.142109 0.430921
0.135861 0.448256
0.138638 0.464544
0.13588 0.501213
0.148183 0.513794
0.13551 0.537505
0.138573 0.560922
0.141636 0.584338
0.143536 0.605291
0.145436 0.626244
0.140049 0.633442
0.136944 0.646811
0.140706 0.674551
0.133306 0.69765
0.144223 0.703619
0.14774 0.732688
0.147145 0.75428
0.135388 0.769662
0.145268 0.78457
0.141285 0.811609
0.150094 0.832896
0.143681 0.839991
0.133351 0.867031
0.135507 0.8873
0.133271 0.904446
0.133694 0.920896
0.147807 0.947119
0.143468 0.956358
0.134312 0.968627
0.133305 0.999329
0.160039 0.000793481
0.153325 0.0294809
0.152844 0.0390255
0.158202 0.0652314
0.166478 0.0762352
0.156621 0.098941
0.160565 0.118877
0.16451 0.138813
0.159909 0.157338
0.155309 0.175863
0.168889 0.206305
0.158422 0.225517
0.168508 0.245064
0.16155 0.260674
0.15463 0.269364
0.159444 0.295129
0.152432 0.307497
0.16303 0.333338
0.154286 0.342959
0.15891 0.365978
0.157506 0.391484
0.164144 0.405057
0.160375 0.429975
0.163449 0.442839
0.162278 0.47187
0.167321 0.482107
0.161107 0.5009
0.166021 0.531205
0.161534 0.541536
0.152959 0.556078
0.154912 0.572954
0.156865 0.589831
0.163274 0.610126
0.169683 0.630421
0.162225 0.652075
0.152959 0.681722
0.156469 0.691715
0.157995 0.707326
0.15257 0.730803
0.159551 0.753227
0.152409 0.768899
0.166868 0.79363
0.159062 0.807947
0.156507 0.8258
0.165822 0.843066
0.152867 0.86932
0.169973 0.88496
0.158116 0.900754
0.15775 0.927641
0.152146 0.93788
0.170598 0.954863
0.154912 0.980834
0.173498 0.0112156
0.186956 0.0216376
0.175665 0.0477615
0.183691 0.0669118
0.185949 0.0830409
0.178106 0.110965
0.186979 0.130673
0.180822 0.149236
0.182756 0.160276
0.181829 0.179815
0.175359 0.19306
0.181227 0.210509
0.189062 0.245399
0.175306 0.253037
0.175146 0.27662
0.178846 0.302324
0.171178 0.312204
0.186056 0.334964
0.180639 0.346812
0.172277 0.379376
0.178697 0.390259
0.185118 0.401143
0.185461 0.42027
0.18479 0.454756
0.173534 0.463313
0.179235 0.493362
0.178053 0.503487
0.17687 0.513611
0.175878 0.541444
0.174886 0.569277
0.17349 0.582301
0.172094 0.595325
0.184667 0.62125
0.173446 0.636662
0.187506 0.657338
0.171987 0.674527
0.179632 0.685781
0.182684 0.717002
0.170919 0.732057
0.171422 0.745689
0.171361 0.773766
0.174673 0.779313
0.176725 0.798063
0.178777 0.816813
0.171728 0.839991
0.178274 0.863659
0.174123 0.874309
0.187078 0.900601
0.178838 0.927732
0.174718 0.941298
0.175146 0.966041
0.179693 0.977218
0.188787 0.999573
0.205916 0.0189367
0.202841 0.0260628
0.193266 0.0464873
0.200903 0.0575884
0.204825 0.078486
0.195902 0.104579
0.191441 0.117626
0.206851 0.138443
0.205603 0.163213
0.199583 0.188963
0.196574 0.201838
0.193564 0.214713
0.193728 0.231704
0.193892 0.248695
0.199606 0.280786
0.203928 0.302955
0.198248 0.309519
0.208251 0.325125
0.192366 0.353095
0.198675 0.371227
0.206091 0.397229
0.202578 0.417024
0.19402 0.418647
0.198904 0.440336
0.198134 0.46308
0.197363 0.485824
0.199942 0.497955
0.192633 0.526322
0.195505 0.545324
0.198378 0.564325
0.196814 0.582476
0.191523 0.592788
0.199652 0.612079
0.190359 0.63509
0.2088 0.653523
0.19837 0.677984
0.190527 0.697493
0.194693 0.709834
0.198859 0.722175
0.205985 0.758538
0.196936 0.789727
0.208441 0.813219
0.198492 0.825678
0.201247 0.851611
0.203681 0.857997
0.192106 0.890553
0.192051 0.902858
0.191996 0.915162
0.191885 0.939772
0.201361 0.962176
0.194647 0.972137
0.203406 0.998154
0.208991 0.0118107
0.218726 0.030488
0.215392 0.0436109
0.210108 0.0610485
0.225959 0.0900601
0.220819 0.10942
0.209449 0.122532
0.226722 0.146214
0.213153 0.167589
0.220514 0.189744
0.209845 0.196448
0.218238 0.223121
0.225745 0.245788
0.219275 0.252327
0.209441 0.266556
0.224067 0.284951
0.216159 0.305038
0.209082 0.336589
0.210021 0.346946
0.210007 0.370449
0.209994 0.393952
0.225639 0.404782
0.220038 0.432905
0.221953 0.450064
0.212348 0.460402
0.221301 0.476306
0.220649 0.502548
0.215529 0.514382
0.218699 0.536878
0.22187 0.559374
0.210505 0.579169
0.222633 0.594012
0.217719 0.619724
0.211035 0.639759
0.209918 0.646641
0.227241 0.671957
0.209235 0.69863
0.227432 0.71099
0.215033 0.727348
0.210509 0.742943
0.212989 0.770302
0.21569 0.785531
0.21839 0.80076
0.209819 0.826186
0.224219 0.839564
0.216517 0.860664
0.215379 0.878405
0.21424 0.896145
0.213172 0.92468
0.21675 0.936605
0.227577 0.958312
0.215491 0.978233
0.218024 0.996735
0.231025 0.0019837
0.245888 0.0251778
0.236915 0.0431684
0.227943 0.0611591
0.245689 0.0912503
0.245712 0.102756
0.245735 0.114261
0.245102 0.150014
0.228523 0.166005
0.231183 0.18304
0.243309 0.202338
0.244087 0.221366
0.232215 0.23925
0.246193 0.255379
0.23513 0.270165
0.239525 0.292688
0.230445 0.315287
0.235858 0.340608
0.233985 0.358928
0.243098 0.370538
0.23487 0.386761
0.245186 0.412336
0.23357 0.4312
0.246471 0.437288
0.245003 0.459792
0.246681 0.490005
0.233665 0.496277
0.231117 0.530808
0.234672 0.548181
0.238227 0.565554
0.23043 0.579783
0.246162 0.595218
0.241066 0.622616
0.235786 0.627369
0.232257 0.655263
0.233535 0.683294
0.23983 0.694632
0.239925 0.714148
0.228236 0.730934
0.229041 0.750877
0.238639 0.76297
0.228034 0.786431
0.239845 0.811792
0.232032 0.825678
0.241142 0.849742
0.231788 0.869716
0.232292 0.885548
0.232795 0.901379
0.227927 0.914792
0.241615 0.933439
0.242504 0.949137
0.228782 0.977306
0.229987 0.9963
0.26194 0.00149541
0.258293 0.0303659
0.26215 0.0539186
0.251991 0.0608081
0.265419 0.0924406
0.255577 0.103351
0.261681 0.134022
0.251442 0.168798
0.247158 0.174253
0.249214 0.198492
0.255615 0.216395
0.257057 0.242916
0.262246 0.264595
0.250885 0.278642
0.254982 0.300424
0.25061 0.313478
0.261696 0.334269
0.251326 0.354315
0.247212 0.362427
0.257241 0.392987
0.24794 0.414785
0.248196 0.422571
0.256535 0.443308
0.26513 0.471831
0.255905 0.480918
0.254875 0.507553
0.26307 0.525101
0.259949 0.54627
0.263115 0.568415
0.254585 0.571734
0.25209 0.595515
0.264412 0.625507
0.24839 0.639809
0.255715 0.657002
0.257931 0.676038
0.258309 0.684408
0.252419 0.717307
0.262169 0.730361
0.26429 0.755638
0.258244 0.769457
0.252197 0.783277
0.258168 0.807636
0.264138 0.831996
0.25264 0.840869
0.258065 0.85992
0.254707 0.883267
0.25135 0.906613
0.253533 0.915914
0.250725 0.937952
0.247917 0.95999
0.252243 0.977218
0.256569 0.994446
0.276223 0.00804163
0.270699 0.0355541
0.282462 0.0473151
0.273941 0.0698779
0.266007 0.0774712
0.283105 0.105213
0.272393 0.119617
0.267909 0.142951
0.277627 0.153783
0.26838 0.181555
0.269158 0.200583
0.269936 0.219611
0.267922 0.230453
0.27311 0.252132
0.278298 0.273812
0.27427 0.285012
0.276215 0.317927
0.2744 0.330802
0.278161 0.350841
0.266793 0.368023
0.275933 0.3802
0.279611 0.399213
0.270241 0.424787
0.270753 0.440359
0.271264 0.455931
0.267426 0.48677
0.269723 0.501709
0.266396 0.513405
0.279046 0.532273
0.271989 0.563925
0.284028 0.58158
0.269692 0.596423
0.267678 0.62162
0.275002 0.645201
0.268034 0.65694
0.282327 0.668783
0.271655 0.688372
0.275602 0.709782
0.27955 0.731193
0.27192 0.743416
0.277322 0.772164
0.267745 0.7899
0.265755 0.803583
0.281096 0.825981
0.273171 0.852412
0.282205 0.872829
0.26896 0.880017
0.279855 0.900113
0.280675 0.912999
0.27427 0.930448
0.268258 0.961669
0.271912 0.969375
0.281945 0.996734
0.290506 0.0145878
0.289499 0.0243767
0.302774 0.0407117
0.286325 0.0636921
0.288568 0.0881985
0.285836 0.0967055
0.30079 0.117985
0.290716 0.135887
0.290902 0.161397
0.292581 0.188681
0.285318 0.194311
0.292169 0.21411
0.291757 0.23954
0.300546 0.259926
0.287408 0.272469
0.299341 0.284738
0.286294 0.305429
0.291177 0.339976
0.298189 0.348125
0.294626 0.367412
0.287118 0.383312
0.299829 0.4138
0.285546 0.434866
0.297525 0.452071
0.285257 0.483871
0.291299 0.497734
0.292764 0.513413
0.285226 0.544359
0.303217 0.556993
0.288003 0.571276
0.286874 0.592063
0.29429 0.620624
0.288308 0.644704
0.301218 0.657704
0.295862 0.672338
0.285379 0.700705
0.289389 0.712405
0.2934 0.724104
0.292215 0.758293
0.30018 0.771561
0.290353 0.78869
0.298196 0.831065
0.288598 0.848369
0.291101 0.866787
0.294305 0.890988
0.28708 0.89555
0.290048 0.929136
0.287255 0.944304
0.300241 0.958159
0.291093 0.977447
0.286519 0.987091
0.30726 0.0187918
0.314402 0.0220649
0.306458 0.052467
0.309087 0.0682117
0.311716 0.0839564
0.321406 0.106555
0.303804 0.117992
0.311958 0.150313
0.304178 0.169012
0.31437 0.17306
0.316782 0.195807
0.315065 0.212195
0.313349 0.228584
0.319086 0.264885
0.309214 0.274812
0.320383 0.295663
0.309286 0.321894
0.304238 0.324133
0.318216 0.345408
0.311975 0.369564
0.305734 0.393719
0.314604 0.4035
0.320048 0.428388
0.321581 0.438635
0.3052 0.472915
0.312769 0.47512
0.312876 0.493759
0.307764 0.517624
0.30549 0.537309
0.305959 0.555055
0.321207 0.569628
0.304941 0.594745
0.310633 0.615711
0.305925 0.636708
0.320109 0.646626
0.309397 0.675893
0.317171 0.687826
0.311197 0.70806
0.311197 0.738426
0.305689 0.754994
0.320467 0.770384
0.309992 0.786992
0.319803 0.802423
0.322161 0.827837
0.304025 0.844325
0.304727 0.866008
0.30903 0.881161
0.306406 0.909146
0.308386 0.920599
0.310366 0.932051
0.307558 0.953688
0.315933 0.98611
0.307321 0.999023
0.32371 0.00604266
0.338298 0.0295419
0.339412 0.0521638
0.330454 0.0576189
0.32593 0.0820872
0.338183 0.11317
0.324503 0.130772
0.335855 0.14953
0.333201 0.164739
0.326319 0.172668
0.335932 0.195013
0.334941 0.217627
0.322794 0.24604
0.339541 0.259003
0.337626 0.269845
0.325739 0.29453
0.337263 0.322295
0.332261 0.33034
0.339122 0.357006
0.33549 0.372616
0.331858 0.388226
0.323473 0.413282
0.323294 0.431082
0.323115 0.448881
0.325564 0.473525
0.336875 0.478824
0.328013 0.498169
0.322764 0.521836
0.326067 0.544694
0.326693 0.565752
0.326834 0.588275
0.323389 0.600742
0.326975 0.610797
0.325571 0.631855
0.324168 0.652913
0.323145 0.667592
0.323794 0.691717
0.324442 0.715842
0.337687 0.723624
0.330943 0.753777
0.323038 0.770959
0.328875 0.79161
0.340297 0.81135
0.332255 0.830134
0.333773 0.835269
0.32725 0.859188
0.330851 0.887997
0.332163 0.903897
0.333476 0.919797
0.333609 0.933416
0.32786 0.963073
0.324545 0.973197
0.341533 0.992706
0.354625 0.00103763
0.356807 0.0347606
0.348369 0.0467086
0.35844 0.0638752
0.349464 0.0900868
0.342021 0.0951262
0.354961 0.119785
0.359752 0.148747
0.360305 0.169729
0.347842 0.17188
0.355083 0.19422
0.352535 0.218757
0.346038 0.23888
0.359996 0.253121
0.349311 0.276067
0.359081 0.29313
0.342265 0.314249
0.355235 0.338786
0.360302 0.344371
0.360027 0.368603
0.351939 0.393155
0.347118 0.412763
0.36066 0.426233
0.348704 0.445692
0.345737 0.459479
0.359947 0.480739
0.34315 0.502579
0.343007 0.512717
0.348918 0.532395
0.347755 0.558229
0.350169 0.574511
0.34431 0.607334
0.347812 0.610786
0.345714 0.627728
0.347118 0.648122
0.345073 0.67748
0.343921 0.694403
0.342769 0.711325
0.355281 0.733284
0.343112 0.74353
0.350688 0.769127
0.347758 0.796228
0.344028 0.803789
0.356159 0.82886
0.341704 0.844024
0.355834 0.856986
0.35551 0.885113
0.352672 0.894833
0.354228 0.916883
0.356853 0.934782
0.349244 0.95122
0.345388 0.971963
0.348051 0.9895
0.373516 0.00177007
0.378807 0.0352794
0.375317 0.0399792
0.377163 0.0701163
0.363313 0.0801015
0.372997 0.0980865
0.363052 0.117668
0.372295 0.135929
0.3663 0.152829
0.363579 0.17177
0.360858 0.19071
0.370128 0.219886
0.365062 0.236503
0.363823 0.256581
0.373867 0.268029
0.379109 0.286439
0.37402 0.313654
0.370891 0.338054
0.374721 0.360546
0.367374 0.364574
0.372021 0.398083
0.372616 0.406774
0.370602 0.427416
0.368587 0.448058
0.368358 0.470077
0.37932 0.483419
0.374157 0.501999
0.373333 0.524903
0.369259 0.550165
0.368816 0.550707
0.365184 0.575426
0.361644 0.60387
0.368648 0.610775
0.37019 0.627628
0.378735 0.651387
0.372448 0.681997
0.366771 0.694403
0.361095 0.706809
0.379566 0.73967
0.372875 0.742943
0.36552 0.769463
0.366441 0.791274
0.367363 0.813086
0.36079 0.820276
0.372021 0.84637
0.363765 0.865741
0.370424 0.878279
0.365245 0.899541
0.374981 0.913968
0.379406 0.943175
0.370128 0.967986
0.364879 0.969024
0.360851 0.992798
0.392407 0.00250252
0.382298 0.0305795
0.398144 0.0489669
0.387654 0.0595416
0.395886 0.0763573
0.390973 0.100269
0.387921 0.122166
0.394208 0.141392
0.38963 0.152074
0.385784 0.186407
0.386441 0.204619
0.387097 0.222831
0.380482 0.24543
0.388104 0.254158
0.387738 0.282937
0.38316 0.300851
0.382321 0.316294
0.381481 0.331736
0.39536 0.349895
0.389141 0.37672
0.390637 0.398053
0.381626 0.402413
0.393292 0.420392
0.38847 0.450423
0.383895 0.466921
0.380352 0.476638
0.388534 0.500415
0.397748 0.517411
0.388974 0.546876
0.39491 0.558878
0.3802 0.576342
0.390309 0.600913
0.392987 0.614216
0.392727 0.63229
0.389767 0.664144
0.381107 0.67307
0.390179 0.697363
0.384873 0.718516
0.382219 0.729093
0.379959 0.754734
0.380352 0.769799
0.383331 0.784466
0.386309 0.799133
0.390698 0.822382
0.390454 0.845882
0.385311 0.864055
0.380169 0.882229
0.385014 0.899571
0.389859 0.916913
0.391629 0.940855
0.393399 0.964797
0.386784 0.978843
0.380169 0.992889
0.408017 0.00244148
0.407788 0.0263985
0.410848 0.0393841
0.403546 0.0757088
0.413495 0.0929823
0.408948 0.102451
0.410276 0.11951
0.41612 0.146855
0.406537 0.159658
0.414731 0.189032
0.405301 0.192717
0.404065 0.225776
0.401105 0.240738
0.415113 0.258644
0.399136 0.279748
0.417119 0.295091
0.407239 0.308573
0.415998 0.339244
0.398846 0.349879
0.416211 0.368023
0.409253 0.398022
0.401273 0.409207
0.41435 0.429121
0.407553 0.450828
0.400757 0.472536
0.398694 0.486099
0.414533 0.50853
0.40614 0.51297
0.409619 0.541414
0.404792 0.556288
0.399964 0.571163
0.411969 0.591052
0.402348 0.611671
0.415265 0.636952
0.414998 0.658971
0.4008 0.676901
0.408093 0.693632
0.40791 0.712729
0.409087 0.725602
0.403851 0.746055
0.413255 0.764113
0.405255 0.78518
0.407654 0.811505
0.399176 0.816944
0.408887 0.845393
0.413999 0.855968
0.399506 0.87777
0.410943 0.89766
0.404736 0.919858
0.41728 0.93852
0.401959 0.951567
0.407392 0.986419
0.423627 0.00238044
0.423551 0.0298013
0.42291 0.0560396
0.420972 0.0579546
0.418043 0.0835139
0.423063 0.104919
0.43263 0.116855
0.420316 0.146992
0.419591 0.162458
0.418867 0.177923
0.420896 0.198164
0.422926 0.218406
0.436537 0.239845
0.425825 0.249245
0.427 0.28161
0.424249 0.296018
0.421499 0.310427
0.418748 0.324835
0.419275 0.350536
0.426374 0.378918
0.436537 0.389813
0.420362 0.404019
0.436277 0.421079
0.435408 0.437849
0.422193 0.461654
0.425437 0.475106
0.431318 0.499649
0.429304 0.52736
0.428938 0.54722
0.421491 0.565416
0.422721 0.578544
0.430235 0.605182
0.42275 0.621067
0.422616 0.632076
0.418807 0.645524
0.420503 0.674436
0.426008 0.689901
0.429655 0.711295
0.433302 0.732688
0.421256 0.743047
0.433424 0.760491
0.420539 0.785998
0.433311 0.806522
0.428999 0.823878
0.434919 0.84579
0.422931 0.871725
0.418961 0.883195
0.423923 0.910422
0.420601 0.924471
0.41894 0.931496
0.429823 0.957183
0.455 0.0093997
0.439314 0.0332041
0.453673 0.0556886
0.447676 0.0631123
0.440199 0.0906705
0.452147 0.107868
0.447859 0.123768
0.439528 0.134724
0.446425 0.152593
0.453597 0.185583
0.437246 0.191874
0.441786 0.211035
0.446028 0.229995
0.447157 0.253323
0.448286 0.27665
0.450362 0.292444
0.438887 0.304575
0.438276 0.333018
0.44319 0.351176
0.449766 0.376034
0.443152 0.382923
0.438322 0.434935
0.45394 0.451689
0.44422 0.456305
0.450117 0.477676
0.438475 0.507736
0.443365 0.530381
0.43722 0.533246
0.448256 0.553026
0.445479 0.585925
0.437857 0.595553
0.4485 0.619312
0.44809 0.633011
0.44023 0.653798
0.442557 0.670515
0.444884 0.687231
0.439093 0.70996
0.448149 0.732276
0.440786 0.746384
0.448884 0.768696
0.446139 0.786703
0.453342 0.812216
0.446944 0.823664
0.437475 0.851077
0.437544 0.866054
0.446783 0.888851
0.436872 0.895749
0.436903 0.923185
0.4438 0.940809
0.450697 0.958434
0.45381 0.977035
0.470626 0.00993377
0.465148 0.0290994
0.45967 0.048265
0.457789 0.0631657
0.455908 0.0780663
0.471664 0.09888
0.463088 0.13068
0.461997 0.145398
0.460906 0.160115
0.457251 0.172849
0.467803 0.201453
0.456915 0.215724
0.469131 0.241585
0.458708 0.259117
0.461837 0.280313
0.472549 0.297548
0.46971 0.311121
0.460555 0.326792
0.468093 0.35049
0.473159 0.37315
0.465682 0.393094
0.458205 0.413038
0.465098 0.418714
0.462294 0.440748
0.469558 0.468444
0.465865 0.482788
0.462416 0.506943
0.46482 0.525079
0.467223 0.543214
0.464843 0.561129
0.460396 0.586676
0.468762 0.594058
0.45595 0.612224
0.474044 0.628895
0.461989 0.657872
0.467166 0.680437
0.463759 0.684561
0.457657 0.706357
0.462996 0.731864
0.464328 0.745579
0.458968 0.766884
0.458968 0.784211
0.458968 0.801538
0.473373 0.817911
0.460952 0.846187
0.460662 0.868694
0.456694 0.881954
0.460173 0.903386
0.463652 0.924818
0.457175 0.941626
0.471572 0.959685
0.464248 0.97766
0.486251 0.0104678
0.489929 0.0235832
0.484977 0.0434545
0.480026 0.0633259
0.490173 0.0904263
0.481399 0.108417
0.491134 0.117954
0.487472 0.140934
0.475387 0.167638
0.480663 0.177187
0.488975 0.206
0.482009 0.217322
0.476848 0.228212
0.484893 0.254753
0.475387 0.283975
0.478866 0.29545
0.489334 0.317131
0.482772 0.323675
0.492996 0.349803
0.483077 0.361476
0.492157 0.380963
0.491874 0.402493
0.491592 0.424024
0.480575 0.446234
0.488998 0.459212
0.481613 0.487899
0.482482 0.496193
0.474853 0.519704
0.48619 0.533403
0.481429 0.569231
0.481574 0.575892
0.479588 0.59554
0.477601 0.615188
0.492706 0.638661
0.483749 0.661946
0.492241 0.66451
0.491775 0.690359
0.476532 0.712
0.482201 0.728387
0.487869 0.744774
0.484512 0.773278
0.482772 0.787439
0.481033 0.801599
0.487777 0.834284
0.478576 0.844623
0.483779 0.871334
0.485214 0.890164
0.475845 0.897855
0.490402 0.92645
0.480987 0.943068
0.474868 0.956771
0.489318 0.972793
0.477798 0.996887
0.494812 0.00695059
0.509232 0.0372326
0.509026 0.0414403
0.499599 0.0659333
0.508682 0.0819727
0.495041 0.0951949
0.496628 0.129803
0.511856 0.151189
0.507965 0.166356
0.504074 0.181524
0.512364 0.200552
0.510147 0.210547
0.49678 0.240699
0.504158 0.250473
0.500656 0.267922
0.498276 0.289254
0.495895 0.310587
0.506088 0.336909
0.508454 0.352245
0.500305 0.366604
0.511154 0.388775
0.50075 0.400773
0.509342 0.420583
0.49917 0.439898
0.496338 0.465129
0.512101 0.484024
0.4991 0.509598
0.504608 0.529313
0.510117 0.549028
0.495773 0.55913
0.505428 0.580649
0.498306 0.590655
0.499252 0.618152
0.495979 0.628407
0.511368 0.648427
0.503418 0.667516
0.506622 0.695685
0.495407 0.717643
0.504288 0.72721
0.50032 0.754814
0.501709 0.778237
0.51043 0.794427
0.503098 0.80166
0.508087 0.824
0.500137 0.850856
0.512497 0.867428
0.494583 0.882473
0.505386 0.893612
0.510804 0.918332
0.509476 0.933042
0.499039 0.955107
0.507065 0.9859
0.518998 0.00396741
0.513161 0.0254334
0.520642 0.0423654
0.528123 0.0592975
0.515145 0.0921354
0.514323 0.106899
0.513501 0.121662
0.527222 0.143773
0.527445 0.163621
0.519793 0.172163
0.522153 0.196806
0.517893 0.223373
0.523423 0.246193
0.527799 0.24728
0.522248 0.278695
0.518208 0.293249
0.514168 0.307802
0.519181 0.324015
0.523911 0.354686
0.520009 0.36903
0.516106 0.383373
0.512724 0.401978
0.529585 0.430969
0.52681 0.438673
0.526131 0.469665
0.518777 0.49234
0.525452 0.500656
0.51503 0.514985
0.528985 0.535386
0.517207 0.558018
0.529283 0.585406
0.516318 0.597142
0.527207 0.613636
0.519288 0.631031
0.529984 0.651631
0.523087 0.673086
0.52147 0.70101
0.517319 0.718894
0.513169 0.736778
0.528504 0.751839
0.512772 0.764855
0.528451 0.782777
0.528398 0.813715
0.515442 0.82223
0.527787 0.842799
0.519486 0.866939
0.521851 0.888821
0.531205 0.910214
0.520341 0.921628
0.52855 0.939634
0.517808 0.962767
0.517167 0.968383
0.546617 0.00207526
0.536393 0.0272835
0.546998 0.0477767
0.543718 0.0627613
0.540117 0.0938444
0.547689 0.102809
0.53367 0.118809
0.542589 0.136357
0.535096 0.15508
0.535424 0.175092
0.535752 0.195105
0.544944 0.226945
0.533553 0.23889
0.536843 0.261391
0.535819 0.268374
0.54384 0.289468
0.533551 0.315405
0.535039 0.326849
0.546495 0.354396
0.547983 0.365841
0.540056 0.385784
0.53482 0.408377
0.532359 0.423265
0.544829 0.439758
0.535141 0.470207
0.548143 0.48732
0.548822 0.506317
0.538804 0.517289
0.542817 0.550172
0.532273 0.558885
0.548547 0.580096
0.542665 0.591449
0.549394 0.625324
0.539689 0.638478
0.548601 0.654836
0.536111 0.679945
0.547243 0.687323
0.542238 0.708258
0.538469 0.728782
0.545373 0.747482
0.54384 0.7669
0.544404 0.794778
0.536401 0.804247
0.544969 0.822657
0.539178 0.843059
0.533387 0.86346
0.538835 0.883023
0.536237 0.902074
0.533639 0.921125
0.533326 0.943129
0.53431 0.962393
0.535295 0.981658
0.532792 0.992935
0.563921 0.00405896
0.565874 0.036256
0.569395 0.0430425
0.559313 0.0662252
0.561708 0.0868099
0.556429 0.100848
0.556989 0.127384
0.565539 0.133412
0.558336 0.158971
0.55533 0.187613
0.56209 0.20661
0.562947 0.227307
0.551439 0.244087
0.553394 0.258387
0.561586 0.276833
0.559374 0.296304
0.556154 0.309656
0.552934 0.323008
0.55591 0.345897
0.558885 0.368786
0.558092 0.38348
0.568987 0.39919
0.555376 0.425947
0.564583 0.454856
0.557298 0.456252
0.556703 0.480587
0.554112 0.49973
0.551092 0.523888
0.553362 0.541459
0.55443 0.568743
0.562235 0.58684
0.556047 0.597491
0.552721 0.611408
0.550569 0.635067
0.550821 0.645856
0.552248 0.666387
0.557627 0.690947
0.563005 0.715506
0.554189 0.731494
0.562242 0.743126
0.560522 0.76653
0.552463 0.780654
0.552843 0.802179
0.561541 0.831599
0.561331 0.854038
0.554277 0.859493
0.560366 0.889477
0.55842 0.906697
0.556475 0.923917
0.564436 0.93239
0.557176 0.953215
0.555361 0.978088
0.558519 0.999969
0.581225 0.00604266
0.577071 0.0279359
0.572916 0.0498291
0.574587 0.0580157
0.5833 0.0797754
0.572741 0.107852
0.578232 0.119175
0.580309 0.13596
0.576632 0.160222
0.574908 0.18012
0.577929 0.203894
0.58095 0.227668
0.582966 0.238794
0.579333 0.264199
0.583048 0.277703
0.574908 0.30314
0.585816 0.322401
0.578753 0.337786
0.577715 0.351787
0.582598 0.372433
0.576128 0.381176
0.585752 0.401758
0.573351 0.419797
0.586485 0.44852
0.584338 0.469955
0.584783 0.488965
0.572192 0.511979
0.573084 0.529252
0.573977 0.546525
0.577891 0.564379
0.581805 0.582232
0.576479 0.600368
0.571154 0.618503
0.571581 0.637013
0.586734 0.660985
0.574511 0.681143
0.575808 0.698111
0.577105 0.715079
0.569674 0.729102
0.571646 0.746372
0.583584 0.771552
0.575671 0.785577
0.58684 0.813593
0.57419 0.822596
0.585162 0.839305
0.583483 0.865017
0.571925 0.877247
0.581896 0.895932
0.571696 0.911565
0.583026 0.933653
0.586482 0.960456
0.575426 0.974517
0.583117 0.996795
0.596988 0.012299
0.603563 0.0242374
0.598834 0.0518815
0.591067 0.0658284
0.597293 0.0811335
0.599475 0.110965
0.596529 0.126911
0.599269 0.141049
0.594928 0.161473
0.598544 0.186361
0.589747 0.207015
0.59624 0.225822
0.589603 0.232308
0.602985 0.250282
0.604511 0.278573
0.593917 0.293016
0.604785 0.308328
0.605136 0.328288
0.605487 0.348247
0.606311 0.37608
0.603916 0.388203
0.591327 0.413648
0.588906 0.431084
0.605045 0.451056
0.597375 0.465951
0.592377 0.480363
0.59827 0.512207
0.598029 0.530015
0.597789 0.547822
0.594592 0.551592
0.596393 0.580218
0.599574 0.606101
0.592914 0.611682
0.598956 0.640828
0.592845 0.650906
0.594543 0.667932
0.59624 0.684957
0.591205 0.714652
0.604762 0.730316
0.597919 0.745262
0.606647 0.776574
0.602364 0.787491
0.594602 0.800542
0.600925 0.823374
0.592204 0.844195
0.597644 0.864833
0.58977 0.880383
0.595218 0.909925
0.589122 0.921789
0.597537 0.946394
0.599462 0.952111
0.590327 0.971595
0.596805 0.998703
0.609003 0.0376169
0.614444 0.0509964
0.612865 0.066744
0.611286 0.0824915
0.614378 0.101199
0.621906 0.121876
0.614826 0.134648
0.625843 0.163579
0.612194 0.17497
0.622181 0.192602
0.61153 0.223975
0.613147 0.2453
0.608066 0.247791
0.617344 0.267926
0.62154 0.290551
0.613338 0.30942
0.619144 0.325449
0.612728 0.350764
0.61671 0.36906
0.626171 0.383007
0.625233 0.403974
0.612715 0.43616
0.608386 0.442183
0.617713 0.474453
0.608264 0.483383
0.624348 0.512436
0.611068 0.530129
0.621601 0.54912
0.621551 0.556085
0.610981 0.578204
0.609531 0.596026
0.622669 0.611835
0.624256 0.63538
0.625843 0.658925
0.611042 0.671941
0.617969 0.688772
0.611606 0.715369
0.61504 0.737518
0.622318 0.744427
0.618473 0.759667
0.625884 0.796056
0.621143 0.80343
0.615009 0.833155
0.619217 0.846168
0.611805 0.86465
0.614872 0.88113
0.611705 0.902524
0.608539 0.923917
0.613891 0.931597
0.612049 0.959136
0.615898 0.970569
0.607715 0.993622
0.628024 0.0189777
0.630055 0.020539
0.630055 0.0501114
0.636654 0.0609912
0.62928 0.0914334
0.628346 0.105991
0.644337 0.132786
0.63509 0.148183
0.630467 0.155881
0.63741 0.182165
0.629284 0.196852
0.630253 0.212363
0.632725 0.230125
0.630055 0.264779
0.638401 0.283769
0.638569 0.30253
0.639302 0.307741
0.636402 0.325156
0.633503 0.34257
0.62711 0.362041
0.634533 0.382267
0.641957 0.402493
0.627336 0.419327
0.636524 0.441237
0.627119 0.457845
0.63805 0.482955
0.631199 0.497696
0.636677 0.524476
0.629139 0.536798
0.645314 0.564348
0.628147 0.571276
0.630329 0.594714
0.627293 0.615047
0.640538 0.644269
0.63319 0.651597
0.637852 0.676321
0.63493 0.696203
0.632008 0.716086
0.645085 0.721427
0.639874 0.758538
0.639027 0.774071
0.632455 0.785064
0.629542 0.806374
0.626629 0.827685
0.630955 0.848399
0.633576 0.866588
0.636196 0.884777
0.632099 0.897427
0.638316 0.926902
0.638661 0.941404
0.64173 0.965417
0.641469 0.969543
0.63509 0.997436
0.652486 0.0137181
0.657308 0.0273751
0.653752 0.0493789
0.658864 0.070986
0.661214 0.0916013
0.663564 0.112217
0.647282 0.130123
0.654508 0.138279
0.645451 0.164342
0.647214 0.182546
0.648976 0.200751
0.661008 0.218352
0.65392 0.236274
0.653081 0.260033
0.655263 0.276986
0.657025 0.292112
0.657044 0.308521
0.657063 0.324931
0.655263 0.34312
0.648732 0.375835
0.664296 0.396794
0.658681 0.401013
0.662114 0.417913
0.653661 0.452391
0.645856 0.467673
0.657781 0.488403
0.653249 0.507065
0.661855 0.523583
0.649007 0.536515
0.659307 0.557054
0.658238 0.578066
0.653958 0.594646
0.649678 0.611225
0.648289 0.63171
0.656819 0.653157
0.658917 0.678289
0.649861 0.693716
0.647473 0.707572
0.658162 0.726768
0.661275 0.757408
0.655677 0.773952
0.65008 0.790496
0.649403 0.80462
0.652333 0.831996
0.66419 0.848353
0.646901 0.863643
0.657521 0.888424
0.647918 0.907663
0.66274 0.922208
0.652235 0.943812
0.646982 0.954615
0.657423 0.980648
0.646257 0.989042
0.674917 0.00689718
0.674886 0.0219199
0.67745 0.0486465
0.667966 0.0678121
0.68218 0.0862453
0.680059 0.100383
0.682806 0.124973
0.672658 0.138371
0.665059 0.165105
0.666578 0.182768
0.668096 0.20043
0.664552 0.209391
0.675146 0.231529
0.676107 0.255287
0.6741 0.270692
0.675649 0.300455
0.682638 0.322092
0.67983 0.332881
0.677023 0.343669
0.670659 0.370232
0.675466 0.393944
0.673284 0.415063
0.682272 0.433332
0.679075 0.454291
0.670797 0.463546
0.667259 0.477262
0.677511 0.49385
0.675405 0.521805
0.673299 0.54976
0.681135 0.555895
0.679029 0.570482
0.671163 0.591784
0.673299 0.612842
0.672323 0.62804
0.67246 0.651936
0.679983 0.680258
0.681799 0.698416
0.669073 0.703513
0.681707 0.730491
0.673421 0.742744
0.680792 0.775174
0.674276 0.784936
0.678701 0.815485
0.671445 0.831919
0.667817 0.840136
0.676046 0.864711
0.679311 0.881619
0.682577 0.898526
0.676054 0.944372
0.667562 0.960265
0.677645 0.974393
0.673116 0.99588
0.692846 0.00560015
0.697287 0.0301218
0.689108 0.0553911
0.700766 0.0621357
0.684584 0.077887
0.698904 0.109165
0.690855 0.117069
0.702048 0.13773
0.687963 0.157506
0.68759 0.178808
0.687216 0.20011
0.696371 0.226783
0.693114 0.24263
0.68461 0.248959
0.69512 0.28135
0.688879 0.301721
0.685759 0.311907
0.690313 0.33929
0.697989 0.356487
0.692312 0.373791
0.686636 0.391095
0.684454 0.412213
0.700323 0.431547
0.689699 0.442919
0.696467 0.471568
0.686989 0.482709
0.697317 0.505005
0.687033 0.522691
0.684084 0.539293
0.690996 0.562609
0.698752 0.583911
0.686026 0.598376
0.696921 0.61446
0.696585 0.631092
0.688101 0.650716
0.696493 0.676977
0.694525 0.693319
0.688116 0.711905
0.68524 0.728568
0.688681 0.758721
0.687307 0.765412
0.701193 0.78808
0.700903 0.809824
0.692995 0.82609
0.685087 0.842357
0.700926 0.864521
0.68503 0.880097
0.695868 0.892682
0.684545 0.92848
0.691206 0.948309
0.691998 0.954572
0.697867 0.968139
0.701102 0.997467
0.710776 0.00430311
0.719108 0.0290841
0.713904 0.0422376
0.709082 0.0670492
0.70426 0.0918607
0.70463 0.108638
0.705 0.125416
0.710932 0.138661
0.716865 0.151906
0.703269 0.176641
0.706473 0.202292
0.712271 0.215186
0.71807 0.22808
0.711081 0.253731
0.711478 0.279778
0.709845 0.299516
0.708212 0.319254
0.704489 0.331111
0.711722 0.350208
0.718955 0.369304
0.704886 0.394894
0.702605 0.413221
0.718375 0.429762
0.702406 0.443869
0.704489 0.456191
0.713858 0.488845
0.705588 0.496925
0.717124 0.51616
0.71762 0.5431
0.702963 0.554735
0.718116 0.57004
0.713279 0.590838
0.704932 0.610965
0.720847 0.634144
0.70867 0.65556
0.713004 0.673696
0.717353 0.689756
0.709067 0.706381
0.705252 0.734214
0.71128 0.749138
0.717673 0.765679
0.706091 0.779481
0.71202 0.79902
0.715335 0.827551
0.705985 0.83636
0.712538 0.871769
0.704203 0.882225
0.712424 0.903745
0.714283 0.916012
0.706351 0.934751
0.714332 0.962935
0.717078 0.982864
0.70909 0.990165
0.738395 0.00119022
0.72615 0.0217139
0.730522 0.0543535
0.723258 0.0584887
0.730834 0.0767235
0.726341 0.0974761
0.727195 0.125858
0.732629 0.144711
0.731681 0.166082
0.733726 0.188055
0.72573 0.204474
0.735771 0.210028
0.739769 0.229377
0.72766 0.254887
0.727836 0.278207
0.726798 0.295137
0.726569 0.317633
0.726341 0.340129
0.722648 0.354717
0.740181 0.370251
0.722533 0.382572
0.723136 0.398694
0.739067 0.418149
0.723052 0.437292
0.723411 0.46408
0.726356 0.484306
0.729301 0.504532
0.72346 0.523816
0.73273 0.532971
0.73748 0.556169
0.7397 0.574229
0.727805 0.597766
0.722205 0.625126
0.721526 0.629635
0.731834 0.653539
0.724593 0.671647
0.739364 0.695135
0.738212 0.702536
0.733879 0.739555
0.734374 0.752907
0.726024 0.759293
0.723136 0.788217
0.723106 0.804163
0.724685 0.818743
0.729209 0.850856
0.739937 0.856868
0.732108 0.88464
0.722215 0.897273
0.740226 0.91232
0.727279 0.937628
0.730796 0.957732
0.738464 0.973746
0.73629 0.997589
0.753975 0.0143742
0.740928 0.0280465
0.755692 0.0379803
0.757408 0.0615864
0.749916 0.0931425
0.750877 0.110996
0.751671 0.129368
0.754326 0.150761
0.754922 0.155564
0.744324 0.17181
0.75927 0.204871
0.751556 0.217433
0.743843 0.229995
0.752403 0.255074
0.74168 0.270316
0.755699 0.285745
0.742119 0.310495
0.744529 0.335124
0.742355 0.352687
0.741268 0.361469
0.740711 0.385418
0.750065 0.399358
0.757805 0.424673
0.745781 0.443037
0.742332 0.471969
0.747932 0.487014
0.753533 0.50206
0.744743 0.520218
0.742 0.542127
0.74085 0.558178
0.758503 0.591033
0.747826 0.61916
0.743065 0.638737
0.742943 0.655835
0.742821 0.672933
0.740516 0.687735
0.753288 0.71276
0.743583 0.726157
0.757469 0.756676
0.751274 0.772515
0.745079 0.788354
0.756615 0.814325
0.748466 0.827662
0.749565 0.845271
0.750664 0.86288
0.745445 0.8876
0.751289 0.898694
0.75071 0.925184
0.740753 0.941458
0.744587 0.949465
0.749077 0.970603
0.762169 0.00250252
0.769555 0.0275582
0.769887 0.0447783
0.759901 0.0689604
0.773492 0.0888089
0.77266 0.101123
0.762165 0.115246
0.776147 0.132878
0.777215 0.166417
0.768242 0.185644
0.778069 0.205679
0.764813 0.211556
0.769616 0.23191
0.76719 0.257332
0.761444 0.271538
0.777322 0.291192
0.760926 0.313158
0.762719 0.330119
0.770821 0.359867
0.761406 0.371197
0.761063 0.380566
0.759758 0.406537
0.776543 0.431196
0.770257 0.447771
0.77401 0.47368
0.761895 0.474916
0.777764 0.499588
0.772164 0.515168
0.766381 0.541154
0.770417 0.566996
0.761284 0.578417
0.777306 0.607837
0.765282 0.64333
0.767769 0.648633
0.774483 0.715827
0.768365 0.722983
0.777551 0.75895
0.766198 0.77253
0.774926 0.788385
0.764763 0.800989
0.767266 0.823801
0.769768 0.846614
0.772942 0.859462
0.772118 0.874905
0.769097 0.892315
0.77047 0.912748
0.761193 0.938047
0.764004 0.952906
0.762597 0.984558
0.785943 0.00381481
0.778676 0.034402
0.784082 0.0515763
0.778954 0.0706656
0.787179 0.0898846
0.795404 0.109104
0.785775 0.120991
0.787645 0.148282
0.791513 0.152196
0.784791 0.178938
0.796869 0.206488
0.789788 0.221496
0.778489 0.239414
0.781976 0.25959
0.786771 0.268708
0.786407 0.290147
0.786042 0.311586
0.794763 0.33198
0.780236 0.348537
0.781091 0.369709
0.781945 0.390881
0.793191 0.416623
0.795427 0.428205
0.782842 0.437988
0.782708 0.47087
0.780236 0.485229
0.79255 0.497436
0.790796 0.528275
0.778588 0.534715
0.77955 0.555574
0.792718 0.569994
0.784431 0.590829
0.797052 0.618244
0.794763 0.638386
0.792474 0.658528
0.794076 0.688711
0.795679 0.718894
0.797212 0.725402
0.787381 0.742176
0.781154 0.76528
0.795282 0.782273
0.784448 0.813623
0.791253 0.83372
0.778695 0.836543
0.795221 0.856044
0.782159 0.87418
0.792749 0.897031
0.780663 0.914464
0.79223 0.936613
0.787255 0.964354
0.783822 0.978271
0.780389 0.992187
0.802911 0.00271615
0.80166 0.0308237
0.802772 0.0383351
0.801636 0.05904
0.800501 0.0797449
0.811411 0.105182
0.798074 0.130146
0.804647 0.14214
0.81122 0.154134
0.806879 0.171514
0.803049 0.205367
0.812677 0.222907
0.801508 0.237312
0.807629 0.254017
0.812097 0.265877
0.798944 0.29664
0.810758 0.317633
0.802976 0.330802
0.804065 0.357301
0.797754 0.366955
0.805155 0.383801
0.809839 0.402051
0.811953 0.417837
0.797662 0.439787
0.806803 0.472243
0.799677 0.48484
0.807337 0.495285
0.80652 0.516533
0.799619 0.543264
0.803362 0.550645
0.815928 0.573016
0.810358 0.590625
0.800614 0.60974
0.809915 0.64037
0.801195 0.649449
0.803293 0.675481
0.814112 0.692434
0.805662 0.708918
0.816135 0.739771
0.81233 0.744564
0.797632 0.761223
0.799646 0.790201
0.806192 0.805513
0.812738 0.820826
0.811746 0.837344
0.797342 0.865139
0.801187 0.889313
0.800439 0.909455
0.801996 0.918266
0.802805 0.947218
0.813379 0.957823
0.80578 0.97882
0.798181 0.999817
0.81988 0.00161748
0.822626 0.024308
0.826868 0.0422681
0.825846 0.0735649
0.818628 0.0893735
0.827418 0.10126
0.820002 0.127415
0.82853 0.134869
0.830927 0.156072
0.819683 0.181181
0.828028 0.205054
0.820353 0.213981
0.828486 0.239326
0.828486 0.252701
0.828486 0.266076
0.827692 0.295267
0.832806 0.311195
0.829205 0.335137
0.81991 0.350017
0.828364 0.37672
0.828906 0.3905
0.820429 0.404168
0.830714 0.41905
0.818781 0.448378
0.830897 0.473617
0.82271 0.49292
0.834758 0.493606
0.8216 0.514275
0.82049 0.53563
0.834048 0.561052
0.833827 0.575205
0.833605 0.589358
0.828057 0.620354
0.816797 0.628651
0.822779 0.662496
0.818445 0.677465
0.827799 0.685835
0.817026 0.713706
0.819941 0.734977
0.830952 0.743784
0.827448 0.763726
0.824366 0.792016
0.832163 0.814066
0.824602 0.833731
0.83224 0.840968
0.821741 0.870815
0.828484 0.880382
0.820215 0.904446
0.834956 0.928495
0.81888 0.937857
0.82477 0.950171
0.831828 0.969939
0.843593 0.0177923
0.846751 0.0318232
0.836299 0.052694
0.851192 0.0673849
0.835292 0.0841977
0.843764 0.106052
0.852412 0.127598
0.844365 0.142296
0.836318 0.156995
0.843867 0.180456
0.839549 0.200552
0.835231 0.220649
0.851573 0.240059
0.84003 0.253067
0.844874 0.266274
0.83884 0.288735
0.836211 0.306732
0.835475 0.323679
0.847652 0.352641
0.850963 0.37521
0.852657 0.397198
0.843223 0.407659
0.839915 0.434797
0.849116 0.450545
0.842219 0.456076
0.844523 0.477355
0.841571 0.495476
0.838618 0.513596
0.852168 0.549089
0.854032 0.560297
0.839137 0.576037
0.851283 0.605701
0.839316 0.612056
0.845027 0.634754
0.846034 0.656178
0.841594 0.675191
0.837153 0.694205
0.843364 0.718604
0.854007 0.724754
0.849574 0.743004
0.843666 0.761018
0.837915 0.787542
0.851588 0.807306
0.837458 0.830119
0.837105 0.843218
0.836753 0.856317
0.848903 0.878902
0.837504 0.906568
0.84212 0.929846
0.850765 0.930906
0.846736 0.953124
0.850276 0.982055
0.870907 0.00381481
0.870426 0.027356
0.870876 0.0393384
0.859172 0.0632134
0.867645 0.0850675
0.857768 0.110797
0.864265 0.11726
0.870189 0.14011
0.861415 0.159856
0.863129 0.173797
0.86288 0.192877
0.857784 0.21839
0.863662 0.238136
0.864505 0.255772
0.85435 0.270753
0.861664 0.295831
0.854854 0.304758
0.85464 0.332987
0.866375 0.348483
0.858945 0.362207
0.86325 0.391427
0.870037 0.410413
0.85754 0.424818
0.859836 0.443541
0.866361 0.471667
0.85815 0.481094
0.862804 0.503525
0.867458 0.525956
0.859813 0.537522
0.871014 0.55179
0.855895 0.571505
0.863546 0.589908
0.871197 0.60831
0.858615 0.632244
0.869289 0.649861
0.864742 0.672918
0.860195 0.695975
0.85844 0.706503
0.854963 0.737377
0.855919 0.750001
0.85638 0.778252
0.85678 0.791898
0.857181 0.805544
0.870174 0.817118
0.862178 0.839412
0.860773 0.858134
0.869793 0.88432
0.854793 0.908689
0.856242 0.915403
0.862758 0.931852
0.870724 0.955016
0.854999 0.975784
0.882881 0.0152573
0.877157 0.0214269
0.883408 0.0390389
0.882046 0.0737327
0.879082 0.0903272
0.876118 0.106922
0.888119 0.120334
0.888043 0.136479
0.887966 0.152623
0.880963 0.186041
0.881893 0.205298
0.882061 0.209296
0.87466 0.240791
0.888325 0.261803
0.880215 0.27543
0.884487 0.302927
0.881787 0.321757
0.879086 0.340587
0.873806 0.342296
0.873562 0.373699
0.873844 0.385655
0.892079 0.413724
0.887417 0.423627
0.879757 0.452284
0.874573 0.462241
0.889309 0.480941
0.876965 0.496414
0.873989 0.524102
0.883396 0.531762
0.889859 0.554491
0.877743 0.581957
0.87447 0.595134
0.89111 0.610919
0.8802 0.63039
0.888791 0.656011
0.880428 0.672109
0.891568 0.694357
0.879727 0.718802
0.880306 0.73751
0.880886 0.756218
0.884304 0.777516
0.882199 0.797021
0.887722 0.798814
0.88876 0.82693
0.874766 0.842532
0.884793 0.859951
0.881161 0.88113
0.877529 0.90231
0.883579 0.920682
0.88963 0.939054
0.8839 0.960341
0.87817 0.981628
0.895337 0.00315867
0.894101 0.0228889
0.89639 0.0507218
0.897717 0.0739921
0.895318 0.0855777
0.892918 0.0971633
0.906095 0.128147
0.897031 0.140385
0.893529 0.157094
0.899045 0.179205
0.907523 0.199496
0.901242 0.225715
0.898839 0.236946
0.896435 0.248177
0.907193 0.282144
0.89584 0.292535
0.902432 0.310877
0.902982 0.329531
0.903531 0.348186
0.895306 0.375683
0.896725 0.3961
0.894402 0.404912
0.903375 0.432836
0.907741 0.445399
0.899335 0.467147
0.897557 0.489441
0.895779 0.511734
0.89563 0.528111
0.895482 0.544488
0.910718 0.559282
0.892632 0.584845
0.894019 0.600022
0.895405 0.6152
0.894528 0.638478
0.908292 0.66216
0.89436 0.667135
0.899274 0.6901
0.899373 0.708548
0.899472 0.726997
0.906156 0.75779
0.894177 0.777406
0.905271 0.780511
0.904996 0.799783
0.909665 0.830302
0.903607 0.847377
0.892384 0.864254
0.894124 0.876072
0.900266 0.895932
0.908536 0.923093
0.906316 0.947676
0.894711 0.956908
0.896191 0.972358
0.897671 0.987808
0.919767 0.00250252
0.922788 0.0299692
0.915845 0.0533006
0.913388 0.0742515
0.925037 0.0766491
0.913633 0.0981323
0.929548 0.122272
0.92407 0.13596
0.918413 0.157559
0.913804 0.173276
0.919311 0.202975
0.912867 0.227529
0.924818 0.232673
0.91821 0.255562
0.912702 0.268853
0.926771 0.289346
0.920377 0.318827
0.925123 0.337794
0.921087 0.35773
0.917051 0.377667
0.929319 0.392209
0.914121 0.417035
0.916147 0.42365
0.91467 0.451949
0.921758 0.466918
0.918912 0.482009
0.916166 0.510361
0.925733 0.530404
0.91995 0.537187
0.929098 0.576434
0.913205 0.595355
0.919614 0.622089
0.927305 0.63018
0.92233 0.649762
0.925047 0.677435
0.91216 0.683767
0.918119 0.70809
0.919217 0.735191
0.912687 0.74649
0.928579 0.759445
0.916974 0.780168
0.927793 0.802545
0.918729 0.816424
0.927732 0.846622
0.918455 0.867824
0.918195 0.882282
0.917936 0.896741
0.924848 0.912633
0.915582 0.930155
0.923002 0.956297
0.919774 0.973499
0.917173 0.993988
0.946226 0.0103153
0.939863 0.0343486
0.935301 0.0558794
0.945028 0.0664312
0.944151 0.0861385
0.942152 0.0949965
0.940519 0.119945
0.94631 0.146825
0.943297 0.158025
0.93408 0.189459
0.946566 0.194792
0.93926 0.222846
0.948393 0.239631
0.93516 0.249474
0.931059 0.276101
0.946348 0.296548
0.935736 0.317171
0.946715 0.327403
0.936361 0.355823
0.9476 0.373852
0.938459 0.38303
0.941588 0.406751
0.940214 0.433576
0.930986 0.450247
0.944182 0.466689
0.943407 0.478507
0.936552 0.508988
0.931516 0.523621
0.946867 0.536882
0.931578 0.564074
0.930338 0.570254
0.947478 0.593585
0.932279 0.610599
0.930784 0.643971
0.934629 0.648017
0.941954 0.665853
0.941801 0.692709
0.935621 0.715964
0.933523 0.737663
0.942274 0.7416
0.931425 0.759362
0.93865 0.780084
0.945875 0.800806
0.93057 0.833674
0.946196 0.844131
0.945799 0.862941
0.946257 0.891896
0.935606 0.897549
0.931761 0.928526
0.936445 0.937666
0.937559 0.951582
0.943358 0.974639
0.935469 0.996887
0.960952 0.00538652
0.950407 0.0198675
0.956938 0.038728
0.954756 0.0677206
0.953879 0.0920591
0.95188 0.100917
0.953001 0.116398
0.949324 0.135624
0.953871 0.166738
0.964446 0.175451
0.962329 0.196146
0.953703 0.213019
0.958445 0.234962
0.956685 0.25251
0.954924 0.270058
0.950568 0.294
0.950749 0.313576
0.95093 0.333151
0.966124 0.349132
0.951142 0.366682
0.949476 0.387032
0.951353 0.400212
0.955138 0.420907
0.958922 0.441603
0.951165 0.460055
0.965056 0.490097
0.963158 0.495731
0.955013 0.516306
0.949767 0.541498
0.968017 0.559374
0.959561 0.574381
0.951106 0.589389
0.951353 0.625843
0.955763 0.640614
0.960173 0.655385
0.956954 0.669149
0.962539 0.698141
0.953124 0.723838
0.952063 0.742469
0.951003 0.761101
0.95748 0.780084
0.963958 0.799066
0.955077 0.821598
0.96466 0.841639
0.962996 0.860021
0.956908 0.886242
0.968017 0.909543
0.949889 0.919034
0.954985 0.933958
0.949171 0.954299
0.956984 0.976699
0.953764 0.999786
0.975677 0.000457778
0.972945 0.020127
0.977355 0.0473495
0.975784 0.0634556
0.974212 0.0795617
0.974944 0.111744
0.974761 0.123516
0.974578 0.135289
0.976753 0.157697
0.970954 0.179273
0.970576 0.204966
0.970387 0.217812
0.970199 0.230659
0.97763 0.247078
0.975707 0.27224
0.974364 0.298654
0.973701 0.313242
0.973037 0.32783
0.968574 0.359195
0.971023 0.369259
0.970981 0.383705
0.973388 0.408216
0.979293 0.429487
0.97763 0.449629
0.972175 0.459792
0.982528 0.478988
0.982719 0.495972
0.98291 0.512955
0.970351 0.544099
0.969184 0.551736
0.981933 0.571749
0.973113 0.602344
0.984657 0.618622
0.978393 0.644917
0.969283 0.650151
0.971953 0.672445
0.968749 0.690512
0.985763 0.706923
0.975829 0.725532
0.986755 0.742615
0.97058 0.762841
0.971473 0.795877
0.981445 0.810953
0.968261 0.816276
0.97116 0.847386
0.975478 0.861649
0.979797 0.875912
0.976302 0.896901
0.980987 0.927137
0.968501 0.930731
0.968986 0.951918
0.970611 0.978759
0.973434 0.997482
0.995483 0.0203864
0.997772 0.0559709
0.987121 0.0772195
0.996887 0.107089
0.987289 0.1302
0.999634 0.148656
0.988037 0.191809
0.992004 0.221686
0.99649 0.274422
0.999359 0.328257
0.994446 0.364666
0.999664 0.417371
0.991096 0.44818
1 0.467879
0.993835 0.551317
0.995849 0.584124
0.990921 0.592326
0.999908 0.612903
0.995697 0.688314
0.998535 0.727226
0.997681 0.759697
0.99707 0.790948
0.989257 0.800951
0.998932 0.82284
0.996124 0.850642
0.995697 0.907559
0.988342 0.917348
0.993957 0.944731
0.993103 0.995178
