2788
0.0037843 0.000457778
0.0167721 0.0204264
0.0052797 0.0412915
0.0071981 0.0633694
0.009064 0.0854518
0.0122668 0.107542
0.0102486 0.131857
0.0111698 0.134037
0.0136308 0.156013
0.00769066 0.177313
0.00503542 0.198941
0.00778222 0.220557
0.0161688 0.236528
0.0101932 0.253548
3.05185e-05 0.27842
0.0145573 0.303629
0.0170992 0.318082
0.000915555 0.328593
0.0126652 0.355785
0.0128334 0.374965
0.0117496 0.394116
0.0163147 0.401898
0.00100711 0.424329
0.00504245 0.443032
0.000915555 0.461715
0.01496 0.478624
0.0165813 0.502091
0.0129704 0.542863
0.000244148 0.568377
0.0119327 0.593707
0.0103529 0.612008
0.00357067 0.629078
0 0.660878
0.0132974 0.665875
0.0118183 0.685979
0.00503555 0.712882
0.0150761 0.744407
0.00425179 0.768942
0.0111956 0.794843
0.000946074 0.800958
0.00618086 0.818091
0.00128178 0.835322
0.00882991 0.855457
0.00140385 0.875637
0.00256355 0.903439
0.0186822 0.918771
0.00921659 0.938902
0.0130836 0.965255
0.0150292 0.971933
0.00268563 0.989776
0.033845 0.00381481
0.0219505 0.0243734
0.0261695 0.042678
0.0291147 0.0666524
0.0318482 0.0896602
0.0196087 0.109333
0.0332537 0.123751
0.03409 0.140016
0.0343638 0.163701
0.0318141 0.173957
0.0268258 0.199011
0.0248328 0.216439
0.0335398 0.231666
0.0357595 0.24847
0.0217659 0.282685
0.0320785 0.290871
0.0355046 0.312284
0.0283212 0.333781
0.0318474 0.355951
0.0320139 0.375133
0.0364244 0.382921
0.0248587 0.415794
0.0207878 0.421389
0.0240791 0.441115
0.0364391 0.473952
0.0326811 0.475655
0.0227973 0.499161
0.027163 0.523098
0.0361317 0.541237
0.0202546 0.568444
0.0219041 0.573744
0.0357879 0.593603
0.0282296 0.61623
0.0220902 0.634534
0.0206221 0.647093
0.0332957 0.668416
0.0295841 0.685791
0.0209863 0.702597
0.0283 0.722834
0.0303607 0.758434
0.0330916 0.769236
0.0290536 0.779137
0.0317028 0.806885
0.0240181 0.816431
0.0225279 0.837765
0.0302133 0.857723
0.0242575 0.888609
0.0287927 0.907982
0.0265585 0.927752
0.0300146 0.930412
0.0217956 0.951318
0.0207526 0.968963
0.0252197 0.991088
0.0474375 0.012223
0.0454115 0.028077
0.0382008 0.0433663
0.0382013 0.0722968
0.0462897 0.0803524
0.0447401 0.102268
0.0562761 0.131718
0.0384723 0.149024
0.042617 0.157317
0.0556047 0.183264
0.0419571 0.197438
0.0395786 0.222906
0.0424367 0.228313
0.0395746 0.250837
0.0405286 0.270913
0.0527055 0.297525
0.0404832 0.313227
0.0385225 0.334524
0.0508438 0.353282
0.0396348 0.36154
0.0442304 0.388711
0.0430006 0.406934
0.0539078 0.424814
0.0524308 0.44377
0.0557904 0.464877
0.038611 0.481362
0.0400173 0.500076
0.0514847 0.52382
0.0387971 0.541226
0.0516373 0.558519
0.0414441 0.584521
0.0381065 0.601738
0.0541398 0.608844
0.0401318 0.641407
0.0398264 0.663032
0.0459513 0.682439
0.0398267 0.700308
0.0425892 0.704786
0.0454509 0.728712
0.0474868 0.746727
0.0489498 0.769005
0.0481374 0.791316
0.0408316 0.808439
0.0508318 0.818117
0.0443763 0.846822
0.0393482 0.857343
0.0400403 0.883145
0.0392163 0.910214
0.0452804 0.919118
0.0382092 0.944761
0.0411845 0.965304
0.0393206 0.969842
0.0476089 0.993957
0.0610675 0.00387585
0.0716536 0.0252257
0.0620136 0.0509659
0.0606639 0.0578312
0.0680868 0.0831019
0.0582806 0.105645
0.060484 0.127943
0.05705 0.135202
0.0589206 0.15835
0.0612434 0.171135
0.0615864 0.194324
0.070986 0.212348
0.0579852 0.242775
0.0629651 0.254473
0.0608638 0.2777
0.058307 0.28658
0.0574922 0.306021
0.0653401 0.327494
0.0585154 0.347232
0.0636011 0.365044
0.0613117 0.382244
0.0649621 0.402503
0.07416 0.425642
0.075573 0.443205
0.0621223 0.468232
0.0733055 0.49205
0.0638777 0.49936
0.0582725 0.522563
0.0593548 0.541135
0.0696065 0.559358
0.0598178 0.583337
0.0577974 0.601008
0.0616156 0.607467
0.0629245 0.631918
0.0580185 0.652716
0.0625324 0.673391
0.0665672 0.695344
0.0607318 0.718955
0.0678549 0.739397
0.0644373 0.750306
0.0627982 0.773399
0.0581988 0.778375
0.0592669 0.811029
0.0702598 0.817465
0.0632954 0.847713
0.0717717 0.859006
0.059908 0.886541
0.057686 0.897229
0.0715659 0.915036
0.0658401 0.93085
0.0580488 0.953203
0.0737938 0.980468
0.0614147 0.988598
0.0902112 0.031349
0.0820151 0.0437814
0.0836525 0.0635184
0.0893838 0.077007
0.0825209 0.098069
0.0863674 0.118503
0.0809961 0.146336
0.0921584 0.168991
0.0839259 0.17597
0.0781035 0.189974
0.0787945 0.219962
0.0893582 0.245552
0.0790205 0.25847
0.0820948 0.274728
0.079989 0.30195
0.0802455 0.30387
0.0925932 0.329508
0.0795312 0.358165
0.0880972 0.362487
0.0888394 0.397809
0.0916435 0.399214
0.0773955 0.419101
0.0795269 0.452072
0.0770287 0.462477
0.083996 0.482612
0.0858353 0.508724
0.093936 0.512955
0.0782189 0.543565
0.0855202 0.567746
0.0839778 0.575305
0.0805776 0.596501
0.0797449 0.623493
0.0890582 0.626554
0.0790735 0.650594
0.0800201 0.66868
0.0884426 0.684713
0.0831253 0.712549
0.0891751 0.735649
0.0841684 0.750525
0.0857265 0.770196
0.076795 0.793693
0.0901212 0.800317
0.0868557 0.833094
0.0854901 0.837708
0.076645 0.868439
0.0913724 0.888211
0.0791106 0.909832
0.0764203 0.913528
0.0856654 0.943785
0.0761064 0.960954
0.0948618 0.978782
0.0761742 0.989818
0.0961333 0.0127262
0.113012 0.0220452
0.103153 0.0459914
0.102348 0.0590452
0.0979034 0.0840785
0.096677 0.102813
0.105829 0.130389
0.101756 0.135908
0.113712 0.155828
0.110073 0.179474
0.100253 0.19776
0.112552 0.224189
0.109581 0.244236
0.106966 0.265427
0.103553 0.266615
0.105502 0.29194
0.0992759 0.30979
0.110011 0.335183
0.10053 0.347386
0.104862 0.375805
0.0995621 0.379915
0.104356 0.404948
0.105991 0.421949
0.0955985 0.43947
0.106052 0.456954
0.0987579 0.483474
0.106179 0.503204
0.09552 0.515923
0.10596 0.539598
0.104953 0.563598
0.105319 0.577624
0.107639 0.60741
0.107751 0.610848
0.11124 0.641377
0.113318 0.653791
0.095041 0.664555
0.100763 0.683416
0.106601 0.708182
0.0956169 0.729476
0.101231 0.740614
0.113468 0.771172
0.0991417 0.78362
0.113102 0.814539
0.0954411 0.817399
0.111302 0.840432
0.104251 0.854732
0.098919 0.878646
0.0951201 0.907498
0.113529 0.914365
0.106894 0.942747
0.109775 0.963805
0.0961406 0.972889
0.103885 0.997894
0.129154 0.00344859
0.116515 0.0218673
0.130955 0.0389111
0.123661 0.0729087
0.113939 0.0827983
0.114322 0.109226
0.130118 0.129779
0.12226 0.146201
0.116457 0.169811
0.128728 0.185162
0.126743 0.191839
0.118734 0.218225
0.132283 0.237608
0.126408 0.255531
0.122908 0.269402
0.122028 0.301362
0.118076 0.318735
0.130783 0.333163
0.119816 0.350658
0.126167 0.361786
0.123603 0.379869
0.120273 0.398755
0.130772 0.433393
0.127311 0.454511
0.117262 0.46003
0.118218 0.477563
0.126988 0.499832
0.114851 0.519551
0.122236 0.545239
0.128849 0.561144
0.123863 0.576746
0.115836 0.591788
0.115394 0.623762
0.124758 0.639496
0.116611 0.659984
0.115906 0.664865
0.126011 0.686575
0.128736 0.708544
0.114997 0.725435
0.114197 0.744606
0.125201 0.775512
0.123918 0.792945
0.127026 0.797467
0.130373 0.830691
0.118441 0.836786
0.116688 0.863291
0.122257 0.886105
0.115525 0.906381
0.121336 0.912844
0.127781 0.93881
0.114622 0.965354
0.119903 0.98387
0.121403 0.996033
0.139105 0.0173683
0.14211 0.0205677
0.146857 0.0415054
0.136127 0.0578019
0.136642 0.0773809
0.14716 0.112461
0.134489 0.125536
0.149785 0.144047
0.13751 0.16758
0.144838 0.182643
0.142458 0.199224
0.135863 0.2153
0.134112 0.233392
0.143923 0.25946
0.150578 0.276131
0.133601 0.285689
0.146397 0.319315
0.143827 0.341256
0.146702 0.34666
0.136406 0.362064
0.142735 0.381176
0.147038 0.411695
0.140938 0.434837
0.146607 0.449144
0.141179 0.470809
0.135892 0.487822
0.13371 0.499935
0.134473 0.523567
0.13303 0.531816
0.135412 0.562212
0.141627 0.575359
0.133457 0.592639
0.133488 0.623402
0.138173 0.628684
0.13715 0.651967
0.138492 0.667206
0.149236 0.700186
0.149662 0.716882
0.133976 0.722617
0.139622 0.752342
0.146092 0.768681
0.147954 0.790582
0.133602 0.807033
0.151341 0.819758
0.133335 0.854152
0.144961 0.856509
0.134915 0.875946
0.135441 0.898131
0.149236 0.9223
0.151755 0.947769
0.138493 0.966338
0.139356 0.969586
0.143193 0.994385
0.157903 0.00405896
0.15574 0.0302305
0.158849 0.0563066
0.153474 0.0627814
0.158147 0.0845668
0.154607 0.099283
0.155751 0.114376
0.152106 0.145103
0.153326 0.168202
0.155771 0.186674
0.158294 0.192103
0.153081 0.212958
0.155095 0.243843
0.158381 0.24882
0.155153 0.279025
0.162758 0.299105
0.162283 0.316
0.164231 0.33279
0.154284 0.352807
0.158188 0.365466
0.156754 0.394762
0.166425 0.416356
0.16483 0.436232
0.165564 0.43832
0.153129 0.459859
0.166387 0.48265
0.152874 0.495466
0.157262 0.513565
0.165075 0.539598
0.161136 0.562583
0.160741 0.575487
0.152757 0.602855
0.156316 0.608081
0.160588 0.63506
0.159112 0.657712
0.161473 0.665548
0.166284 0.687966
0.166309 0.715535
0.153439 0.734319
0.159974 0.74918
0.168065 0.76812
0.152452 0.794139
0.169462 0.802869
0.166278 0.827435
0.158477 0.839926
0.164342 0.8605
0.153874 0.887478
0.157557 0.89434
0.165028 0.911782
0.153893 0.944497
0.169591 0.966124
0.166707 0.97461
0.164809 0.996221
0.179581 0.00992124
0.182867 0.032136
0.173737 0.0470823
0.186773 0.0587786
0.180112 0.0886682
0.172897 0.109816
0.189527 0.120244
0.177068 0.13535
0.177097 0.160376
0.177496 0.171636
0.181371 0.203681
0.174367 0.209307
0.181158 0.231849
0.175817 0.254557
0.177679 0.27781
0.172271 0.300983
0.186752 0.307303
0.173315 0.328806
0.172413 0.3512
0.172695 0.36203
0.172033 0.382611
0.185034 0.409192
0.185769 0.430809
0.17111 0.441571
0.186224 0.459792
0.186483 0.485997
0.184484 0.506272
0.174331 0.522823
0.180841 0.546183
0.184454 0.562883
0.18422 0.574757
0.182348 0.600787
0.178538 0.618389
0.176504 0.641844
0.177278 0.649832
0.179855 0.671971
0.183355 0.700156
0.18473 0.716236
0.176061 0.73632
0.171784 0.741674
0.177546 0.767752
0.173799 0.793488
0.177587 0.799219
0.182328 0.832315
0.179635 0.844806
0.180547 0.867412
0.185003 0.884457
0.17091 0.901129
0.182226 0.919797
0.179944 0.947893
0.180843 0.964976
0.177184 0.982759
0.186377 0.998566
0.20188 0.0125736
0.198874 0.0286729
0.193558 0.0441762
0.190088 0.0732069
0.202661 0.0780067
0.197699 0.102451
0.207495 0.128025
0.194902 0.142572
0.202124 0.160405
0.198523 0.171662
0.193295 0.195308
0.201712 0.21792
0.197986 0.242756
0.198677 0.249431
0.208777 0.272103
0.20011 0.300516
0.207754 0.314043
0.201209 0.328135
0.192145 0.355266
0.207922 0.365515
0.203131 0.383709
0.205668 0.404678
0.206414 0.424359
0.189892 0.443485
0.208334 0.463382
0.206854 0.485733
0.19367 0.508787
0.197062 0.517067
0.191137 0.532548
0.19938 0.558478
0.190356 0.582222
0.190073 0.597705
0.194387 0.614819
0.198279 0.632893
0.203284 0.661672
0.202502 0.667515
0.190361 0.698683
0.20298 0.702503
0.202155 0.722251
0.191517 0.741015
0.201788 0.775353
0.196872 0.78346
0.197015 0.808365
0.191451 0.833703
0.200205 0.840133
0.196142 0.859218
0.206117 0.874831
0.191547 0.909913
0.208321 0.928653
0.208502 0.930387
0.202841 0.9532
0.197119 0.970244
0.190167 0.99468
0.224075 0.0104554
0.218231 0.0236018
0.209387 0.0412305
0.211244 0.0669683
0.210608 0.0772729
0.224772 0.0971427
0.211123 0.123544
0.211319 0.145295
0.212163 0.154571
0.213305 0.174909
0.210089 0.192938
0.226386 0.215155
0.223029 0.244636
0.225454 0.249313
0.210916 0.273164
0.213765 0.299715
0.215872 0.31372
0.221351 0.330231
0.219062 0.350352
0.213538 0.363346
0.22541 0.395059
0.223396 0.400123
0.220618 0.419599
0.209539 0.444931
0.209719 0.465432
0.212069 0.489249
0.223142 0.49742
0.213507 0.515
0.213612 0.545364
0.210771 0.551014
0.21012 0.577959
0.21361 0.606797
0.211493 0.607807
0.21788 0.644229
0.217944 0.648063
0.220053 0.682213
0.215644 0.691244
0.221757 0.708676
0.210653 0.725749
0.216437 0.749535
0.221747 0.775779
0.222114 0.79574
0.210234 0.81143
0.219908 0.819643
0.219062 0.845149
0.21628 0.861477
0.223823 0.880285
0.211646 0.892514
0.215752 0.911922
0.218843 0.935547
0.225776 0.958342
0.220213 0.968608
0.215339 0.991241
0.24427 0.00100711
0.237373 0.0283517
0.234687 0.0561846
0.24162 0.0593735
0.243294 0.09064
0.245828 0.108249
0.230145 0.11665
0.228582 0.141442
0.22953 0.166417
0.232741 0.174923
0.233008 0.203288
0.230341 0.215338
0.231254 0.23238
0.228119 0.255362
0.235054 0.284585
0.229288 0.2915
0.236244 0.316507
0.230572 0.334912
0.235172 0.350971
0.232734 0.375774
0.236588 0.384473
0.233211 0.399493
0.22867 0.422778
0.229909 0.449481
0.229621 0.470351
0.236618 0.483163
0.240028 0.508225
0.229724 0.523184
0.235542 0.540391
0.235176 0.567522
0.228363 0.586462
0.239265 0.603381
0.228956 0.624006
0.235145 0.630146
0.242166 0.647832
0.235633 0.671499
0.238524 0.689646
0.238289 0.709555
0.241554 0.738304
0.234964 0.757267
0.241707 0.776177
0.244958 0.783102
0.229881 0.798091
0.243294 0.829859
0.234367 0.841971
0.235267 0.868557
0.231163 0.879564
0.230867 0.900742
0.232657 0.922303
0.238054 0.931399
0.242197 0.961344
0.229955 0.977773
0.246651 0.988556
0.250162 0.0147764
0.258055 0.0190262
0.249582 0.0424819
0.252889 0.0699407
0.261715 0.0909798
0.257431 0.106652
0.248146 0.125889
0.263391 0.138451
0.261269 0.170049
0.247319 0.188969
0.254982 0.197882
0.250557 0.208953
0.249092 0.233863
0.262856 0.264976
0.256386 0.267006
0.258248 0.298685
0.257801 0.320101
0.249105 0.340151
0.255981 0.358926
0.248562 0.374795
0.255102 0.380063
0.249397 0.402112
0.248213 0.429318
0.249031 0.441115
0.249101 0.463168
0.26191 0.482955
0.259118 0.502647
0.250918 0.51268
0.254062 0.532546
0.253975 0.554208
0.260964 0.576159
0.246998 0.604945
0.264504 0.6245
0.252383 0.640626
0.265267 0.656148
0.248895 0.669484
0.258431 0.690054
0.264382 0.717246
0.24852 0.722953
0.257349 0.757177
0.254086 0.764721
0.254279 0.787947
0.255287 0.805139
0.263446 0.818616
0.251993 0.84451
0.247745 0.861011
0.256209 0.88976
0.250801 0.892331
0.263262 0.915865
0.252098 0.938238
0.247965 0.965329
0.25436 0.973323
0.273568 0.002472
0.266823 0.0353099
0.273838 0.0379861
0.280923 0.0616169
0.268023 0.0837974
0.278787 0.107089
0.27038 0.114439
0.270311 0.1347
0.267981 0.152935
0.281071 0.189149
0.271278 0.203228
0.272774 0.220313
0.270128 0.243158
0.273863 0.261194
0.266345 0.282623
0.273478 0.299136
0.273159 0.316929
0.267342 0.339763
0.267668 0.357768
0.27543 0.369793
0.271647 0.37983
0.265822 0.401477
0.27485 0.423658
0.282174 0.453352
0.269087 0.469883
0.2837 0.490136
0.276681 0.511979
0.273086 0.520386
0.27131 0.542894
0.268961 0.552541
0.271872 0.570713
0.282388 0.592669
0.268429 0.619957
0.281459 0.640403
0.269325 0.651475
0.283724 0.676635
0.273791 0.700939
0.271756 0.720745
0.281751 0.723933
0.280251 0.742485
0.2792 0.766041
0.268929 0.778893
0.27015 0.799908
0.266628 0.825912
0.268685 0.84109
0.273843 0.869259
0.269296 0.887759
0.26795 0.899251
0.266579 0.917692
0.271812 0.947418
0.269398 0.954738
0.270913 0.969146
0.270875 0.993967
0.296927 0.0108457
0.288347 0.0226191
0.29073 0.0451135
0.296374 0.07421
0.286082 0.0904872
0.293936 0.112759
0.286921 0.117583
0.28897 0.143593
0.286355 0.152348
0.286874 0.171202
0.28869 0.190124
0.297281 0.210151
0.285477 0.228113
0.290536 0.251028
0.288186 0.272774
0.290552 0.291378
0.286957 0.312294
0.292581 0.330271
0.285845 0.359369
0.289398 0.366139
0.286402 0.389232
0.295143 0.411316
0.30261 0.420762
0.29484 0.437145
0.298149 0.471113
0.289306 0.47586
0.303537 0.501663
0.294956 0.516794
0.303262 0.533769
0.2931 0.558794
0.298618 0.577766
0.286406 0.596471
0.294565 0.621204
0.285152 0.634728
0.302866 0.649464
0.286966 0.672445
0.296562 0.700861
0.291269 0.707938
0.29588 0.737825
0.285875 0.745314
0.301187 0.77456
0.292623 0.78777
0.285653 0.812342
0.285119 0.821057
0.301553 0.84109
0.301798 0.872097
0.286899 0.879747
0.286233 0.896481
0.28699 0.916894
0.290872 0.936949
0.289636 0.957312
0.285345 0.971481
0.295633 0.992187
0.319987 0.00167852
0.312052 0.0305185
0.311624 0.0550236
0.311197 0.0608844
0.305277 0.0920438
0.309127 0.103334
0.312782 0.116804
0.313211 0.133946
0.30763 0.154598
0.305155 0.175848
0.310892 0.205176
0.306607 0.225977
0.305734 0.235298
0.318827 0.264657
0.310924 0.281153
0.308222 0.286514
0.304056 0.304392
0.307082 0.340619
0.311197 0.357952
0.311246 0.367697
0.311838 0.394421
0.308239 0.410085
0.312087 0.423626
0.318888 0.443434
0.304078 0.461521
0.321177 0.477462
0.309527 0.504759
0.310861 0.51778
0.310079 0.538503
0.321574 0.562334
0.304781 0.581119
0.315836 0.599414
0.310306 0.615293
0.320597 0.62859
0.305547 0.647092
0.304462 0.670917
0.312557 0.693402
0.31076 0.719611
0.306132 0.725142
0.307238 0.749528
0.314723 0.774304
0.316234 0.794485
0.306696 0.798909
0.321726 0.818842
0.305314 0.851202
0.313955 0.856497
0.308924 0.884912
0.306177 0.89839
0.319864 0.921262
0.310079 0.945491
0.307901 0.966399
0.310029 0.971759
0.319267 0.987619
0.33162 0.0165323
0.322823 0.0332232
0.33961 0.0455641
0.329815 0.0627158
0.323166 0.0827434
0.33549 0.104404
0.328992 0.116262
0.323789 0.137553
0.340709 0.153844
0.33256 0.188238
0.335751 0.2076
0.323883 0.213624
0.323617 0.241873
0.327911 0.259889
0.33506 0.275378
0.331187 0.294443
0.331341 0.304322
0.322794 0.332224
0.340159 0.353099
0.335215 0.379528
0.335058 0.396213
0.331008 0.398718
0.332347 0.418317
0.339953 0.438537
0.329257 0.473298
0.322987 0.475753
0.326824 0.499106
0.327921 0.522507
0.334433 0.535677
0.322942 0.56174
0.334775 0.583361
0.323553 0.600103
0.326497 0.612651
0.32283 0.633422
0.336131 0.65099
0.323984 0.679952
0.338444 0.693525
0.32316 0.707511
0.328379 0.735191
0.330163 0.758156
0.329112 0.763176
0.337564 0.781506
0.328242 0.80105
0.325519 0.823025
0.331034 0.846522
0.324279 0.868299
0.330943 0.890103
0.335235 0.895877
0.33625 0.911247
0.330943 0.948058
0.32987 0.949417
0.333516 0.968218
0.324381 0.992218
0.350047 0.0124821
0.357617 0.0199167
0.347932 0.0402967
0.355147 0.0604151
0.34254 0.0778222
0.343781 0.0964257
0.34962 0.127934
0.355618 0.144484
0.346737 0.159683
0.346302 0.173331
0.360637 0.205481
0.346293 0.227757
0.344249 0.231086
0.343162 0.256674
0.353984 0.279885
0.352067 0.292274
0.359386 0.315104
0.34883 0.340206
0.353833 0.366974
0.349873 0.385079
0.352345 0.400296
0.357372 0.425981
0.352641 0.442824
0.345248 0.467718
0.349528 0.493332
0.351919 0.497738
0.360363 0.521409
0.344748 0.539867
0.349437 0.563585
0.356966 0.573855
0.342509 0.606952
0.349272 0.608216
0.358776 0.629383
0.342949 0.650505
0.355266 0.673849
0.342771 0.694305
0.349284 0.717032
0.345056 0.733278
0.35258 0.748283
0.341752 0.773078
0.343137 0.780227
0.349528 0.805017
0.342471 0.825692
0.359447 0.839442
0.348198 0.854849
0.352855 0.873348
0.34376 0.9044
0.34453 0.923586
0.359172 0.943571
0.347634 0.962026
0.354808 0.982574
0.353262 0.99041
0.379528 0.00552385
0.376659 0.0379345
0.379183 0.0434158
0.374981 0.0686972
0.361136 0.0817057
0.368358 0.0992767
0.379223 0.130406
0.364722 0.14994
0.376989 0.153488
0.366558 0.1742
0.368597 0.206988
0.361038 0.223785
0.369884 0.239814
0.362902 0.258355
0.360889 0.266416
0.361268 0.28664
0.361952 0.315546
0.363024 0.340807
0.368147 0.349405
0.366832 0.377605
0.369846 0.384383
0.367861 0.402919
0.364749 0.421474
0.362831 0.445943
0.362794 0.463899
0.376385 0.491989
0.363527 0.504059
0.362922 0.521285
0.37154 0.548466
0.374859 0.552507
0.369756 0.575505
0.370586 0.599048
0.376966 0.618998
0.369141 0.632804
0.378918 0.656636
0.36137 0.67418
0.364399 0.690311
0.377453 0.712973
0.372484 0.726498
0.364319 0.752337
0.369297 0.778106
0.368114 0.779168
0.376293 0.81579
0.364284 0.830345
0.364024 0.836599
0.378887 0.863796
0.371555 0.884061
0.362804 0.906857
0.362485 0.919651
0.366575 0.941151
0.363678 0.963821
0.364876 0.980064
0.368784 0.989403
0.382739 0.0124366
0.395956 0.0246211
0.395024 0.0543636
0.379883 0.0671435
0.383087 0.0864596
0.38281 0.101365
0.386398 0.126034
0.39082 0.151636
0.389652 0.15715
0.385205 0.189498
0.383352 0.193579
0.391003 0.218055
0.396149 0.244178
0.384687 0.249066
0.381115 0.266152
0.385784 0.295053
0.397143 0.318768
0.384716 0.326548
0.393719 0.35905
0.384162 0.373959
0.389839 0.382185
0.382397 0.404431
0.382733 0.432447
0.381467 0.45496
0.380657 0.462081
0.396126 0.4827
0.383261 0.493589
0.388684 0.524735
0.392415 0.545488
0.388501 0.550805
0.381953 0.576625
0.397198 0.588885
0.3979 0.619678
0.380741 0.634219
0.387266 0.657626
0.379735 0.666834
0.389752 0.683889
0.391315 0.703294
0.39259 0.735313
0.382608 0.750721
0.395398 0.775353
0.384679 0.794742
0.392826 0.79887
0.392534 0.822525
0.398114 0.839198
0.395029 0.859322
0.392926 0.886837
0.392564 0.897231
0.386578 0.921293
0.381223 0.942701
0.384411 0.964537
0.390928 0.972514
0.38081 0.999268
0.408309 0.0182065
0.398682 0.0235515
0.403213 0.0494613
0.402879 0.0732524
0.40083 0.0783105
0.412366 0.106876
0.402666 0.12832
0.416608 0.147282
0.399933 0.170397
0.406356 0.173288
0.408918 0.19955
0.416644 0.225827
0.40278 0.231328
0.402142 0.249062
0.401363 0.271733
0.416669 0.301157
0.405973 0.311503
0.399218 0.340029
0.415461 0.356232
0.405617 0.372097
0.399921 0.388811
0.411878 0.416761
0.412132 0.434577
0.401177 0.448628
0.413678 0.469741
0.400739 0.476283
0.411054 0.498611
0.416792 0.528037
0.402628 0.538598
0.41026 0.556719
0.405955 0.588146
0.408354 0.604035
0.402943 0.614599
0.409293 0.636191
0.399351 0.664293
0.403252 0.672325
0.417432 0.688772
0.398935 0.714715
0.403279 0.736842
0.400646 0.754139
0.398851 0.776874
0.416308 0.790613
0.402844 0.808283
0.411894 0.81688
0.411229 0.839073
0.405506 0.863375
0.411107 0.879667
0.417341 0.89819
0.405066 0.913879
0.402309 0.9346
0.411756 0.95291
0.408395 0.968805
0.411634 0.99295
0.425275 0.00648898
0.421064 0.0266732
0.422429 0.054046
0.424578 0.0757868
0.432813 0.0794092
0.428213 0.0973289
0.43087 0.125359
0.417769 0.147995
0.435743 0.168401
0.418188 0.175674
0.423078 0.194037
0.418653 0.223395
0.435896 0.245308
0.417811 0.252083
0.429212 0.275033
0.419545 0.297071
0.424334 0.317498
0.418226 0.334483
0.421727 0.351648
0.42259 0.376965
0.423646 0.380132
0.419485 0.399
0.42662 0.419023
0.42906 0.440138
0.42033 0.468878
0.426951 0.481388
0.42036 0.49777
0.41789 0.5262
0.425035 0.544999
0.42917 0.563399
0.418011 0.580728
0.427168 0.604236
0.419219 0.61981
0.434675 0.631123
0.420576 0.65923
0.433376 0.675531
0.430172 0.688671
0.420148 0.718528
0.422002 0.725609
0.423719 0.751061
0.418999 0.774213
0.418763 0.784063
0.434431 0.803461
0.435163 0.831965
0.419736 0.851445
0.427731 0.854654
0.429853 0.874142
0.427811 0.900255
0.420972 0.925871
0.421588 0.931136
0.419301 0.95237
0.432356 0.973205
0.427534 0.98889
0.445143 0.000976592
0.446551 0.0232837
0.437228 0.0395876
0.442479 0.0649056
0.441415 0.0846185
0.445784 0.103122
0.441187 0.132729
0.441664 0.135014
0.437803 0.158848
0.446606 0.189714
0.441931 0.195191
0.446028 0.21363
0.454256 0.238599
0.443942 0.260627
0.438707 0.277119
0.439606 0.294646
0.442365 0.318329
0.441094 0.323675
0.446089 0.344707
0.438428 0.370806
0.441694 0.397809
0.438472 0.40258
0.453413 0.428755
0.446437 0.445572
0.437247 0.461235
0.444563 0.48265
0.438851 0.500438
0.448505 0.516432
0.43852 0.548692
0.436622 0.565832
0.454482 0.581622
0.450007 0.604019
0.444742 0.61382
0.442326 0.633692
0.444485 0.653633
0.451521 0.665517
0.439961 0.701717
0.438207 0.70767
0.447493 0.726585
0.440419 0.758373
0.442518 0.776482
0.446412 0.778444
0.438704 0.805376
0.438789 0.833494
0.439927 0.845607
0.439592 0.869207
0.437325 0.884748
0.443739 0.910672
0.442477 0.919279
0.442152 0.943297
0.447418 0.96158
0.438943 0.977095
0.439725 0.988899
0.472213 0.0248726
0.456557 0.046968
0.466213 0.0741234
0.459792 0.0797449
0.466646 0.109692
0.467511 0.131856
0.464724 0.144548
0.461928 0.157872
0.4597 0.188787
0.461759 0.207388
0.46567 0.209355
0.471114 0.228706
0.46086 0.256996
0.466165 0.273353
0.463088 0.298776
0.460074 0.31634
0.460967 0.326289
0.464163 0.347581
0.470138 0.364879
0.456301 0.382343
0.468978 0.399426
0.455862 0.421592
0.468898 0.445959
0.460768 0.456801
0.473251 0.483627
0.459827 0.49799
0.464714 0.522126
0.468306 0.538926
0.45979 0.558716
0.462131 0.584663
0.460397 0.606389
0.467437 0.611075
0.463424 0.631672
0.460969 0.645546
0.459428 0.669701
0.455855 0.696158
0.463537 0.708712
0.456308 0.726863
0.4579 0.753197
0.461627 0.77013
0.474288 0.781976
0.4644 0.813074
0.455788 0.831814
0.459944 0.852016
0.460501 0.856059
0.463698 0.880551
0.456403 0.899551
0.471877 0.918088
0.456928 0.93903
0.466445 0.961577
0.458784 0.980129
0.466353 0.998718
0.492903 0.0334394
0.482589 0.0546281
0.476534 0.0720368
0.488876 0.0857265
0.488732 0.107885
0.482864 0.130314
0.493014 0.133054
0.477912 0.153085
0.485916 0.175329
0.484451 0.202185
0.492157 0.222673
0.485294 0.243459
0.489772 0.263425
0.481221 0.284717
0.484485 0.29015
0.477854 0.315143
0.478561 0.336283
0.484653 0.359996
0.489989 0.362863
0.492386 0.382672
0.492671 0.407799
0.481185 0.426344
0.474704 0.438159
0.489822 0.455855
0.476005 0.478136
0.477432 0.510575
0.480249 0.515106
0.486171 0.536529
0.483047 0.562181
0.477398 0.587194
0.48265 0.594012
0.481775 0.610887
0.476464 0.632078
0.481246 0.654317
0.48497 0.68157
0.475674 0.699366
0.481368 0.718619
0.484622 0.731044
0.4773 0.749405
0.479113 0.760173
0.484251 0.781789
0.49266 0.805811
0.484333 0.825275
0.475548 0.846932
0.475954 0.870853
0.478638 0.892076
0.476357 0.897452
0.480871 0.918968
0.480297 0.941224
0.486074 0.960572
0.481273 0.980184
0.50029 0.012299
0.496984 0.0337305
0.502528 0.0546947
0.499279 0.0718864
0.495789 0.0854848
0.49403 0.109121
0.510025 0.114017
0.501358 0.15006
0.504047 0.15664
0.494035 0.175923
0.505295 0.189854
0.495181 0.217869
0.497709 0.231556
0.499435 0.258248
0.50215 0.275312
0.500497 0.30225
0.495071 0.310648
0.500128 0.328901
0.507828 0.353923
0.510976 0.361624
0.502362 0.3816
0.493959 0.406347
0.499461 0.432314
0.494652 0.441681
0.49655 0.461849
0.511338 0.490066
0.496091 0.503142
0.506363 0.520402
0.50375 0.537835
0.510025 0.554308
0.496653 0.578269
0.500135 0.599049
0.495422 0.611013
0.498978 0.631977
0.504505 0.649169
0.4978 0.665936
0.498482 0.701602
0.499219 0.702872
0.509964 0.722861
0.496872 0.746635
0.508194 0.773156
0.497199 0.787948
0.50111 0.8035
0.505936 0.834193
0.511527 0.835982
0.494003 0.859371
0.49678 0.892087
0.499414 0.911091
0.495172 0.915472
0.50267 0.937681
0.495934 0.960241
0.504807 0.968108
0.498337 0.996765
0.529283 0.0019837
0.516115 0.0235196
0.514634 0.0388501
0.521116 0.0619111
0.519272 0.0851772
0.525191 0.095986
0.512828 0.119911
0.527268 0.142644
0.517385 0.168566
0.521989 0.175512
0.528598 0.190204
0.515671 0.211737
0.512874 0.236966
0.514412 0.260517
0.515506 0.284068
0.519791 0.284738
0.525315 0.321757
0.521616 0.340582
0.527239 0.344169
0.513864 0.362256
0.530229 0.37965
0.517655 0.405103
0.513779 0.435011
0.514752 0.448732
0.514595 0.470376
0.530173 0.482314
0.525025 0.507886
0.522814 0.518875
0.520627 0.536012
0.514881 0.560681
0.522294 0.578478
0.516251 0.606738
0.519967 0.616231
0.516871 0.642007
0.517563 0.661641
0.516333 0.671231
0.521897 0.695639
0.527269 0.706605
0.52554 0.735772
0.528855 0.75573
0.527139 0.774657
0.515023 0.783256
0.527421 0.811457
0.514479 0.817124
0.524003 0.844912
0.522568 0.865871
0.517445 0.886623
0.525773 0.906308
0.531172 0.915615
0.513107 0.931863
0.51578 0.952049
0.513696 0.971387
0.52974 0.991852
0.541093 0.0271615
0.532663 0.0438704
0.540971 0.0606403
0.536374 0.0910552
0.549608 0.112003
0.546845 0.118397
0.535108 0.134048
0.540114 0.159904
0.549242 0.179388
0.543107 0.208441
0.549577 0.214304
0.53798 0.235176
0.538957 0.264138
0.538599 0.279316
0.543476 0.303704
0.549979 0.311438
0.546298 0.33222
0.535997 0.353282
0.54388 0.362139
0.532539 0.382194
0.540027 0.400323
0.54738 0.433027
0.531657 0.45229
0.532762 0.462111
0.532487 0.485606
0.544542 0.49675
0.53368 0.521857
0.537339 0.548967
0.544335 0.550979
0.55031 0.581408
0.534514 0.598179
0.546129 0.618244
0.532659 0.639671
0.531748 0.656898
0.540941 0.675832
0.542923 0.696796
0.541128 0.704649
0.543138 0.725791
0.543887 0.754493
0.543172 0.767802
0.542009 0.786492
0.534372 0.811018
0.533212 0.828951
0.544939 0.843165
0.532367 0.867598
0.53403 0.885308
0.539464 0.893943
0.537183 0.925811
0.531541 0.947691
0.538313 0.951254
0.533208 0.968286
0.555366 0.00510733
0.559809 0.0288505
0.566637 0.0463576
0.557755 0.0605992
0.562914 0.0765709
0.558712 0.0981762
0.565571 0.127073
0.557756 0.147588
0.555386 0.1526
0.55576 0.1833
0.567379 0.198392
0.569323 0.227729
0.555536 0.239382
0.559708 0.256946
0.563711 0.281868
0.560533 0.286874
0.556364 0.316826
0.552507 0.337459
0.568133 0.357097
0.550627 0.363444
0.559252 0.387921
0.563043 0.412327
0.554755 0.433025
0.555469 0.455309
0.563646 0.460646
0.551578 0.478692
0.551957 0.500226
0.558862 0.529154
0.556452 0.535447
0.552666 0.565144
0.565603 0.575277
0.568682 0.603473
0.562828 0.610467
0.567446 0.6283
0.55739 0.649617
0.55707 0.667685
0.551909 0.69017
0.562365 0.704886
0.551595 0.729441
0.555832 0.754001
0.559528 0.765009
0.553407 0.782834
0.565172 0.807703
0.551269 0.823274
0.552415 0.849956
0.55771 0.870226
0.554826 0.876553
0.553787 0.902617
0.557207 0.915342
0.563066 0.931288
0.556749 0.96466
0.567726 0.97172
0.553621 0.988561
0.580948 0.0126075
0.576647 0.0205084
0.572923 0.0456395
0.579215 0.0632436
0.571418 0.0790518
0.579089 0.109775
0.581819 0.131083
0.573074 0.144862
0.576258 0.157648
0.5833 0.177496
0.574005 0.202015
0.57811 0.212414
0.572971 0.238864
0.586692 0.249635
0.571351 0.2716
0.570661 0.30355
0.574354 0.304784
0.569597 0.3296
0.585534 0.35846
0.575545 0.360733
0.579048 0.379928
0.585955 0.400128
0.576501 0.428108
0.572837 0.436634
0.574998 0.464792
0.571917 0.486282
0.580244 0.500311
0.572039 0.513993
0.582476 0.540544
0.572071 0.550777
0.571732 0.582252
0.571967 0.594473
0.576585 0.612306
0.579978 0.644699
0.572219 0.650616
0.57423 0.673349
0.570113 0.700477
0.58324 0.70635
0.578265 0.726676
0.573352 0.744089
0.577715 0.769951
0.571469 0.78515
0.582147 0.809202
0.578759 0.824668
0.575487 0.846156
0.574472 0.864006
0.573711 0.881359
0.57973 0.899899
0.570857 0.912929
0.571535 0.932861
0.582446 0.955412
0.576569 0.97941
0.577563 0.991363
0.604846 0.000793481
0.59378 0.0280648
0.594195 0.0467849
0.604893 0.0705377
0.594348 0.0778832
0.589357 0.098352
0.596802 0.123628
0.592364 0.144078
0.591977 0.153989
0.595637 0.171193
0.60567 0.192602
0.594989 0.217597
0.590016 0.242574
0.591206 0.25459
0.588733 0.278542
0.603481 0.303684
0.589465 0.308756
0.592327 0.335879
0.602924 0.356944
0.598192 0.37048
0.604522 0.382498
0.594498 0.404902
0.593617 0.425819
0.592975 0.45262
0.606106 0.467566
0.594287 0.483569
0.607257 0.507157
0.590745 0.515595
0.595049 0.533633
0.591541 0.566412
0.589038 0.569597
0.604968 0.601062
0.590655 0.624195
0.600972 0.635021
0.59579 0.662772
0.592242 0.668081
0.600879 0.69509
0.589337 0.719721
0.604307 0.721433
0.599567 0.744926
0.604297 0.775903
0.592419 0.795606
0.598193 0.814936
0.600487 0.828586
0.592858 0.846107
0.590625 0.87167
0.593861 0.889136
0.597299 0.910263
0.6039 0.929563
0.592342 0.93365
0.590767 0.961141
0.60062 0.976188
0.603634 0.998807
0.62191 0.00977908
0.612445 0.0265816
0.625416 0.0534684
0.617066 0.0748182
0.615723 0.0948327
0.615497 0.0950346
0.614765 0.124027
0.617702 0.135698
0.616352 0.159795
0.608585 0.185001
0.611115 0.194616
0.613799 0.210856
0.614003 0.229964
0.614643 0.249062
0.608088 0.284084
0.607778 0.303215
0.608664 0.311976
0.615955 0.330027
0.607679 0.351663
0.60812 0.361839
0.614795 0.383679
0.618946 0.417035
0.624729 0.418507
0.612314 0.439214
0.610912 0.462172
0.621052 0.480697
0.610483 0.50836
0.610299 0.524612
0.611072 0.542314
0.618793 0.569353
0.609753 0.583302
0.623729 0.603835
0.621265 0.622639
0.626326 0.629626
0.618244 0.654256
0.613365 0.672582
0.609516 0.692338
0.61726 0.708737
0.610806 0.725686
0.617529 0.758032
0.61219 0.764678
0.622298 0.784793
0.609112 0.808261
0.622333 0.831782
0.610436 0.844789
0.620777 0.859065
0.613271 0.883478
0.610675 0.894864
0.614353 0.920612
0.615233 0.940541
0.620213 0.954139
0.608958 0.972222
0.612468 0.990348
0.6404 0.00430311
0.632822 0.0296891
0.629828 0.0521953
0.641137 0.0633535
0.638905 0.0817896
0.644826 0.111362
0.632754 0.124718
0.641346 0.140538
0.637159 0.158801
0.628991 0.18788
0.629197 0.199969
0.633778 0.211188
0.630325 0.2399
0.629404 0.253516
0.628071 0.281625
0.629676 0.303465
0.62683 0.304976
0.637429 0.337834
0.630329 0.356517
0.644907 0.372866
0.631564 0.398529
0.640492 0.40022
0.628537 0.420722
0.629353 0.454665
0.629613 0.457858
0.630146 0.486679
0.627265 0.498921
0.637623 0.515152
0.632184 0.543634
0.644761 0.568591
0.630676 0.584083
0.641133 0.596301
0.639964 0.624826
0.627013 0.630128
0.631531 0.65463
0.632008 0.680166
0.633416 0.690392
0.629841 0.714103
0.638454 0.72301
0.626482 0.743481
0.635578 0.77102
0.643741 0.792179
0.634297 0.798578
0.631755 0.829764
0.633138 0.846085
0.629141 0.854538
0.637028 0.8741
0.640584 0.896481
0.633045 0.92758
0.640869 0.937382
0.62853 0.959637
0.6274 0.982879
0.630425 0.994641
0.658235 0.0130613
0.655324 0.0327158
0.646789 0.0479703
0.659413 0.0600604
0.651612 0.0946245
0.658824 0.106999
0.65614 0.127507
0.650702 0.139724
0.647969 0.158836
0.650685 0.178106
0.647899 0.197543
0.651424 0.21686
0.650929 0.235389
0.648308 0.261795
0.646401 0.268408
0.659932 0.286508
0.64687 0.317026
0.646074 0.327517
0.659749 0.342723
0.65067 0.361629
0.659291 0.380749
0.648855 0.417607
0.657247 0.43498
0.646824 0.449816
0.653462 0.466689
0.647129 0.482894
0.658193 0.496323
0.657889 0.517976
0.66158 0.538102
0.650136 0.558159
0.645711 0.583094
0.657957 0.594634
0.652047 0.610389
0.651814 0.639454
0.64824 0.65582
0.659719 0.66802
0.655049 0.700735
0.651274 0.710561
0.646382 0.737053
0.649678 0.748418
0.656013 0.762768
0.648034 0.789042
0.657338 0.81341
0.651356 0.832239
0.650075 0.851955
0.653657 0.856747
0.663594 0.879269
0.64642 0.896686
0.656578 0.916821
0.647531 0.94227
0.645466 0.962798
0.650412 0.975383
0.64817 0.993057
0.677267 0.00735496
0.670088 0.0362784
0.671146 0.0408329
0.67108 0.0586154
0.668722 0.0888394
0.676593 0.0964157
0.674886 0.121403
0.682081 0.133628
0.667257 0.156255
0.665822 0.180764
0.667228 0.193253
0.669912 0.215522
0.680987 0.232947
0.675161 0.252754
0.665599 0.268752
0.683232 0.287056
0.675954 0.310312
0.664908 0.328813
0.674025 0.348336
0.668465 0.371283
0.665004 0.395927
0.666128 0.409009
0.667752 0.434967
0.672905 0.452929
0.676171 0.457839
0.679922 0.475692
0.664821 0.496659
0.678091 0.514725
0.667012 0.540576
0.672384 0.564348
0.675815 0.584562
0.674581 0.592029
0.676138 0.623432
0.666699 0.635577
0.665886 0.650937
0.676009 0.666373
0.667388 0.685805
0.677847 0.714988
0.665125 0.723212
0.675924 0.743858
0.665609 0.769768
0.666002 0.787845
0.665852 0.812408
0.675717 0.833715
0.671106 0.836404
0.666028 0.861061
0.666924 0.879777
0.668722 0.906735
0.670141 0.918913
0.666494 0.934141
0.675558 0.965667
0.67397 0.975908
0.665334 0.997833
0.684858 0.011479
0.688681 0.0378735
0.684799 0.0568771
0.685155 0.0636193
0.695578 0.0800806
0.6885 0.10196
0.685511 0.114111
0.69068 0.134143
0.687117 0.166292
0.689138 0.188452
0.690461 0.195484
0.69413 0.21236
0.701285 0.229163
0.692348 0.263331
0.686249 0.282568
0.684301 0.2874
0.686547 0.313409
0.683972 0.32978
0.694967 0.358562
0.684116 0.369922
0.68749 0.385266
0.685276 0.404756
0.685463 0.425052
0.692892 0.440107
0.699635 0.462721
0.685543 0.481649
0.683814 0.495434
0.701923 0.52649
0.689108 0.539445
0.697654 0.567265
0.685019 0.577273
0.694705 0.592532
0.7022 0.615741
0.691307 0.644948
0.684011 0.652089
0.68572 0.679556
0.687457 0.688027
0.685797 0.712465
0.686009 0.73003
0.697643 0.753806
0.686509 0.774942
0.691946 0.778863
0.684286 0.807703
0.699669 0.827188
0.702078 0.838282
0.684347 0.859706
0.683793 0.879907
0.686558 0.899926
0.685328 0.921879
0.691377 0.943524
0.702139 0.955443
0.696219 0.983673
0.696156 0.989093
0.709861 0.00219733
0.71511 0.030427
0.704221 0.0424047
0.710379 0.0573748
0.71879 0.0790346
0.705937 0.0983917
0.704611 0.119388
0.70275 0.150456
0.708871 0.152432
0.715964 0.182318
0.704099 0.206156
0.713572 0.22257
0.718098 0.244059
0.712592 0.254804
0.710624 0.271889
0.702475 0.303659
0.704576 0.304878
0.704825 0.332682
0.713739 0.357813
0.702931 0.37519
0.711099 0.39127
0.702536 0.414075
0.70384 0.419253
0.702441 0.440968
0.706174 0.463938
0.719283 0.479532
0.703421 0.499954
0.702697 0.523872
0.702975 0.550121
0.716483 0.561571
0.702565 0.573056
0.710074 0.589465
0.7087 0.613286
0.713616 0.636634
0.712607 0.660421
0.70262 0.667671
0.711722 0.691366
0.707823 0.704673
0.703116 0.730552
0.704133 0.756234
0.713333 0.769349
0.719077 0.790673
0.706248 0.808517
0.709571 0.833675
0.705944 0.852232
0.708086 0.861304
0.707168 0.878622
0.705251 0.909609
0.704003 0.920063
0.702756 0.934142
0.708231 0.961857
0.716478 0.973186
0.721152 0.995514
0.724457 0.0140861
0.734087 0.0340448
0.738609 0.0528275
0.726642 0.0684372
0.724204 0.0879543
0.725569 0.110628
0.735282 0.118351
0.727015 0.133296
0.733879 0.158757
0.736127 0.179058
0.725034 0.196207
0.727905 0.221052
0.734001 0.230628
0.723809 0.260512
0.723614 0.27236
0.729362 0.292276
0.721599 0.307683
0.730033 0.322733
0.730206 0.348771
0.721366 0.374981
0.734367 0.39848
0.721619 0.412742
0.723807 0.431745
0.723405 0.436743
0.725059 0.462935
0.723565 0.475728
0.733665 0.501022
0.728324 0.529557
0.733871 0.533793
0.723259 0.558641
0.73632 0.582293
0.723511 0.594579
0.72371 0.62073
0.733482 0.638081
0.729108 0.659589
0.728338 0.676356
0.726048 0.70222
0.72927 0.719901
0.731947 0.721948
0.725486 0.750908
0.727724 0.771668
0.730337 0.79265
0.728275 0.812998
0.723868 0.82165
0.727519 0.83713
0.731861 0.862224
0.725362 0.886385
0.725974 0.906156
0.732173 0.912602
0.723716 0.937986
0.733024 0.964202
0.732308 0.971922
0.735237 0.988006
0.743065 0.0169378
0.751421 0.0261915
0.745033 0.0544162
0.755303 0.0751366
0.742622 0.092755
0.745625 0.0957906
0.746775 0.119939
0.751827 0.142542
0.74088 0.162178
0.744774 0.188513
0.744886 0.201328
0.752749 0.22393
0.742856 0.235122
0.741203 0.261391
0.757897 0.283761
0.746788 0.298605
0.757805 0.313517
0.749048 0.33358
0.74044 0.353313
0.740427 0.372944
0.744688 0.379665
0.755638 0.41592
0.74389 0.419812
0.748985 0.44261
0.744246 0.461276
0.750542 0.479476
0.754195 0.509291
0.742034 0.517356
0.752498 0.535527
0.741234 0.557733
0.744703 0.584255
0.750847 0.607013
0.746974 0.625235
0.743781 0.626737
0.750035 0.64704
0.75631 0.664785
0.742058 0.694052
0.750252 0.717877
0.752007 0.738884
0.750854 0.744129
0.748558 0.770287
0.743986 0.794897
0.749933 0.798568
0.751671 0.818964
0.749565 0.849879
0.751359 0.860573
0.744041 0.879879
0.748751 0.900744
0.754784 0.927518
0.74575 0.933509
0.745259 0.950587
0.757408 0.979064
0.758715 0.996854
0.768639 0.00216681
0.767282 0.0196773
0.770348 0.0438551
0.763488 0.0748436
0.770144 0.0876811
0.765709 0.106601
0.764253 0.117106
0.767601 0.144505
0.770033 0.153087
0.769158 0.174108
0.768479 0.197324
0.771966 0.214423
0.767876 0.243294
0.770097 0.249787
0.760975 0.278679
0.77504 0.298692
0.766887 0.314867
0.769799 0.340556
0.774806 0.343802
0.766533 0.370251
0.759445 0.398323
0.759768 0.399733
0.761162 0.431471
0.776421 0.437757
0.774499 0.465682
0.77296 0.491861
0.774631 0.494422
0.761162 0.51793
0.777032 0.539781
0.762899 0.556267
0.767296 0.577532
0.759344 0.603997
0.767163 0.615737
0.763482 0.633869
0.775604 0.655397
0.774063 0.676753
0.763579 0.695421
0.764607 0.702441
0.763722 0.738053
0.762328 0.755908
0.767658 0.771857
0.768944 0.790979
0.766083 0.808963
0.777673 0.832453
0.768992 0.849833
0.770104 0.869228
0.761785 0.886084
0.776086 0.898282
0.763926 0.916244
0.765805 0.937854
0.777978 0.960204
0.775817 0.978494
0.792919 0.0128569
0.791559 0.0218207
0.797174 0.0565813
0.781057 0.0670521
0.7893 0.0844142
0.792108 0.112064
0.779876 0.12395
0.780873 0.140978
0.790198 0.159092
0.77994 0.17883
0.782616 0.193426
0.787993 0.209438
0.795129 0.231269
0.787956 0.257921
0.785119 0.282601
0.780823 0.294014
0.786157 0.318522
0.791565 0.323664
0.783343 0.357072
0.788123 0.362486
0.778916 0.383501
0.782556 0.41026
0.788027 0.425914
0.782555 0.442836
0.795334 0.460186
0.796472 0.481704
0.795434 0.508774
0.791315 0.516282
0.788999 0.546277
0.782337 0.565288
0.789681 0.584687
0.783685 0.60741
0.787836 0.615274
0.781613 0.632369
0.796113 0.661811
0.780358 0.681875
0.78125 0.693983
0.779595 0.709861
0.794 0.733299
0.781976 0.759117
0.778799 0.763286
0.782817 0.787641
0.79223 0.807398
0.788198 0.834395
0.782956 0.852707
0.791115 0.858027
0.785578 0.881185
0.781063 0.902613
0.791824 0.913846
0.790063 0.935911
0.787433 0.966484
0.779529 0.972403
0.783746 0.995117
0.813524 0.00871461
0.806346 0.0194796
0.800972 0.0381339
0.800009 0.0724134
0.815271 0.0774865
0.806471 0.096638
0.80056 0.117487
0.810541 0.136723
0.801111 0.16187
0.799128 0.177344
0.806085 0.195288
0.801486 0.213546
0.80835 0.23297
0.812342 0.253182
0.800617 0.284363
0.808769 0.286937
0.814142 0.310373
0.798701 0.33462
0.804559 0.359539
0.810319 0.36341
0.807184 0.390942
0.806049 0.407602
0.803766 0.431135
0.808931 0.444394
0.798104 0.456387
0.797517 0.482619
0.798102 0.506592
0.800134 0.525591
0.801397 0.543007
0.797723 0.567309
0.804113 0.571964
0.811457 0.593524
0.805003 0.617774
0.797937 0.6404
0.80142 0.649533
0.815088 0.671896
0.799548 0.697688
0.802586 0.716399
0.800885 0.725202
0.806636 0.754893
0.813868 0.772881
0.8032 0.779675
0.798874 0.812186
0.802453 0.822724
0.812555 0.83813
0.798608 0.866604
0.799248 0.890413
0.813654 0.910184
0.813952 0.92511
0.814624 0.934753
0.797622 0.953243
0.802606 0.973479
0.803983 0.993718
0.834425 0.0109129
0.817621 0.0293283
0.821669 0.0536623
0.82813 0.0587664
0.817037 0.0947454
0.818037 0.101209
0.832972 0.119846
0.823122 0.15115
0.816528 0.16912
0.817901 0.17645
0.83401 0.191778
0.818803 0.220937
0.828938 0.233711
0.822167 0.261328
0.832118 0.281198
0.834613 0.290929
0.818498 0.303983
0.823878 0.339244
0.822224 0.342237
0.834186 0.363876
0.820776 0.383091
0.828578 0.414777
0.822064 0.424856
0.819232 0.446404
0.820612 0.468093
0.835056 0.476101
0.822413 0.4962
0.81756 0.524491
0.820293 0.540414
0.825745 0.564836
0.821008 0.582298
0.822722 0.602029
0.82153 0.621817
0.818108 0.634283
0.827326 0.645558
0.817408 0.677875
0.829566 0.687457
0.817896 0.705222
0.822932 0.739433
0.827939 0.758742
0.825125 0.772967
0.823295 0.791817
0.826411 0.812738
0.825998 0.816845
0.818384 0.837555
0.820233 0.859543
0.822291 0.882199
0.818975 0.909495
0.818509 0.929586
0.825412 0.939075
0.81814 0.949583
0.823142 0.976748
0.823908 0.997528
0.837934 0.0130632
0.846858 0.0375072
0.840589 0.0554477
0.837984 0.066144
0.843684 0.0858791
0.852303 0.10727
0.848658 0.12332
0.83661 0.138193
0.841578 0.156224
0.837616 0.175558
0.845089 0.193824
0.840821 0.213875
0.840205 0.23545
0.842963 0.256622
0.84381 0.269645
0.844002 0.296594
0.842189 0.315958
0.842003 0.34132
0.850826 0.344279
0.836412 0.362164
0.849361 0.382305
0.835526 0.399349
0.840384 0.4276
0.835353 0.444288
0.84272 0.472975
0.838651 0.481049
0.840496 0.49658
0.848598 0.51616
0.845027 0.544206
0.837503 0.56608
0.840052 0.576861
0.835414 0.601769
0.851558 0.621296
0.837082 0.643466
0.844763 0.651276
0.842738 0.669515
0.845759 0.701224
0.844686 0.715798
0.83669 0.737417
0.841736 0.742492
0.847804 0.760552
0.844386 0.790216
0.84384 0.808214
0.846346 0.817764
0.840449 0.837458
0.847743 0.87112
0.849001 0.889029
0.845069 0.899755
0.838496 0.928861
0.847571 0.936864
0.840999 0.966094
0.839242 0.985502
0.863765 0.00991852
0.858702 0.0223605
0.860866 0.0522207
0.858211 0.0625629
0.85976 0.0816176
0.856723 0.0994087
0.856542 0.118197
0.868221 0.138737
0.854227 0.165903
0.855336 0.187047
0.861278 0.193251
0.856868 0.208838
0.855252 0.236142
0.869778 0.258217
0.85516 0.27776
0.860286 0.285958
0.854243 0.319459
0.860149 0.323765
0.85807 0.343238
0.859291 0.363647
0.856234 0.392065
0.864424 0.399851
0.856777 0.421674
0.857739 0.454915
0.861507 0.460341
0.859798 0.487838
0.860981 0.493687
0.856261 0.531386
0.871578 0.538865
0.866483 0.553908
0.85839 0.576022
0.856512 0.597471
0.855716 0.621839
0.860168 0.644516
0.863033 0.649556
0.858767 0.678441
0.861024 0.684916
0.858742 0.716297
0.859706 0.736167
0.861474 0.740451
0.855752 0.764242
0.863417 0.779298
0.861245 0.803597
0.857551 0.824623
0.868038 0.843257
0.868511 0.868432
0.862059 0.885589
0.869259 0.901944
0.868912 0.915836
0.858289 0.933055
0.869869 0.949644
0.857794 0.974789
0.856929 0.993683
0.881203 0.0189775
0.875447 0.0377663
0.880996 0.0476787
0.87475 0.0673465
0.874128 0.0799582
0.875057 0.103519
0.878563 0.114368
0.882234 0.140585
0.876433 0.16728
0.877041 0.18952
0.87811 0.203502
0.877889 0.210597
0.881252 0.231422
0.874246 0.254093
0.879837 0.277153
0.876846 0.288126
0.875912 0.312143
0.890438 0.336009
0.87604 0.347621
0.880337 0.365612
0.875702 0.379786
0.88702 0.404767
0.882015 0.433515
0.876565 0.451802
0.888424 0.46675
0.881521 0.490607
0.878628 0.512314
0.874009 0.514463
0.87838 0.544863
0.879018 0.567264
0.883419 0.570269
0.877285 0.603137
0.88611 0.625099
0.876111 0.627786
0.891201 0.648213
0.882168 0.673757
0.875547 0.69738
0.874752 0.704489
0.890759 0.727118
0.877898 0.758371
0.878702 0.762037
0.887814 0.779321
0.880381 0.797903
0.879142 0.830643
0.882458 0.852812
0.883371 0.85667
0.887814 0.876553
0.878397 0.910769
0.87534 0.928226
0.875158 0.932577
0.874824 0.966563
0.878227 0.979681
0.884121 0.999847
0.90491 0.00805632
0.900723 0.0212409
0.901608 0.0486465
0.900446 0.0748962
0.897397 0.0761437
0.895399 0.105229
0.909909 0.126072
0.896575 0.141592
0.894803 0.154729
0.895038 0.181046
0.906125 0.201361
0.893083 0.21166
0.899383 0.228528
0.897855 0.256478
0.900388 0.283273
0.908339 0.298066
0.899665 0.314039
0.893034 0.334236
0.905059 0.352218
0.893311 0.370616
0.901793 0.38302
0.902025 0.406906
0.89455 0.420888
0.899457 0.447387
0.901276 0.460786
0.903123 0.487016
0.896772 0.509448
0.896182 0.528994
0.901517 0.533219
0.898123 0.555433
0.900887 0.572159
0.894633 0.589368
0.903897 0.609485
0.895094 0.633582
0.90447 0.651075
0.895025 0.671702
0.900693 0.694815
0.901607 0.70281
0.908855 0.728287
0.900021 0.753258
0.90219 0.760114
0.893527 0.782876
0.893216 0.813196
0.903421 0.825321
0.908048 0.84048
0.893988 0.86253
0.893763 0.874194
0.905271 0.897397
0.900937 0.922377
0.89291 0.93054
0.895169 0.967254
0.903252 0.978944
0.900804 0.99591
0.920718 0.028827
0.918785 0.0535867
0.926756 0.0697958
0.91935 0.0936276
0.911771 0.0991851
0.914423 0.124062
0.915083 0.147109
0.914658 0.168769
0.92291 0.180242
0.927156 0.19032
0.917941 0.218714
0.926481 0.237892
0.91731 0.255105
0.929868 0.270028
0.91181 0.298933
0.92349 0.314402
0.914518 0.33676
0.926145 0.35786
0.9135 0.377782
0.911161 0.380291
0.916985 0.404476
0.912137 0.418195
0.921476 0.443953
0.913544 0.467811
0.914518 0.492935
0.921332 0.510779
0.919384 0.529028
0.918239 0.542059
0.919919 0.5609
0.927334 0.580363
0.917134 0.589633
0.912389 0.623845
0.916729 0.626445
0.913378 0.647446
0.918668 0.668996
0.916438 0.683421
0.921075 0.704873
0.913877 0.726432
0.918251 0.746866
0.925748 0.766289
0.918058 0.793848
0.912495 0.812327
0.930052 0.820338
0.919506 0.852678
0.919217 0.869411
0.926964 0.89074
0.92874 0.904271
0.92088 0.912169
0.923734 0.93347
0.912503 0.95055
0.926646 0.970029
0.91757 0.999481
0.930937 0.0100406
0.94811 0.0244282
0.939238 0.0395215
0.932768 0.0734136
0.942633 0.0817653
0.944761 0.101535
0.938566 0.130619
0.936026 0.134977
0.94351 0.157994
0.933544 0.175325
0.932221 0.204872
0.93878 0.211035
0.931638 0.237152
0.935077 0.253232
0.938168 0.269023
0.944395 0.293313
0.930854 0.31658
0.947508 0.336497
0.932113 0.3601
0.942993 0.368234
0.938597 0.387524
0.930145 0.415771
0.947478 0.43614
0.938224 0.452519
0.942747 0.470778
0.932677 0.487009
0.948363 0.497909
0.938539 0.517813
0.936247 0.536271
0.936757 0.554326
0.93239 0.576105
0.941142 0.591628
0.932981 0.607471
0.933897 0.638997
0.930695 0.652706
0.943789 0.667474
0.939207 0.692221
0.941462 0.712664
0.934807 0.722985
0.931639 0.742838
0.943184 0.775243
0.945769 0.794671
0.931634 0.803661
0.931659 0.829781
0.935209 0.846889
0.938345 0.868748
0.940417 0.882784
0.941923 0.907804
0.934747 0.927977
0.932284 0.934763
0.93466 0.95996
0.948526 0.973306
0.947271 0.99251
0.966369 0.00354015
0.95183 0.0241117
0.953722 0.0497246
0.956236 0.0672628
0.956958 0.0797146
0.950006 0.106862
0.958628 0.115602
0.955565 0.141683
0.951772 0.163228
0.950499 0.185919
0.951495 0.190933
0.950553 0.214443
0.952331 0.233486
0.951872 0.248024
0.94914 0.274179
0.965056 0.298561
0.953767 0.314342
0.955604 0.334134
0.956636 0.353985
0.962218 0.372906
0.954735 0.391495
0.956908 0.407971
0.95217 0.430191
0.958377 0.455271
0.953592 0.458216
0.954614 0.492129
0.95104 0.495226
0.959855 0.516781
0.95024 0.536674
0.953921 0.552688
0.959227 0.57622
0.950875 0.591445
0.961124 0.613169
0.96174 0.634761
0.965494 0.661334
0.949688 0.673194
0.95073 0.690487
0.963225 0.71102
0.950501 0.73253
0.950475 0.758
0.962706 0.773492
0.964959 0.791591
0.950726 0.803247
0.962004 0.818659
0.952104 0.837054
0.960234 0.857173
0.965423 0.884518
0.951294 0.907101
0.95046 0.914003
0.952269 0.939604
0.94921 0.95282
0.96741 0.969592
0.967585 0.990053
0.971263 0.0179446
0.970603 0.0256656
0.969634 0.0419324
0.969522 0.0580301
0.968094 0.0835105
0.974456 0.0975677
0.969299 0.124524
0.975585 0.138432
0.97351 0.165685
0.973767 0.177302
0.974353 0.189845
0.972271 0.221504
0.971373 0.241918
0.970754 0.251713
0.968566 0.277535
0.972149 0.300355
0.969054 0.319498
0.971064 0.324366
0.984985 0.358623
0.969397 0.364944
0.968175 0.381721
0.968989 0.411873
0.969641 0.425109
0.973083 0.446181
0.97055 0.473617
0.972851 0.47537
0.974059 0.506912
0.982758 0.522379
0.971129 0.535783
0.968475 0.553324
0.968112 0.573302
0.9682 0.607349
0.970146 0.609632
0.973949 0.636286
0.968383 0.66213
0.976078 0.682588
0.968725 0.683657
0.970001 0.712172
0.976137 0.723651
0.970214 0.740715
0.980334 0.777721
0.969255 0.778592
0.969779 0.80455
0.971345 0.82702
0.971626 0.838399
0.978639 0.867846
0.980202 0.890978
0.968185 0.910806
0.970986 0.921001
0.974669 0.934985
0.973449 0.957823
0.970685 0.981176
0.985961 0.999054
0.997467 0.00112918
0.992981 0.0282601
0.990729 0.0511839
0.991852 0.0741905
0.999265 0.0812483
0.998474 0.112491
0.990242 0.117579
0.993907 0.142803
0.991449 0.161144
0.999878 0.177618
0.990539 0.207801
0.990631 0.235084
0.996582 0.262734
0.987561 0.279574
0.995025 0.297159
0.987534 0.314716
0.997559 0.324046
0.992179 0.395378
0.990418 0.417451
0.990936 0.423566
0.999206 0.452681
0.992539 0.460931
0.995605 0.485153
0.994494 0.505599
0.999206 0.529038
0.988071 0.544496
0.991058 0.563311
0.994148 0.570023
0.993011 0.59624
0.988136 0.618428
0.991333 0.641011
0.987951 0.659221
0.99982 0.682298
0.997833 0.692099
0.989539 0.7031
0.993835 0.727256
0.987928 0.744347
0.989898 0.762322
0.992187 0.791436
0.998993 0.827326
0.987732 0.853328
0.996246 0.879788
0.994568 0.909177
0.999821 0.911223
0.996216 0.942656
0.997589 0.972899
