991
0.000732444 0.0378429
0.00387585 0.0809656
0.000488296 0.111606
0.00418104 0.149083
0.0021363 0.193121
0.00134281 0.268929
0.00640889 0.301767
0.000396741 0.334666
0.00326548 0.384136
0.000244148 0.445296
0.00997955 0.504044
0.0021363 0.531358
0.00903348 0.557787
0.000396741 0.61269
0.00759911 0.640126
0.0093997 0.676717
0.00338755 0.722404
0.00537126 0.754234
0.00531022 0.78338
0.000915555 0.81814
0.00173955 0.846492
0.00354015 0.876766
0.00390637 0.917173
0.00137333 0.953764
0.0130314 0.989318
0.0272835 0.031312
0.031312 0.0668966
0.0289926 0.0944853
0.0261849 0.121189
0.0346385 0.17362
0.0217292 0.222755
0.0225227 0.250679
0.0372631 0.273446
0.0360118 0.305155
0.0273751 0.340953
0.030488 0.4026
0.0310373 0.431898
0.0272225 0.458907
0.0360118 0.53032
0.0360118 0.563677
0.0220649 0.590838
0.0309458 0.622028
0.0306711 0.657643
0.0325022 0.769738
0.0298776 0.797021
0.030549 0.827753
0.03296 0.865535
0.0363781 0.895199
0.0244453 0.937773
0.0318613 0.964537
0.0518815 0.00540178
0.0564287 0.0333873
0.0404065 0.146123
0.0505081 0.214484
0.0488907 0.244911
0.0533769 0.328043
0.0408338 0.493912
0.0558489 0.587054
0.0495621 0.699393
0.0385449 0.728355
0.0566729 0.748772
0.0525224 0.811731
0.0546587 0.919217
0.0391552 0.998962
0.0632344 0.0805383
0.0576495 0.111515
0.0724204 0.139378
0.0604877 0.182867
0.0638752 0.279519
0.0744041 0.311167
0.0578021 0.354839
0.0594195 0.384472
0.0593585 0.429395
0.060976 0.475295
0.060213 0.515854
0.0693686 0.560839
0.060152 0.628956
0.0646382 0.669912
0.0674459 0.72158
0.0587481 0.780724
0.0673849 0.839595
0.0638447 0.868801
0.0756554 0.894986
0.0646382 0.944304
0.0588397 0.973907
0.0807825 0.0145573
0.0857265 0.0438551
0.0916776 0.075869
0.0871609 0.197455
0.0790735 0.255715
0.0854213 0.336039
0.0904874 0.373699
0.0834986 0.415632
0.0790429 0.453841
0.0925321 0.481185
0.0938749 0.548814
0.0902432 0.584674
0.0819727 0.611408
0.0847499 0.646382
0.0780053 0.693777
0.0863369 0.758354
0.0796838 0.807581
0.0885647 0.918699
0.0875271 0.997955
0.113254 0.0506607
0.103916 0.130131
0.105747 0.159123
0.100803 0.227454
0.109806 0.256508
0.103092 0.286935
0.104495 0.314829
0.108371 0.351238
0.109928 0.424757
0.107669 0.452559
0.0967132 0.517502
0.110263 0.607013
0.108798 0.669179
0.0969878 0.712912
0.10773 0.738639
0.108432 0.788141
0.101199 0.826624
0.0968963 0.863124
0.10651 0.89639
0.0950041 0.955046
0.117008 0.00479141
0.119938 0.0849635
0.13068 0.14359
0.116611 0.184729
0.132664 0.221564
0.116214 0.384716
0.122898 0.491104
0.130039 0.517747
0.116703 0.580065
0.12653 0.645039
0.129398 0.689932
0.127232 0.719535
0.130497 0.810602
0.125523 0.839259
0.119999 0.928617
0.116947 0.996429
0.149113 0.00210578
0.145909 0.0449843
0.138493 0.114444
0.149419 0.192572
0.13947 0.277322
0.140019 0.306131
0.148167 0.335337
0.141697 0.361614
0.136143 0.40492
0.134983 0.44496
0.151067 0.491714
0.14304 0.558367
0.146428 0.589495
0.142613 0.618519
0.137486 0.781243
0.138005 0.868648
0.136448 0.903378
0.135472 0.952879
0.144566 0.994201
0.170812 0.0904263
0.16718 0.126988
0.159062 0.16129
0.162419 0.220435
0.158696 0.254891
0.160802 0.388623
0.156987 0.424024
0.159825 0.456954
0.159093 0.528764
0.16071 0.64568
0.152348 0.673421
0.16831 0.724631
0.157231 0.753899
0.15891 0.803796
0.168096 0.856075
0.162389 0.886807
0.159001 0.938932
0.156713 0.96997
0.180212 0.00704978
0.171514 0.0602435
0.179235 0.194891
0.186102 0.245186
0.174261 0.279366
0.171667 0.310923
0.173894 0.364422
0.18479 0.436323
0.17893 0.485977
0.189703 0.511979
0.186956 0.53975
0.175756 0.565172
0.185491 0.593982
0.17777 0.62389
0.17719 0.698263
0.17304 0.778314
0.189367 0.800195
0.174993 0.827296
0.17307 0.913877
0.184088 0.956236
0.179998 0.995972
0.196875 0.0289926
0.199927 0.0783105
0.198157 0.113102
0.194678 0.14124
0.200751 0.167577
0.208167 0.198523
0.204505 0.270089
0.199255 0.299112
0.208747 0.382092
0.203345 0.408399
0.198248 0.464187
0.197363 0.652577
0.199866 0.715842
0.192419 0.74633
0.202429 0.772118
0.194678 0.874416
0.198431 0.931211
0.204291 0.982665
0.226691 0.00424207
0.226997 0.0336619
0.226783 0.0633259
0.227485 0.0946074
0.226295 0.253121
0.210761 0.337596
0.219764 0.430586
0.219947 0.485916
0.22132 0.522507
0.210334 0.569994
0.222755 0.595752
0.212348 0.628803
0.213782 0.691244
0.220069 0.749016
0.218451 0.81753
0.210944 0.849116
0.21482 0.95584
0.235572 0.125553
0.230018 0.159703
0.237861 0.202765
0.243294 0.289346
0.245613 0.34257
0.240791 0.374401
0.23365 0.403974
0.231483 0.461165
0.246467 0.505966
0.236518 0.550645
0.240852 0.617817
0.233924 0.649251
0.244423 0.677938
0.237342 0.711112
0.240272 0.788903
0.245857 0.815912
0.237159 0.841365
0.23249 0.895291
0.23191 0.934294
0.237403 0.97116
0.231788 0.99939
0.265267 0.00326548
0.259713 0.0408338
0.264626 0.191198
0.259438 0.227943
0.253456 0.255196
0.258858 0.31431
0.255104 0.426038
0.265572 0.540818
0.25605 0.581072
0.264687 0.657796
0.255745 0.731559
0.248054 0.760918
0.255074 0.865017
0.261544 0.905087
0.260384 0.955077
0.275399 0.0778222
0.265816 0.109043
0.26603 0.142674
0.284707 0.247993
0.273965 0.337809
0.271279 0.389843
0.279 0.45201
0.274636 0.514542
0.274178 0.605487
0.266793 0.700674
0.274789 0.783013
0.275033 0.831538
0.270455 0.987274
0.285928 0.0236518
0.286538 0.0516984
0.295755 0.121311
0.288308 0.15891
0.294198 0.188147
0.285012 0.219184
0.29075 0.277261
0.285165 0.307291
0.285134 0.364788
0.290139 0.477004
0.302438 0.506516
0.299203 0.533189
0.285592 0.564653
0.301248 0.587085
0.287118 0.629353
0.296701 0.664815
0.295877 0.697104
0.285501 0.726676
0.287027 0.756523
0.292581 0.811151
0.294839 0.870357
0.292184 0.91409
0.28486 0.941526
0.291452 0.968902
0.301614 0.994354
0.313364 0.00515763
0.316721 0.0432447
0.305582 0.0861232
0.311533 0.144078
0.322581 0.181158
0.313211 0.210669
0.314859 0.246284
0.305216 0.335704
0.312754 0.36848
0.311655 0.398114
0.311899 0.431776
0.316416 0.46498
0.314768 0.558
0.322367 0.64626
0.319102 0.679617
0.317301 0.721763
0.321665 0.758934
0.305551 0.784539
0.322459 0.808222
0.306253 0.835078
0.319926 0.926695
0.340739 0.00933866
0.341563 0.0861843
0.329722 0.118686
0.341502 0.270608
0.325236 0.303629
0.336314 0.386486
0.338298 0.449049
0.332347 0.508072
0.33964 0.543962
0.330424 0.582507
0.337443 0.839991
0.322733 0.863124
0.332621 0.890438
0.325419 0.970611
0.331858 0.998779
0.34611 0.0587481
0.343303 0.146519
0.360057 0.174169
0.342845 0.209082
0.344493 0.239051
0.352062 0.296854
0.348918 0.33311
0.353832 0.36195
0.352367 0.418592
0.343486 0.478713
0.34608 0.610614
0.355235 0.640095
0.346751 0.683218
0.343913 0.736564
0.342021 0.782098
0.354015 0.918241
0.346294 0.947996
0.360851 0.0293283
0.374187 0.0740684
0.370128 0.101199
0.372356 0.129307
0.372173 0.212104
0.371319 0.276559
0.374157 0.31489
0.37257 0.448347
0.369701 0.487167
0.361553 0.514389
0.376537 0.560106
0.374889 0.606342
0.373089 0.662252
0.362468 0.712394
0.371593 0.768487
0.369579 0.823359
0.363475 0.853572
0.366649 0.881039
0.371837 0.938475
0.369762 0.969573
0.362529 0.99591
0.381695 0.00122074
0.397839 0.0233161
0.385205 0.0478835
0.386669 0.156194
0.384228 0.187017
0.394482 0.249062
0.393872 0.353099
0.382427 0.379284
0.387127 0.408582
0.393445 0.471328
0.390179 0.505875
0.390698 0.583911
0.386364 0.637989
0.39732 0.684225
0.38963 0.714438
0.381909 0.741081
0.391949 0.787591
0.395276 0.83636
0.388287 0.907254
0.394635 0.958037
0.393841 0.997467
0.409711 0.0679342
0.401685 0.0995209
0.401135 0.129826
0.411542 0.171484
0.402875 0.222938
0.411481 0.29194
0.402875 0.322214
0.40672 0.446699
0.41081 0.529801
0.408093 0.560137
0.402264 0.613178
0.416547 0.659169
0.415723 0.723258
0.403333 0.761711
0.414808 0.803461
0.414502 0.868923
0.411328 0.93054
0.414106 0.979644
0.4214 0.00256355
0.435102 0.12534
0.436079 0.153996
0.423658 0.243171
0.436415 0.273293
0.429762 0.337077
0.423048 0.363659
0.424268 0.420057
0.434553 0.469893
0.428571 0.602588
0.434309 0.692404
0.432203 0.747978
0.424665 0.778039
0.430158 0.827906
0.424848 0.898831
0.42616 0.953276
0.449416 0.00286874
0.440107 0.0566424
0.447554 0.0908536
0.445631 0.190558
0.444594 0.311991
0.436934 0.394391
0.44261 0.510483
0.436872 0.537736
0.441603 0.571551
0.437361 0.638173
0.451399 0.722251
0.438765 0.855159
0.446944 0.973571
0.468093 0.0305185
0.469863 0.106754
0.464003 0.16776
0.461257 0.222846
0.460768 0.259316
0.467147 0.290902
0.459578 0.361309
0.464156 0.397168
0.460463 0.43321
0.465835 0.479568
0.471816 0.505844
0.46617 0.53563
0.468001 0.562609
0.465804 0.590869
0.459609 0.622181
0.465743 0.649647
0.469192 0.697378
0.458785 0.752434
0.458358 0.779748
0.465072 0.812677
0.462966 0.840724
0.4738 0.871487
0.458602 0.901456
0.458388 0.931272
0.478408 0.00140385
0.486862 0.0549028
0.493057 0.0899686
0.486831 0.128544
0.476424 0.19602
0.492935 0.254677
0.478927 0.325663
0.488876 0.369427
0.486312 0.416028
0.493057 0.476272
0.491806 0.580157
0.484268 0.610919
0.49205 0.638936
0.483779 0.67391
0.480605 0.731742
0.489822 0.777673
0.490555 0.824244
0.485611 0.902066
0.479629 0.968871
0.502579 0.0169988
0.512497 0.065096
0.497543 0.157964
0.50618 0.200354
0.50206 0.342235
0.504227 0.392407
0.507004 0.514328
0.502853 0.548753
0.49797 0.707144
0.508103 0.745567
0.49797 0.854427
0.508194 0.880673
0.509567 0.919706
0.505234 0.948363
0.497757 0.996948
0.522843 0.0381176
0.521531 0.101169
0.527909 0.168615
0.521867 0.241768
0.519883 0.271767
0.516404 0.304483
0.53148 0.327433
0.521805 0.36198
0.515641 0.4185
0.513474 0.456893
0.525986 0.488113
0.528031 0.535966
0.529069 0.569689
0.525407 0.599628
0.517716 0.625446
0.516984 0.660604
0.522019 0.769066
0.52385 0.797143
0.5197 0.826563
0.529038 0.854427
0.529008 0.963744
0.534898 0.0130009
0.540849 0.0662557
0.548357 0.0950041
0.549791 0.123051
0.547899 0.150304
0.539659 0.199408
0.550066 0.26664
0.550218 0.298959
0.545213 0.420606
0.54326 0.452559
0.550371 0.619739
0.543962 0.647542
0.539903 0.695212
0.545488 0.735404
0.53795 0.896786
0.535966 0.928068
0.533525 0.998901
0.553972 0.0329295
0.565325 0.188147
0.562548 0.232856
0.56148 0.325968
0.557054 0.390271
0.563982 0.486587
0.551256 0.511338
0.552171 0.550432
0.555834 0.67217
0.566607 0.710715
0.561724 0.757561
0.551042 0.786798
0.560076 0.813471
0.553209 0.841792
0.559404 0.879696
0.565996 0.912778
0.561266 0.940123
0.562242 0.973235
0.586169 0.00134281
0.581805 0.0384228
0.572619 0.0798364
0.577929 0.10831
0.580248 0.139439
0.587207 0.166082
0.577044 0.288675
0.570452 0.359783
0.572588 0.446547
0.583026 0.512375
0.579272 0.55977
0.57329 0.603351
0.575121 0.638783
0.581774 0.685903
0.58153 0.737724
0.587481 0.780328
0.587634 0.817957
0.578509 0.853969
0.586108 0.95114
0.588244 0.98648
0.604968 0.0847804
0.600848 0.190954
0.594256 0.222144
0.58916 0.249489
0.607196 0.271065
0.591601 0.325327
0.599078 0.383923
0.588733 0.411817
0.595141 0.46794
0.595325 0.537889
0.603687 0.585162
0.600757 0.61272
0.5927 0.659627
0.602863 0.715354
0.607349 0.745872
0.591296 0.879818
0.603351 0.925474
0.618183 0.00350963
0.609363 0.0485244
0.613422 0.118625
0.620228 0.152013
0.623554 0.210028
0.61684 0.238746
0.62215 0.326762
0.614704 0.361095
0.618091 0.411176
0.612537 0.441053
0.611805 0.489578
0.619678 0.526261
0.612598 0.638539
0.617298 0.689596
0.615558 0.782495
0.619739 0.83224
0.619007 0.861507
0.616077 0.894436
0.616535 0.951964
0.617145 0.989074
0.631886 0.0314035
0.628742 0.0705283
0.635914 0.181127
0.635334 0.270608
0.627613 0.297067
0.644398 0.355113
0.629719 0.384381
0.639576 0.43318
0.629658 0.463485
0.62862 0.554308
0.64333 0.578082
0.628101 0.610218
0.641987 0.634663
0.627155 0.662343
0.630787 0.715262
0.637226 0.752678
0.636402 0.802911
0.644917 0.842463
0.630604 0.919065
0.659932 0.0324412
0.66335 0.0721152
0.646931 0.126499
0.654927 0.157323
0.66332 0.194006
0.646168 0.239601
0.648335 0.315043
0.657643 0.383068
0.645405 0.487869
0.654897 0.513688
0.653157 0.542772
0.655751 0.665151
0.658925 0.715049
0.657613 0.77691
0.662282 0.815943
0.655843 0.869167
0.650227 0.899838
0.660329 0.959044
0.648122 0.997986
0.67394 0.135777
0.681173 0.173864
0.670003 0.223609
0.671468 0.270211
0.677358 0.322092
0.675832 0.350841
0.667898 0.437544
0.665395 0.468429
0.680044 0.534837
0.674062 0.588183
0.670431 0.623005
0.681356 0.680746
0.680044 0.844935
0.679128 0.887265
0.669118 0.923002
0.674429 0.990234
0.684042 0.00558489
0.688314 0.0373241
0.69161 0.0676901
0.689444 0.0946684
0.696982 0.198279
0.692892 0.247322
0.691855 0.291055
0.685812 0.375835
0.689749 0.409528
0.692923 0.463881
0.687765 0.505936
0.695669 0.566729
0.693014 0.652272
0.691977 0.750786
0.688528 0.777886
0.695212 0.813471
0.702078 0.860469
0.700613 0.90762
0.694418 0.945341
0.720084 0.0395825
0.720267 0.0762047
0.71453 0.106388
0.703726 0.141545
0.713553 0.225806
0.720786 0.288675
0.707511 0.325419
0.71453 0.359172
0.716758 0.403882
0.707297 0.434889
0.720634 0.462111
0.710776 0.491562
0.713034 0.523484
0.721152 0.553636
0.703818 0.597674
0.70571 0.626698
0.704672 0.70043
0.716117 0.885495
0.708945 0.968474
0.708182 0.999878
0.730644 0.0113834
0.737907 0.126499
0.73101 0.15891
0.733482 0.191504
0.725761 0.25013
0.736412 0.380261
0.736991 0.436232
0.739952 0.493912
0.740226 0.526688
0.73516 0.617359
0.721946 0.665578
0.728294 0.740532
0.722861 0.787011
0.735923 0.82342
0.728782 0.851527
0.730735 0.91055
0.724784 0.942534
0.735801 0.999512
0.748527 0.0624714
0.74868 0.0918607
0.749748 0.21482
0.756249 0.263955
0.752556 0.292642
0.742515 0.328104
0.758629 0.351024
0.747795 0.406873
0.754021 0.586962
0.74633 0.642537
0.748741 0.702292
0.757744 0.738426
0.741325 0.767052
0.756859 0.800195
0.758812 0.837764
0.750175 0.882351
0.758812 0.912015
0.755882 0.943876
0.754173 0.973418
0.759575 0.00430311
0.772973 0.0294809
0.775903 0.0587481
0.765191 0.134037
0.769982 0.164739
0.761956 0.190741
0.77221 0.236702
0.776482 0.371685
0.769982 0.428083
0.774956 0.493881
0.763909 0.559313
0.770348 0.610706
0.776452 0.647328
0.777367 0.681875
0.768975 0.765252
0.776391 0.873379
0.774499 0.996857
0.79049 0.10419
0.783105 0.272408
0.779962 0.300027
0.787774 0.345592
0.781701 0.403211
0.780877 0.4579
0.780328 0.525864
0.785424 0.580218
0.786248 0.739525
0.791131 0.789972
0.783807 0.821192
0.789758 0.84814
0.789544 0.911588
0.7828 0.937986
0.791589 0.963897
0.808832 0.0528275
0.811335 0.0863369
0.808313 0.131932
0.797418 0.164708
0.801294 0.191565
0.800806 0.238136
0.808374 0.291665
0.800501 0.319895
0.811029 0.392499
0.814356 0.427656
0.813013 0.529069
0.808832 0.562822
0.806238 0.604694
0.79928 0.632771
0.808496 0.669729
0.79809 0.699759
0.812342 0.762108
0.809992 0.940916
0.802545 0.998962
0.820765 0.00289926
0.83047 0.0314035
0.829981 0.147862
0.827021 0.206854
0.829066 0.238502
0.817591 0.26484
0.83227 0.311197
0.820643 0.349864
0.819544 0.49797
0.834468 0.550066
0.833857 0.594623
0.826807 0.627125
0.832179 0.729118
0.82281 0.809809
0.816492 0.836634
0.823054 0.883572
0.825495 0.912137
0.817255 0.973174
0.853938 0.0447401
0.845912 0.0747093
0.838496 0.12186
0.853969 0.169103
0.846034 0.285501
0.850001 0.337657
0.841792 0.410291
0.846217 0.438551
0.836604 0.465224
0.842586 0.515976
0.839778 0.650777
0.836055 0.681722
0.847804 0.753532
0.844386 0.791467
0.846614 0.830042
0.845302 0.858791
0.850642 0.886532
0.849788 0.926695
0.841945 0.953856
0.854335 0.0143742
0.8652 0.108554
0.858974 0.197119
0.857448 0.234352
0.859859 0.262429
0.86166 0.308695
0.862056 0.361675
0.864406 0.3914
0.870785 0.45262
0.864284 0.48207
0.871456 0.514969
0.872158 0.542589
0.860622 0.599811
0.860408 0.629048
0.86813 0.660176
0.867061 0.689932
0.863338 0.727531
0.86877 0.779595
0.872158 0.849177
0.861293 0.97879
0.87759 0.000732444
0.884304 0.0281991
0.885037 0.0588702
0.887173 0.0929594
0.884701 0.14713
0.88049 0.180547
0.886227 0.207373
0.884823 0.245766
0.886563 0.281899
0.890927 0.317087
0.890774 0.380291
0.88168 0.58208
0.889279 0.636372
0.88348 0.756737
0.887997 0.876095
0.87814 0.906705
0.885403 0.942839
0.886227 0.997314
0.910611 0.0702536
0.905789 0.126865
0.898373 0.347728
0.905789 0.41026
0.900266 0.464217
0.894894 0.497879
0.898678 0.535417
0.90701 0.569445
0.892483 0.607013
0.893155 0.670309
0.902493 0.702444
0.899167 0.732292
0.901028 0.786248
0.893307 0.822871
0.904843 0.900754
0.908475 0.972594
0.911863 0.00589007
0.925901 0.0308542
0.929014 0.105838
0.919156 0.155034
0.912473 0.189611
0.911924 0.251564
0.916685 0.279611
0.9176 0.309946
0.915891 0.37019
0.922086 0.43376
0.927213 0.468032
0.921201 0.511795
0.926176 0.548357
0.917844 0.595508
0.915647 0.624226
0.918821 0.65453
0.921842 0.766198
0.913236 0.843287
0.920438 0.872524
0.915616 0.941252
0.917356 0.998688
0.940764 0.00259407
0.94171 0.0767235
0.945311 0.18717
0.933317 0.233619
0.944914 0.301431
0.938749 0.331462
0.936888 0.398022
0.948607 0.486038
0.948393 0.522263
0.944822 0.588122
0.9447 0.638539
0.942137 0.680654
0.933714 0.722343
0.945738 0.752464
0.943541 0.787255
0.931883 0.82284
0.940153 0.849055
0.935026 0.899411
0.933286 0.962065
0.944731 0.995056
0.951964 0.0494705
0.964995 0.123264
0.949522 0.148289
0.959563 0.216712
0.950377 0.262917
0.953551 0.369182
0.968017 0.400433
0.962981 0.427595
0.953551 0.457869
0.95938 0.564409
0.961638 0.609241
0.967589 0.71041
0.966704 0.770623
0.966704 0.80166
0.959899 0.828883
0.965423 0.858211
0.965117 0.891476
0.9523 0.922514
0.972228 0.0036317
0.986206 0.0282907
0.980071 0.0780053
0.982482 0.149724
0.979461 0.253395
0.973052 0.280068
0.968474 0.322642
0.984802 0.378338
0.971496 0.508072
0.978912 0.5862
0.972442 0.634114
0.97293 0.665975
0.971191 0.739128
0.985137 0.91055
0.972777 0.943876
0.96881 0.979675
0.999542 0.00158696
0.996063 0.0546587
0.99939 0.108249
0.99472 0.179632
0.99649 0.21366
0.996979 0.295419
0.997772 0.327555
0.996429 0.405255
0.988006 0.437605
0.998993 0.473708
0.997467 0.514878
0.989532 0.543474
0.993286 0.612262
0.998718 0.646687
0.998383 0.683767
0.995819 0.719413
0.995666 0.757897
0.996948 0.786035
0.999329 0.813532
0.998962 0.842738
0.998749 0.88638
0.999542 0.934049
0.996735 0.961455
0.994751 0.988891
