1243
0 0.00271615
0.00158696 0.0341807
0.00253304 0.0618305
0.009888 0.127842
0.000366222 0.153844
0.00894192 0.191534
0.00448622 0.241371
0.00375378 0.280099
0.000152593 0.308023
0.00811792 0.346629
0.00524918 0.388318
0.0144047 0.447432
0.00769066 0.480239
0.0155339 0.508774
0.000183111 0.542924
0.00631733 0.580157
0.0174261 0.61388
0.0155644 0.64095
0.00210578 0.670095
0.000824 0.717277
0.00646992 0.750694
0.00244148 0.800623
0.00149541 0.828913
0.00601215 0.881985
0.00677511 0.909848
0.00805689 0.942381
0.0187608 0.981651
0.0120548 0.995514
0.0301828 0.00546281
0.0258492 0.0457778
0.0368358 0.0796838
0.0237434 0.103275
0.0257881 0.169317
0.0224616 0.218024
0.0258187 0.260353
0.028779 0.291391
0.0266732 0.320566
0.0345775 0.375896
0.0369562 0.380028
0.0202338 0.415906
0.0299081 0.532243
0.0357677 0.591662
0.0225891 0.629437
0.0314646 0.664785
0.035561 0.720389
0.0259407 0.730308
0.0301828 0.79049
0.0353621 0.802921
0.0267342 0.818964
0.0191656 0.853755
0.0310678 0.892544
0.0254219 0.971465
0.0507218 0.0316477
0.0444023 0.0534773
0.0503119 0.0705668
0.0512711 0.108158
0.0494705 0.138951
0.0564287 0.171514
0.0496536 0.201575
0.0433058 0.237892
0.056093 0.312723
0.0416883 0.347636
0.0549713 0.385163
0.0539872 0.398968
0.0426954 0.439192
0.0466018 0.475417
0.054445 0.509537
0.0411695 0.559008
0.0549986 0.608805
0.047853 0.626789
0.0496066 0.683189
0.0389111 0.695028
0.0399257 0.733613
0.0407117 0.756951
0.0400175 0.801656
0.0441908 0.842036
0.0493179 0.86932
0.0426954 0.92346
0.0506302 0.952055
0.0509354 0.985107
0.0631123 0.00061037
0.0619621 0.0414969
0.0746178 0.0921354
0.0703667 0.10692
0.0753807 0.192358
0.07004 0.226447
0.0659505 0.265297
0.0657847 0.391367
0.0648357 0.40394
0.0743431 0.446455
0.0746483 0.475143
0.0669576 0.533799
0.0744346 0.56801
0.0654927 0.600055
0.0639058 0.670797
0.0724509 0.714957
0.0635595 0.748808
0.0702586 0.760556
0.063448 0.786584
0.0580184 0.79893
0.0672297 0.818974
0.0616169 0.90286
0.0728477 0.968902
0.0872524 0.0249641
0.0930204 0.0673544
0.0796838 0.120212
0.0849635 0.150304
0.0880946 0.163853
0.0765552 0.225538
0.0826769 0.245878
0.0941191 0.253883
0.0781884 0.296335
0.0940235 0.315688
0.0863979 0.327677
0.0787988 0.355724
0.0801826 0.36919
0.0862148 0.410474
0.0921354 0.517045
0.0798975 0.637593
0.0937834 0.693533
0.0778141 0.702466
0.0772729 0.748894
0.0795617 0.811121
0.0827357 0.842799
0.0783715 0.877743
0.0777306 0.933164
0.0846882 0.966752
0.0862208 0.971442
0.0786157 0.997955
0.108188 0.00231941
0.104334 0.0949795
0.111087 0.124058
0.103336 0.18128
0.111301 0.216803
0.107849 0.253561
0.103377 0.266296
0.104953 0.305338
0.107089 0.349895
0.108585 0.384381
0.106723 0.43614
0.101321 0.467849
0.0972732 0.52663
0.105624 0.538543
0.097354 0.552263
0.10477 0.580462
0.103641 0.61037
0.108768 0.651082
0.103463 0.671873
0.104828 0.708298
0.106876 0.726646
0.10361 0.754448
0.0962249 0.783502
0.111942 0.810175
0.110935 0.853999
0.103885 0.889248
0.10773 0.920927
0.0998871 0.94998
0.116916 0.0328379
0.12711 0.0806909
0.1171 0.153386
0.130406 0.192724
0.11597 0.269509
0.131809 0.295633
0.130741 0.327952
0.120457 0.411786
0.128422 0.456923
0.115818 0.503616
0.118046 0.531144
0.119846 0.544852
0.121139 0.551679
0.115972 0.677495
0.123325 0.705252
0.129734 0.830897
0.132401 0.926924
0.125609 0.965958
0.119999 0.992004
0.136784 0.012299
0.142491 0.0475478
0.150076 0.0600823
0.137059 0.13242
0.141972 0.16773
0.136814 0.230384
0.145573 0.26661
0.138096 0.356395
0.146641 0.394116
0.143925 0.434339
0.138951 0.484268
0.145604 0.511124
0.135305 0.520562
0.148289 0.551164
0.151372 0.581194
0.134434 0.603687
0.135746 0.651143
0.142857 0.682669
0.133144 0.696925
0.144322 0.724815
0.136784 0.75573
0.138798 0.792718
0.150853 0.848024
0.144749 0.860073
0.133732 0.88876
0.139927 0.915403
0.13538 0.952208
0.161321 0.000488296
0.167302 0.0283212
0.162145 0.0707724
0.159581 0.100192
0.161901 0.149602
0.16892 0.178961
0.153966 0.205634
0.166845 0.238441
0.168855 0.279985
0.158236 0.29039
0.160863 0.320994
0.168187 0.367077
0.170659 0.443403
0.162877 0.470168
0.17069 0.496933
0.16831 0.526048
0.156225 0.532067
0.163942 0.587732
0.162175 0.606281
0.165838 0.648366
0.16541 0.704459
0.163701 0.771233
0.153156 0.834391
0.161199 0.837184
0.170507 0.867885
0.163518 0.894314
0.158599 0.936393
0.152348 0.996796
0.172464 0.124347
0.189276 0.206275
0.177647 0.268715
0.183264 0.300363
0.180395 0.341685
0.183874 0.388867
0.183142 0.417798
0.174569 0.456784
0.181402 0.553209
0.185766 0.621052
0.178869 0.674062
0.182931 0.722557
0.173345 0.744346
0.177272 0.772725
0.177129 0.803583
0.173954 0.8276
0.183336 0.858366
0.182226 0.913602
0.172857 0.960601
0.180853 0.999054
0.195929 0.0126652
0.192358 0.062624
0.191321 0.101566
0.190985 0.144505
0.201544 0.181097
0.192579 0.192912
0.202399 0.251625
0.203968 0.280366
0.195037 0.29429
0.201422 0.322855
0.20249 0.35786
0.194311 0.458296
0.202704 0.483962
0.201433 0.5223
0.205728 0.539632
0.197943 0.575732
0.208353 0.635305
0.199316 0.645772
0.193304 0.712149
0.193091 0.767205
0.1948 0.85049
0.194983 0.885647
0.198675 0.944548
0.190394 0.987041
0.226203 0.0249947
0.218421 0.102268
0.211265 0.116806
0.220649 0.134526
0.223548 0.201209
0.209693 0.224677
0.227302 0.298563
0.216939 0.314836
0.22718 0.343547
0.209174 0.402692
0.215308 0.433821
0.222663 0.460402
0.213477 0.519852
0.215278 0.549913
0.216987 0.597186
0.22589 0.640206
0.21015 0.672475
0.227302 0.711905
0.209204 0.740104
0.214577 0.750961
0.222053 0.766778
0.209204 0.792749
0.21836 0.831507
0.225654 0.857387
0.213538 0.920194
0.216742 0.988159
0.230964 0.0597858
0.242805 0.118046
0.230293 0.165441
0.235908 0.238441
0.238075 0.266274
0.238338 0.337005
0.231727 0.374828
0.246467 0.473983
0.232246 0.498428
0.239723 0.535142
0.23307 0.573138
0.244728 0.620655
0.242592 0.661611
0.237709 0.744835
0.236 0.791009
0.246315 0.888913
0.242103 0.915921
0.243843 0.952177
0.229398 0.983593
0.246254 0.996094
0.250679 0.00756859
0.254494 0.035371
0.259774 0.0620136
0.264992 0.0928068
0.260689 0.144627
0.257851 0.179693
0.248421 0.211463
0.25956 0.293649
0.249947 0.321207
0.259468 0.361766
0.247841 0.40907
0.248726 0.446089
0.258942 0.558088
0.255837 0.590655
0.262206 0.656513
0.249916 0.693381
0.254982 0.719962
0.258675 0.775658
0.250862 0.824061
0.25721 0.854122
0.257538 0.924702
0.265263 0.937128
0.278183 0.000668923
0.280831 0.028901
0.26698 0.0434157
0.277932 0.116398
0.281808 0.23545
0.266016 0.259481
0.274972 0.334941
0.276131 0.386456
0.266828 0.491742
0.269448 0.518632
0.280535 0.541934
0.270242 0.550533
0.282876 0.585864
0.269692 0.631489
0.271981 0.666097
0.283853 0.706626
0.271706 0.803247
0.268014 0.908597
0.26896 0.939421
0.268929 0.977691
0.288003 0.0692465
0.295022 0.147588
0.287258 0.176169
0.287484 0.205786
0.288247 0.277718
0.293741 0.309671
0.294626 0.359233
0.297848 0.371654
0.288614 0.410779
0.285836 0.443159
0.288827 0.476058
0.300729 0.510269
0.288827 0.556444
0.303201 0.725791
0.287637 0.749351
0.293466 0.77694
0.28782 0.847865
0.286111 0.879971
0.295389 0.914182
0.301004 0.941099
0.298379 0.994812
0.305551 0.00808741
0.307871 0.0432447
0.321116 0.0671712
0.304636 0.108158
0.320994 0.185583
0.321116 0.229438
0.317118 0.257698
0.322275 0.306711
0.321329 0.335765
0.306711 0.383496
0.317118 0.413495
0.317728 0.456709
0.308988 0.497808
0.307993 0.536698
0.316477 0.564959
0.314219 0.592181
0.311319 0.625568
0.304208 0.658132
0.310373 0.692587
0.315134 0.750542
0.312632 0.796564
0.305307 0.823328
0.314432 0.85815
0.313334 0.886929
0.308542 0.968535
0.335582 0.0246895
0.329508 0.0961943
0.324778 0.127384
0.329295 0.153935
0.341014 0.279855
0.338328 0.359905
0.327664 0.374875
0.333867 0.386909
0.328803 0.420891
0.329844 0.505051
0.341014 0.539964
0.338633 0.61388
0.339274 0.64272
0.334605 0.773644
0.332377 0.827082
0.323952 0.838097
0.325449 0.924039
0.336772 0.949034
0.329356 0.988037
0.352794 0.00347911
0.343339 0.0287838
0.359294 0.0457167
0.357921 0.077578
0.352306 0.133976
0.353771 0.178625
0.342763 0.20745
0.354503 0.256325
0.349655 0.309073
0.347942 0.410382
0.346263 0.455336
0.347068 0.483171
0.355876 0.515885
0.359386 0.57503
0.353954 0.670827
0.34257 0.712973
0.347942 0.747429
0.353528 0.775021
0.354747 0.809961
0.351481 0.849151
0.350169 0.85464
0.343486 0.886135
0.359722 0.93057
0.35609 0.96997
0.35667 0.99826
0.376965 0.021485
0.362224 0.106113
0.365473 0.130869
0.373614 0.141549
0.378063 0.152318
0.375652 0.211005
0.367901 0.288522
0.363872 0.332591
0.368999 0.360515
0.363018 0.387341
0.368145 0.428602
0.375011 0.460097
0.37376 0.491104
0.369213 0.54445
0.369091 0.612384
0.368603 0.64217
0.369701 0.706656
0.362442 0.811717
0.371414 0.828918
0.361139 0.839434
0.372387 0.878994
0.395337 0.0522782
0.384106 0.087344
0.386003 0.101032
0.388739 0.118732
0.382336 0.179083
0.387809 0.20522
0.380413 0.243263
0.381428 0.311977
0.387921 0.400586
0.397504 0.44499
0.393231 0.515946
0.396405 0.546983
0.390942 0.586688
0.397382 0.614887
0.395428 0.650807
0.381542 0.680013
0.392102 0.723289
0.386822 0.759575
0.392102 0.790918
0.381226 0.815742
0.385174 0.842555
0.397117 0.890259
0.380322 0.911405
0.395398 0.948698
0.385601 0.98999
0.414869 0.0867336
0.398907 0.109836
0.404004 0.137181
0.410993 0.166814
0.402661 0.209449
0.412122 0.245888
0.398724 0.272988
0.40614 0.300912
0.399259 0.313749
0.409784 0.323391
0.401288 0.35432
0.415296 0.381207
0.406622 0.419
0.405702 0.442111
0.399243 0.479049
0.411333 0.499328
0.41612 0.568743
0.406537 0.698355
0.412213 0.827937
0.405866 0.864132
0.408277 0.915036
0.414258 0.988037
0.418043 0.001648
0.423261 0.0318003
0.427365 0.047177
0.433637 0.0582293
0.423709 0.0898287
0.435927 0.102122
0.427931 0.122532
0.426771 0.196875
0.428412 0.224061
0.434271 0.25854
0.425062 0.279611
0.432966 0.307443
0.418073 0.330119
0.417798 0.411115
0.417872 0.427685
0.42494 0.437086
0.430372 0.464766
0.421064 0.509323
0.42851 0.53798
0.428388 0.599628
0.427961 0.637104
0.418165 0.667714
0.436476 0.723472
0.422346 0.747002
0.432936 0.776513
0.418245 0.821608
0.424268 0.889126
0.42062 0.948701
0.454878 0.00155644
0.450479 0.0286057
0.43719 0.0564415
0.445753 0.0926847
0.447305 0.109142
0.455061 0.120273
0.439711 0.156682
0.454482 0.207099
0.442059 0.219435
0.442427 0.247414
0.449609 0.311518
0.452528 0.334483
0.43852 0.365368
0.43968 0.393323
0.44884 0.402159
0.45555 0.426374
0.451582 0.490799
0.451056 0.527985
0.439859 0.545283
0.443007 0.569323
0.455275 0.596271
0.437858 0.648708
0.437971 0.693319
0.440799 0.73708
0.439619 0.803034
0.441603 0.831019
0.439924 0.857814
0.44142 0.916501
0.443678 0.981292
0.468459 0.0492874
0.464017 0.0863604
0.474105 0.100711
0.472884 0.140355
0.468551 0.176427
0.473067 0.24366
0.457472 0.28196
0.46263 0.324198
0.467177 0.397626
0.457868 0.41211
0.455742 0.426404
0.45613 0.526048
0.470321 0.571642
0.459273 0.632069
0.469558 0.675466
0.465499 0.703299
0.468764 0.734672
0.458774 0.743832
0.47441 0.761833
0.463546 0.788598
0.473342 0.827113
0.468459 0.857845
0.456282 0.884518
0.472457 0.916166
0.456709 0.941801
0.469619 0.966002
0.473952 0.992676
0.4832 0.017304
0.491195 0.0693381
0.482009 0.204566
0.492325 0.263039
0.482528 0.294473
0.475356 0.361217
0.482831 0.430079
0.477432 0.457076
0.485641 0.500443
0.483688 0.545885
0.484817 0.596362
0.490005 0.654958
0.47685 0.74009
0.474986 0.753423
0.480966 0.765443
0.488754 0.804254
0.487136 0.89227
0.477299 0.928941
0.4929 0.930599
0.512406 0.0019837
0.507279 0.0347301
0.508638 0.0501382
0.512223 0.0895718
0.510147 0.117832
0.49556 0.172735
0.501816 0.235237
0.499215 0.299585
0.510817 0.309714
0.494095 0.33195
0.505692 0.359386
0.497195 0.385246
0.506668 0.416303
0.506149 0.464888
0.506455 0.530686
0.49797 0.571459
0.495987 0.621021
0.498764 0.701132
0.5056 0.728202
0.494949 0.847835
0.511185 0.877468
0.497351 0.907473
0.501846 0.920316
0.500087 0.941997
0.507889 0.950865
0.497757 0.978606
0.529961 0.0309226
0.525042 0.0438221
0.519416 0.0614119
0.515427 0.145421
0.530717 0.172826
0.513443 0.199957
0.530625 0.226478
0.518723 0.269906
0.529618 0.378399
0.530625 0.449202
0.514634 0.494461
0.531327 0.612232
0.528642 0.639882
0.523545 0.675161
0.52617 0.70925
0.522263 0.75808
0.512772 0.784814
0.51558 0.814844
0.522202 0.850276
0.529618 0.899655
0.521917 0.957842
0.529008 0.969329
0.51796 0.998962
0.53914 0.0235298
0.539201 0.0830409
0.542436 0.11359
0.540239 0.294717
0.543565 0.335582
0.532853 0.408582
0.545033 0.428112
0.541328 0.443667
0.539506 0.482223
0.537858 0.520707
0.533067 0.552812
0.541765 0.582263
0.548875 0.734672
0.538667 0.763313
0.539842 0.799432
0.533555 0.926908
0.548326 0.997559
0.555956 0.000183111
0.550981 0.0481277
0.567949 0.084872
0.553514 0.14423
0.567797 0.180425
0.554094 0.206641
0.559621 0.236981
0.55739 0.267739
0.564104 0.35783
0.569216 0.36611
0.555986 0.389782
0.557207 0.433821
0.569414 0.462691
0.567553 0.491684
0.555021 0.505682
0.564684 0.525742
0.562578 0.561418
0.568651 0.625172
0.565905 0.686148
0.567797 0.713645
0.552995 0.835902
0.550584 0.867641
0.564898 0.891964
0.561052 0.919156
0.556322 0.963897
0.579211 0.0596332
0.579349 0.0774412
0.572283 0.119236
0.583941 0.146031
0.586016 0.268471
0.569872 0.322031
0.581811 0.380139
0.578509 0.408429
0.579843 0.454611
0.571612 0.597858
0.571276 0.653767
0.587695 0.737846
0.576434 0.763237
0.571886 0.792718
0.578509 0.84637
0.577807 0.997284
0.590594 0.021424
0.602649 0.0455336
0.602466 0.0744652
0.589323 0.0898748
0.592639 0.100101
0.607257 0.171026
0.592181 0.200018
0.588549 0.230995
0.597902 0.24825
0.58974 0.297555
0.603076 0.323588
0.602741 0.36082
0.590716 0.438704
0.594165 0.478988
0.605365 0.511093
0.59032 0.536637
0.595386 0.567858
0.598668 0.594879
0.59743 0.63393
0.593616 0.673574
0.594989 0.702872
0.599353 0.779534
0.593951 0.813654
0.589038 0.874203
0.590228 0.909696
0.589282 0.956114
0.626026 0.00381481
0.623297 0.0428978
0.617746 0.0665571
0.608997 0.126041
0.625965 0.193701
0.613971 0.222144
0.609577 0.255013
0.624744 0.277535
0.620096 0.293574
0.62392 0.340739
0.60857 0.401257
0.617206 0.429548
0.619207 0.514561
0.617542 0.535325
0.619251 0.61269
0.624989 0.666768
0.62154 0.696493
0.623127 0.72924
0.624928 0.76046
0.623859 0.806482
0.614002 0.832331
0.625263 0.870144
0.617328 0.904904
0.607501 0.934263
0.615467 0.964385
0.611682 0.991699
0.629475 0.0554521
0.629963 0.0936003
0.637806 0.152928
0.63193 0.204616
0.641105 0.21753
0.637196 0.245491
0.627766 0.30491
0.629109 0.381817
0.6451 0.428968
0.630299 0.460189
0.643879 0.491623
0.627717 0.526563
0.644478 0.53972
0.626942 0.578173
0.628529 0.63921
0.645167 0.778883
0.642415 0.839045
0.643971 0.913541
0.642964 0.978057
0.65688 0.00192267
0.64919 0.0277413
0.661518 0.0492483
0.654317 0.0714744
0.64861 0.120457
0.657491 0.264992
0.652425 0.292276
0.64657 0.358745
0.662862 0.401379
0.646841 0.429733
0.652408 0.441992
0.663686 0.51033
0.647481 0.54265
0.652364 0.587024
0.6592 0.625385
0.653981 0.66689
0.663564 0.710166
0.657765 0.744835
0.654561 0.80459
0.650929 0.951109
0.67391 0.0411695
0.670644 0.105014
0.664785 0.142796
0.670034 0.171026
0.664998 0.20249
0.677725 0.229804
0.674947 0.311594
0.665395 0.336772
0.673269 0.370434
0.682913 0.436201
0.667592 0.478072
0.675953 0.520638
0.671896 0.558519
0.680715 0.642964
0.672536 0.778893
0.682791 0.818018
0.670827 0.847865
0.668569 0.877773
0.670827 0.91481
0.682699 0.938932
0.67754 0.974378
0.668142 0.998688
0.684133 0.0133671
0.686911 0.0666829
0.69216 0.128636
0.69565 0.157427
0.694723 0.253029
0.685171 0.285592
0.702231 0.315348
0.693533 0.346171
0.700156 0.378674
0.693381 0.407666
0.683369 0.417657
0.695822 0.46556
0.68981 0.494888
0.700919 0.552904
0.692129 0.578631
0.684469 0.607868
0.700674 0.661245
0.692587 0.688131
0.690115 0.729148
0.695456 0.756127
0.69808 0.845882
0.695791 0.876919
0.696066 0.905545
0.69097 0.964904
0.719077 0.010773
0.70336 0.0360424
0.712271 0.106967
0.72023 0.144624
0.702353 0.185644
0.714743 0.21662
0.715506 0.286996
0.719626 0.354839
0.714056 0.378013
0.713401 0.429823
0.720298 0.477279
0.713279 0.510971
0.70326 0.547914
0.713028 0.560295
0.710929 0.600116
0.706381 0.632496
0.717338 0.728172
0.721305 0.796899
0.709685 0.821387
0.713815 0.982965
0.705893 0.998627
0.723472 0.0703452
0.730908 0.126793
0.724815 0.152013
0.730399 0.180059
0.733421 0.323435
0.73036 0.359818
0.739208 0.370738
0.740292 0.382527
0.726188 0.402173
0.724888 0.5188
0.723583 0.536797
0.723502 0.57268
0.724114 0.615236
0.733299 0.627644
0.728923 0.656034
0.740194 0.667055
0.728965 0.688955
0.723258 0.754387
0.740043 0.816126
0.725944 0.851924
0.724021 0.882504
0.739433 0.911435
0.72805 0.94058
0.723472 0.968078
0.751671 0.0124821
0.742485 0.0385449
0.750542 0.0822169
0.742836 0.120224
0.746208 0.133396
0.740867 0.206671
0.74044 0.249062
0.743431 0.297006
0.747551 0.357585
0.745976 0.367506
0.751366 0.392407
0.743187 0.431318
0.752342 0.458632
0.748711 0.494217
0.746269 0.552873
0.742332 0.599475
0.752708 0.67214
0.757127 0.700972
0.749565 0.707205
0.743614 0.734306
0.752342 0.778283
0.756462 0.867
0.749046 0.958342
0.754936 0.990539
0.776788 0.024781
0.7687 0.0537431
0.76223 0.108036
0.767083 0.152002
0.763421 0.179724
0.762658 0.233131
0.762841 0.2678
0.776818 0.295022
0.764031 0.334025
0.769229 0.343063
0.774542 0.377279
0.764795 0.412631
0.776635 0.419172
0.764061 0.521683
0.761803 0.578082
0.763146 0.631031
0.770348 0.728233
0.775841 0.754631
0.773094 0.793373
0.766472 0.805231
0.763237 0.832606
0.777062 0.900357
0.796655 0.00302133
0.795618 0.0468459
0.796878 0.059919
0.779046 0.0792566
0.789422 0.110904
0.78074 0.12805
0.79458 0.146916
0.7846 0.209967
0.786859 0.248421
0.786249 0.294036
0.783803 0.308111
0.783776 0.353038
0.779541 0.364612
0.784234 0.388409
0.78338 0.45912
0.787988 0.4962
0.778863 0.54973
0.789239 0.609851
0.781365 0.652974
0.790094 0.68572
0.78911 0.710806
0.795349 0.724655
0.791193 0.774534
0.794855 0.793145
0.783502 0.858058
0.796885 0.881735
0.782159 0.928861
0.788049 0.96469
0.814012 0.0295063
0.805715 0.0742302
0.807398 0.079989
0.798639 0.179907
0.810907 0.204199
0.813746 0.255104
0.803423 0.267917
0.803186 0.305795
0.810519 0.343765
0.812403 0.396222
0.802263 0.405437
0.806116 0.47496
0.808496 0.531053
0.806757 0.589068
0.815699 0.616077
0.798517 0.723411
0.80282 0.767235
0.807672 0.825678
0.810388 0.92053
0.799463 0.989868
0.831843 0.00845363
0.824519 0.037965
0.83211 0.0631193
0.819575 0.124851
0.831507 0.155248
0.82992 0.223792
0.817164 0.282388
0.81988 0.327036
0.818842 0.354534
0.834512 0.383713
0.818293 0.428114
0.835169 0.455184
0.827419 0.492615
0.816614 0.502816
0.818873 0.562975
0.829388 0.60471
0.820577 0.615571
0.816431 0.661367
0.828272 0.686087
0.825556 0.71984
0.829005 0.750206
0.822291 0.796075
0.818399 0.833815
0.827082 0.868801
0.820429 0.895352
0.816889 0.955321
0.83105 0.994385
0.852381 0.0271844
0.843135 0.0708029
0.836512 0.0996429
0.843196 0.182684
0.853694 0.239967
0.846248 0.273415
0.843715 0.309275
0.849764 0.341872
0.840999 0.371593
0.848292 0.414411
0.838404 0.483108
0.844691 0.524064
0.850398 0.561785
0.837947 0.590716
0.836848 0.638813
0.852596 0.718223
0.84051 0.774682
0.840632 0.824915
0.853206 0.853999
0.837285 0.872879
0.849788 0.885098
0.843013 0.926115
0.850001 0.959777
0.870144 0.000854518
0.864056 0.0203308
0.856655 0.0415052
0.854701 0.125706
0.86108 0.15714
0.870907 0.210059
0.866756 0.291604
0.86202 0.335859
0.85696 0.348491
0.867428 0.381268
0.864406 0.467513
0.865047 0.584857
0.861598 0.618061
0.85934 0.653676
0.85818 0.682089
0.857875 0.747764
0.859065 0.794519
0.868282 0.828303
0.858318 0.852365
0.868191 0.907865
0.87051 0.940825
0.867733 0.993713
0.887295 0.0473342
0.883267 0.0755333
0.875515 0.101352
0.88702 0.127812
0.889035 0.165563
0.87701 0.255531
0.891324 0.280282
0.890011 0.308573
0.884701 0.337535
0.89114 0.364269
0.876356 0.408518
0.874477 0.43852
0.87698 0.502457
0.87402 0.532762
0.889553 0.557482
0.885342 0.635365
0.889248 0.668722
0.878353 0.700186
0.882382 0.728172
0.88641 0.761315
0.880049 0.797869
0.883236 0.868465
0.889603 0.947955
0.87362 0.954246
0.886002 0.977721
0.894009 0.020661
0.901276 0.0437627
0.905606 0.0988189
0.910387 0.145494
0.893721 0.230142
0.897138 0.267996
0.900418 0.424116
0.902554 0.451918
0.901822 0.488266
0.900449 0.522477
0.906599 0.584321
0.892758 0.599933
0.900506 0.611095
0.898184 0.629885
0.910152 0.649367
0.899434 0.681758
0.908994 0.696463
0.910886 0.736076
0.903439 0.830073
0.899615 0.847029
0.910825 0.860927
0.895505 0.893399
0.899686 0.930845
0.893246 0.958068
0.895321 0.988006
0.924131 0.00238044
0.929044 0.122898
0.915525 0.178289
0.912107 0.205939
0.923612 0.232124
0.92996 0.258797
0.919462 0.31431
0.923834 0.358184
0.919462 0.362133
0.91348 0.391491
0.923063 0.556505
0.921445 0.598498
0.923557 0.627801
0.929899 0.668599
0.924262 0.734746
0.915799 0.76867
0.9129 0.804285
0.929816 0.922801
0.939421 0.0308847
0.930448 0.0647298
0.943236 0.0946074
0.937617 0.133371
0.942503 0.170659
0.942503 0.200537
0.937254 0.293527
0.94583 0.323527
0.947508 0.358867
0.93031 0.373984
0.940001 0.385113
0.930814 0.414533
0.938383 0.442061
0.932646 0.481155
0.930265 0.512803
0.942625 0.53798
0.942752 0.583418
0.935881 0.637135
0.941038 0.696036
0.944289 0.704755
0.94055 0.728111
0.942351 0.793664
0.941801 0.823847
0.937346 0.85226
0.941679 0.883999
0.933225 0.909635
0.946379 0.937498
0.93408 0.962065
0.939604 0.990997
0.962096 0.005768
0.957152 0.0521866
0.966246 0.130314
0.958434 0.240669
0.959868 0.275094
0.967955 0.339885
0.966275 0.376489
0.957274 0.405744
0.959685 0.461074
0.957457 0.513627
0.950926 0.567919
0.950693 0.597194
0.966582 0.621784
0.967894 0.648976
0.966063 0.681173
0.950398 0.718262
0.963158 0.72496
0.956297 0.75277
0.966136 0.836887
0.966796 0.906461
0.967683 0.975243
0.978545 0.0270089
0.972045 0.0795617
0.968657 0.15894
0.973449 0.1854
0.969756 0.215155
0.985198 0.291543
0.986184 0.358617
0.976897 0.367504
0.980119 0.38851
0.969817 0.433546
0.968124 0.474593
0.971526 0.540117
0.985565 0.579302
0.968841 0.726615
0.968893 0.779891
0.971038 0.809717
0.970214 0.864193
0.972228 0.956389
0.974609 0.994476
0.998871 0.00061037
0.994964 0.0523392
0.989746 0.117161
0.995086 0.144017
0.999695 0.171514
0.998047 0.203253
0.996735 0.231483
0.992737 0.264565
0.997253 0.318918
0.997223 0.349101
0.991028 0.398816
0.990924 0.426862
0.999054 0.43791
0.998901 0.465377
0.990692 0.50911
0.999878 0.5515
0.997559 0.620502
0.996948 0.647816
0.997101 0.679006
0.987945 0.705466
0.996911 0.732768
0.994934 0.761437
0.998444 0.805475
0.998444 0.852748
0.993225 0.888882
0.995544 0.924467
0.99704 0.974853
