863
0.952475 0.919856
0.146065 0.216934
0.333674 0.775829
0.788502 0.246235
0.242327 0.389506
0.389506 0.828922
0.341981 0.750396
0.786065 0.848269
0.938064 0.286606
0.227363 0.0619311
0.78579 0.0177872
0.0107724 0.993872
0.0981394 0.288762
0.0995897 0.295754
0.568671 0.332833
0.0909511 0.301224
0.105038 0.29318
0.0943899 0.295612
0.0984917 0.291702
0.0925257 0.30751
0.0907855 0.308025
0.104831 0.291397
0.0908268 0.298334
0.100978 0.303335
0.0947007 0.298465
0.100853 0.291297
0.310226 0.940895
0.091034 0.302072
0.0941413 0.29318
0.225421 0.311877
0.0880509 0.303334
0.357295 0.998664
0.0921113 0.3068
0.0949702 0.305525
0.0997553 0.287267
0.0987819 0.300783
0.0884652 0.304988
0.0918212 0.300393
0.101475 0.296037
0.100501 0.299663
0.0997763 0.303809
0.0895632 0.304252
0.998883 0.0740154
0.103836 0.291338
0.0966479 0.293281
0.0949287 0.302853
0.0993206 0.306699
0.0934992 0.298984
0.564942 0.327476
0.568692 0.335754
0.093582 0.296033
0.0910548 0.304453
0.0981605 0.307934
0.100315 0.297025
0.0988233 0.300353
0.092132 0.305337
0.309646 0.94276
0.0910339 0.297464
0.0939136 0.30111
0.841998 0.743533
0.0964615 0.293206
0.0904539 0.298295
0.093727 0.294943
0.0924428 0.307674
0.0923185 0.307638
0.0911169 0.301706
0.089646 0.302178
0.0968553 0.301425
0.0913446 0.296833
0.0934578 0.299055
0.0890246 0.307148
0.484235 0.991379
0.309688 0.942779
0.563347 0.322878
0.0988855 0.302708
0.0989269 0.300547
0.0999418 0.289928
0.677039 0.356135
0.103484 0.290691
0.381266 0.102614
0.0937893 0.305593
0.227363 0.13596
0.0881752 0.306988
0.566434 0.32471
0.0969796 0.300494
0.104375 0.292016
0.0944107 0.297139
0.0934165 0.306183
0.0934578 0.302426
0.100501 0.294493
0.172195 0.0155707
0.097891 0.294288
0.100667 0.29484
0.091469 0.300195
0.566745 0.3288
0.567801 0.33
0.0971453 0.300054
0.0966068 0.306456
0.104292 0.292854
0.756298 0.28456
0.175705 0.442137
0.101827 0.299247
0.407574 0.000599178
0.832712 0.996259
0.098782 0.306965
0.0920285 0.307548
0.100957 0.292615
0.102407 0.296078
0.199894 0.0953192
0.0961302 0.300761
0.0917591 0.302376
0.287905 0.0154023
0.569831 0.331598
0.931496 0.69892
0.0952394 0.301683
0.565502 0.323994
0.566056 0.104544
0.103111 0.288944
0.0934579 0.30582
0.177012 0.1966
0.220526 0.0156769
0.0924219 0.297246
0.570121 0.33234
0.568921 0.368689
0.0902054 0.302832
0.566307 0.193695
0.569106 0.329114
0.567926 0.333857
0.367927 0.180867
0.98462 0.647364
0.31636 0.996599
0.566289 0.329127
0.309376 0.870132
0.462213 0.467316
0.734995 0.681846
0.925296 0.958144
0.237396 0.319841
0.559266 0.31548
0.315199 0.977177
0.570598 0.330056
0.308203 0.281838
0.100377 0.295784
0.47726 0.831501
0.00497215 0.0106793
0.238621 0.469181
0.888508 0.167415
0.570411 0.328385
0.178741 0.00722575
0.765394 0.32095
0.704863 0.366646
0.00409916 0.870483
0.165427 0.309066
0.844803 0.518583
0.437605 0.198961
0.0949908 0.3035
0.525825 0.409048
0.0907232 0.297982
0.0787078 0.301912
0.641955 0.01971
0.500861 0.0541174
0.10017 0.292405
0.660694 0.94879
0.396143 0.629677
0.998326 0.174714
0.444353 0.358201
0.63454 0.376074
0.697696 0.49655
0.910315 0.139666
0.462905 0.009354
0.202648 0.000881156
0.587311 0.094334
0.434679 0.386566
0.934045 0.285609
0.557207 0.805942
0.356388 0.196854
0.860778 0.0694185
0.941846 0.864653
0.307562 0.329698
0.164714 0.587595
0.611144 0.929069
0.186245 0.246897
0.683388 0.823484
0.315771 0.573653
0.997787 0.185972
0.676246 0.577417
0.53516 0.177012
0.450039 0.833693
0.2368 0.570449
0.350288 0.735353
0.214145 0.00182342
0.397953 0.587964
0.874482 0.115911
0.873343 0.131912
0.237763 0.0491558
0.306891 0.948927
0.540836 0.607772
0.88514 0.0177872
0.80964 0.650389
0.747408 0.117168
0.119517 0.214479
0.324198 0.380913
0.170683 0.0247224
0.95536 0.196586
0.953196 0.730963
0.0348083 0.232348
0.484235 0.860778
0.00346716 0.363361
0.913583 0.571766
0.621345 0.953067
0.800682 0.481874
0.439644 0.0317311
0.201031 0.681846
0.880386 0.109615
0.210749 0.201031
0.675215 0.287447
0.476981 0.359574
0.743533 0.597168
0.33775 0.0104069
0.644327 0.286098
0.906593 0.862193
0.643862 0.867234
0.111941 0.49655
0.511096 0.109755
0.929468 0.648268
0.308403 0.929863
0.436115 0.717444
0.900014 0.566217
0.11396 0.951215
0.427694 0.503645
0.484909 0.0386125
0.541475 0.499863
0.383231 0.312752
0.306199 0.552851
0.584189 0.373502
0.166912 0.0046904
0.556571 0.224537
0.319687 0.73563
0.483133 0.298189
0.676246 0.982009
0.0192858 0.943905
0.137248 0.101274
0.0356065 0.163914
0.0308053 0.000793313
0.576237 0.534939
0.713422 0.844872
0.887261 0.998206
0.935511 0.233462
0.26286 0.169829
0.198961 0.4653
0.95511 0.126856
0.525035 0.962246
0.219895 0.557444
0.634675 0.623476
0.934038 0.969749
0.391443 0.363817
0.434603 0.762744
0.35784 0.306952
0.305307 0.900176
0.437605 0.198961
0.429948 0.00421704
0.0688736 0.104369
0.693606 0.334585
0.388638 0.427694
0.441347 0.240084
0.101307 0.199102
0.363835 0.565134
0.26286 0.169829
0.285781 0.925477
0.483443 0.484235
0.394569 0.238151
0.201031 0.836199
0.103937 0.0428522
0.370881 0.254715
0.305307 0.900176
0.10191 0.294677
0.871042 0.239643
0.267489 0.43275
0.181232 0.265622
0.88355 0.892656
0.181216 0.73563
0.887317 0.686477
0.0878392 0.0870894
0.627972 0.856445
0.997268 0.110104
0.907692 0.267489
0.454975 0.0886203
0.385946 0.982516
0.841998 0.104369
0.65144 0.811611
0.805942 0.0843061
0.0922284 0.956449
0.938064 0.415359
0.0480188 0.915838
0.923348 0.922328
0.884655 0.206776
0.762365 0.978139
0.982009 0.524885
0.389448 0.052065
0.718893 0.139708
0.75148 0.701621
0.951294 0.937052
0.651972 0.32784
0.48655 0.25495
0.108574 0.966597
0.26318 0.945119
0.837384 0.364429
0.0620714 0.009354
0.0759466 0.708313
0.530114 0.00543216
0.411309 0.27704
0.107876 0.303213
0.359474 0.637323
0.287362 0.346781
0.435715 0.554806
0.547209 0.333124
0.597168 0.119995
0.107106 0.110118
0.334585 0.181216
0.376305 0.598834
0.0258457 0.59749
0.567683 0.423207
0.930217 0.491822
0.462905 0.759533
0.718893 0.139708
0.611144 0.929069
0.190183 0.306028
0.0470359 0.467724
0.309997 0.843111
0.0860972 0.995535
0.247915 0.11015
0.986762 0.0117559
0.00340177 0.473241
0.831029 0.139666
0.139499 0.125993
0.197454 0.30264
0.00973402 0.679687
0.469192 0.345132
0.345132 0.851059
0.608041 0.80964
0.633104 0.573347
0.194156 0.0982077
0.287905 0.0154023
0.00543216 0.763743
0.671542 0.0197677
0.227363 0.13596
0.0688736 0.104369
0.88514 0.0177872
0.143297 0.0428522
0.0896678 0.462905
0.669821 0.763765
0.0737117 0.88355
0.0909926 0.303289
0.188347 0.612369
0.963332 0.222981
0.4653 0.54996
0.169829 0.287905
0.104045 0.857621
0.0935794 0.169954
0.844872 0.788915
0.734485 0.762744
0.33775 0.0104069
0.867606 0.214215
0.831029 0.811611
0.978553 0.0896678
0.333674 0.139708
0.317115 0.462622
0.42137 0.797041
0.73563 0.409374
0.178879 0.659369
0.305798 0.162597
0.121795 0.164494
0.300573 0.951163
0.948499 0.00611516
0.0295736 0.548293
0.979965 0.76138
0.931496 0.69892
0.02287 0.956713
0.766438 0.0649754
0.577417 0.222981
0.00543216 0.763743
0.87295 0.175055
0.177012 0.0759251
0.451973 0.805942
0.187892 0.867272
0.720264 0.882099
0.570374 0.88514
0.244892 0.191301
0.659396 0.26286
0.786065 0.848269
0.305299 0.435715
0.313443 0.205889
0.376074 0.888168
0.873166 0.577349
0.222006 0.437768
0.983558 0.329435
0.841998 0.104369
0.863794 0.19603
0.13228 0.850055
0.844872 0.964277
0.0438726 0.776319
0.599381 0.546043
0.363312 0.414901
0.568411 0.751505
0.677847 0.159478
0.512078 0.494121
0.364598 0.00543216
0.198961 0.4653
0.565134 0.929468
0.908577 0.940832
0.978139 0.552472
0.545605 0.0843061
0.370881 0.254715
0.597168 0.205634
0.475484 0.0808944
0.00340177 0.265156
0.565134 0.929468
0.0290449 0.0243499
0.0243499 0.392044
0.383231 0.312752
0.0919963 0.597168
0.747864 0.476713
0.981107 0.583053
0.181216 0.73563
0.0177872 0.423207
0.124027 0.899533
0.355651 0.112746
0.812164 0.979915
0.00405706 0.838478
0.309116 0.322588
0.569997 0.328304
0.88355 0.892656
0.0154023 0.0587843
0.918099 0.52905
0.780205 0.273896
0.273896 0.231726
0.690884 0.654462
0.745793 0.884083
0.975173 0.299105
0.832712 0.996259
0.503645 0.570374
0.260981 0.265156
0.0739226 0.319091
0.108859 0.742784
0.938818 0.32398
0.299275 0.297064
0.63454 0.376074
0.0896678 0.462905
0.871042 0.239643
0.563333 0.664432
0.0242766 0.856669
0.280684 0.910986
0.217696 0.412427
0.273678 0.979965
0.99824 0.047563
0.047563 0.912681
0.392845 0.0388581
0.0985958 0.317588
0.995774 0.991871
0.253822 0.741478
0.717742 0.811374
0.364623 0.728503
0.728503 0.572802
0.681846 0.0385068
0.0641586 0.999346
0.999346 0.452576
0.452576 0.318146
0.650389 0.441
0.94879 0.163914
0.417387 0.60573
0.396143 0.629677
0.38391 0.735122
0.720838 0.0587843
0.0339852 0.497403
0.0922701 0.968157
0.968157 0.912454
0.0624153 0.626511
0.359474 0.637323
0.0385068 0.805062
0.155349 0.506966
0.146065 0.409374
0.506721 0.349726
0.610607 0.527136
0.0417889 0.18996
0.198961 0.583053
0.743533 0.597168
0.476994 0.617661
0.592014 0.669654
0.0177872 0.144916
0.858494 0.345149
0.306329 0.786027
0.786027 0.331062
0.0917178 0.308763
0.308763 0.301958
0.384543 0.266902
0.270461 0.60573
0.887873 0.625932
0.637323 0.73563
0.734485 0.762744
0.666112 0.885944
0.0896678 0.376074
0.343654 0.953055
0.0477142 0.21266
0.817058 0.610039
0.910315 0.139666
0.691063 0.298127
0.871042 0.525825
0.0385068 0.674686
0.305299 0.611433
0.592014 0.669654
0.641955 0.674686
0.679524 0.304583
0.766438 0.429602
0.425446 0.448793
0.222981 0.266078
0.0858122 0.240634
0.240634 0.64267
0.626511 0.305299
0.304207 0.381541
0.177012 0.42326
0.622625 0.0737117
0.152956 0.318515
0.346124 0.0619311
0.177012 0.42326
0.435921 0.337716
0.333448 0.904998
0.654279 0.415595
0.53516 0.233462
0.250819 0.88355
0.94879 0.163914
0.605238 0.982009
0.280999 0.0782363
0.567199 0.257914
0.80964 0.650389
0.228534 0.54541
0.501532 0.44543
0.592014 0.857621
0.346781 0.415359
0.388638 0.427694
0.427694 0.503645
0.479247 0.89647
0.906593 0.862193
0.808115 0.17503
0.0689506 0.540243
0.235446 0.228707
0.906593 0.382212
0.141224 0.598901
0.978553 0.355651
0.523823 0.745793
0.750396 0.00973402
0.676246 0.982009
0.93068 0.875958
0.875958 0.366068
0.982818 0.848269
0.13228 0.850055
0.836199 0.01971
0.921243 0.343457
0.343457 0.989449
0.989449 0.675527
0.363835 0.689411
0.476563 0.227363
0.210749 0.201031
0.239643 0.677673
0.679687 0.0725412
0.299105 0.125993
0.117338 0.00926472
0.00926472 0.217531
0.29834 0.176383
0.146065 0.216934
0.317344 0.491196
0.853052 0.692242
0.437605 0.415595
0.431771 0.677673
0.11023 0.916299
0.809686 0.582458
0.870537 0.676543
0.920377 0.516131
0.227887 0.355229
0.390402 0.0932616
0.976652 0.961076
0.152808 0.797041
0.469042 0.109035
0.084577 0.201031
0.20503 0.0216261
0.00878919 0.897736
0.897034 0.299105
0.28456 0.860096
0.871433 0.96399
0.762365 0.805062
0.812753 0.533018
0.540836 0.607772
0.806248 0.391813
0.401195 0.0883685
0.420248 0.106467
0.319413 0.403464
0.618855 0.754102
0.756298 0.28456
0.821637 0.241734
0.741478 0.334085
0.270461 0.60573
0.545605 0.0843061
0.0473351 0.139666
0.592014 0.612369
0.650389 0.982818
0.53516 0.177012
0.13596 0.964277
0.800682 0.732308
0.334585 0.181216
0.174952 0.124401
0.084577 0.763765
0.759997 0.63454
0.660694 0.94879
0.679687 0.47596
0.523823 0.808115
0.7727 0.766438
0.555455 0.346004
0.943317 0.788915
0.727161 0.913722
0.286515 0.376509
0.355651 0.462905
0.870862 0.390239
0.201031 0.836199
0.808115 0.308291
0.286606 0.409048
0.435715 0.554806
0.415595 0.305307
0.780408 0.555942
0.570374 0.979965
0.995815 0.965951
0.641383 0.222463
0.4134 0.219921
0.78579 0.0177872
0.374799 0.916136
0.177012 0.1966
0.0604383 0.418171
0.331509 0.278619
0.0695235 0.971041
0.391412 0.206942
0.217709 0.0429331
0.420166 0.856542
0.857374 0.296772
0.343654 0.953055
0.942522 0.45775
0.99769 0.897034
0.274289 0.223716
0.216276 0.882303
0.777365 0.196182
0.0919963 0.806248
0.794619 0.805062
0.779265 0.911218
0.887873 0.429602
0.370881 0.143943
0.139666 0.820599
0.847822 0.224651
0.224651 0.105319
0.104045 0.857621
0.435715 0.89647
0.581863 0.087827
0.0689506 0.540243
0.499863 0.175753
0.19612 0.911918
0.951084 0.101463
0.108443 0.630816
0.221637 0.654101
0.129939 0.558844
0.570374 0.979965
0.957895 0.535698
0.535698 0.659979
0.858986 0.299105
0.264821 0.714182
0.110217 0.26381
0.26381 0.366668
0.541475 0.499863
0.503762 0.119936
0.119936 0.429
0.776019 0.218695
0.415595 0.991379
0.978553 0.355651
0.5388 0.137963
0.139499 0.659396
0.222981 0.266078
0.73595 0.0378193
0.119623 0.315735
0.0802401 0.409048
0.40371 0.489745
0.483443 0.484235
0.415595 0.305307
0.370881 0.762365
0.740507 0.997281
0.679687 0.47596
0.47596 0.518583
0.610607 0.264821
0.630858 0.495089
0.487518 0.00242593
0.01971 0.106467
0.397587 0.906393
0.897736 0.495089
0.78579 0.622625
0.139708 0.367896
0.273678 0.78579
0.274046 0.508678
0.537833 0.280999
0.280999 0.0782363
0.229961 0.483443
0.953916 0.503094
0.484235 0.860778
0.841755 0.342224
0.359296 0.510903
0.0391416 0.401815
0.0250456 0.977497
0.975173 0.808374
0.676246 0.577417
0.884058 0.349692
0.908869 0.997207
0.0964823 0.297452
0.476563 0.227363
0.30959 0.196383
0.73563 0.409374
0.951533 0.471852
0.20773 0.316601
0.905367 0.968748
0.717679 0.484235
0.491673 0.935511
0.943317 0.788915
0.216025 0.163914
0.155349 0.472713
0.484235 0.991379
0.734995 0.681846
0.703628 0.206942
0.181216 0.98462
0.976695 0.0394087
0.0428522 0.286606
0.143297 0.0428522
0.0457717 0.44568
0.423207 0.950601
0.953255 0.578558
0.570502 0.689644
0.554806 0.0473351
0.0541179 0.322807
0.334585 0.264821
0.227363 0.617661
0.582458 0.0177872
0.00172722 0.37489
0.33775 0.349726
0.867412 0.849592
0.849592 0.674277
0.938064 0.415359
0.394014 0.463063
0.597427 0.394811
0.897736 0.0843061
0.0619311 0.943317
0.949777 0.66406
0.832712 0.279874
0.346124 0.612369
0.599381 0.0540595
0.0473351 0.0737117
0.0356065 0.163914
0.0701505 0.234413
0.234413 0.342255
0.274046 0.508678
0.71045 0.00878919
0.585472 0.308307
0.977942 0.141224
0.946221 0.0515598
0.119995 0.71045
0.491673 0.935511
0.9329 0.00263158
0.009354 0.181216
0.179196 0.951378
0.951378 0.97791
0.982818 0.712473
0.592014 0.857621
0.0470784 0.519803
0.413759 0.0265197
0.0259957 0.83615
0.654279 0.415595
0.848269 0.481874
0.393555 0.5388
0.520837 0.306098
0.306098 0.643962
0.677673 0.844803
0.888168 0.747892
0.358372 0.977632
0.540243 0.99769
0.982122 0.998376
0.98462 0.647364
0.273678 0.979965
0.918387 0.466157
0.429907 0.0608871
0.988854 0.949377
0.953055 0.363835
0.37359 0.566539
0.564901 0.338201
0.364598 0.797041
0.166795 0.341532
0.33775 0.349726
0.932938 0.842945
0.0655721 0.231661
0.630816 0.155349
0.306554 0.690636
0.690636 0.697953
0.691024 0.907692
0.703628 0.265156
0.938064 0.60573
0.681846 0.794619
0.780006 0.683797
0.718893 0.543294
0.570374 0.587595
0.30291 0.248854
0.461761 0.653355
0.63454 0.112746
0.13596 0.250427
0.246214 0.00357665
0.334085 0.700919
0.76138 0.144916
0.409048 0.828916
0.825241 0.225994
0.227363 0.943317
0.597484 0.506052
0.525825 0.409048
0.417111 0.35981
0.391813 0.26972
0.551291 0.390603
0.78579 0.622625
0.261022 0.465725
0.441 0.28482
0.009354 0.637323
0.625932 0.333674
0.333674 0.775829
0.771545 0.523823
0.772823 0.941606
0.935511 0.233462
0.246235 0.828503
0.72199 0.0896678
0.39475 0.969143
0.506721 0.380561
0.30291 0.811374
0.887068 0.656556
0.611433 0.89647
0.154454 0.763765
0.788915 0.370881
0.364598 0.797041
0.218628 0.38972
0.391412 0.206942
0.129939 0.558844
0.832712 0.421703
0.139708 0.367896
0.0998102 0.936764
0.771545 0.523823
0.530818 0.11189
0.103937 0.0428522
0.820599 0.892656
0.507151 0.673444
0.836199 0.01971
0.537833 0.700919
0.0109861 0.30884
0.998724 0.428685
0.448793 0.058998
0.0468315 0.577417
0.558393 0.197559
0.383231 0.860096
0.850794 0.895063
0.883353 0.775829
0 0
