942
0.580185 0.104791
0.76138 0.423207
0.37475 0.979965
0.964277 0.831024
0.435931 0.845515
0.815918 0.175029
0.175029 0.830023
0.830023 0.0541663
0.661996 0.220484
0.634675 0.623476
0.595769 0.34153
0.990517 0.267291
0.0694822 0.975787
0.218209 0.368542
0.841998 0.0919963
0.109037 0.306114
0.592389 0.188871
0.828963 0.853924
0.215953 0.280412
0.199728 0.109037
0.872164 0.237267
0.0177872 0.250819
0.813796 0.74285
0.63454 0.867272
0.63918 0.85959
0.893648 0.281795
0.956505 0.450343
0.963528 0.446996
0.961539 0.450093
0.637709 0.860624
0.00313751 0.450668
0.96098 0.449416
0.93754 0.989667
0.965807 0.448688
0.721196 0.827519
0.206066 0.000777343
0.964688 0.448818
0.000811475 0.170748
0.698702 0.0324158
0.960462 0.448894
0.639864 0.863201
0.961228 0.447734
0.641894 0.866665
0.0428477 0.30119
0.641936 0.868775
0.221064 0.99082
0.933965 0.43905
0.0172669 0.490836
0.624789 0.654279
0.367754 0.85477
0.956567 0.450765
0.608996 0.857265
0.960275 0.447267
0.6415 0.865077
0.642868 0.872682
0.624731 0.382834
0.556676 0.32069
0.215656 0.938994
0.0324297 0.412106
0.34153 0.199728
0.143297 0.996259
0.904833 0.182644
0.976638 0.278893
0.915496 0.896562
0.641418 0.868545
0.314262 0.725495
0.651219 0.0013151
0.64034 0.867323
0.637274 0.864163
0.465592 0.576188
0.654169 0.104045
0.65409 0.568305
0.679656 0.691464
0.351154 0.573243
0.99978 0.363845
0.606188 0.320953
0.903239 0.236264
0.508678 0.991379
0.659396 0.5388
0.47231 0.864269
0.123054 0.947261
0.996551 0.526226
0.942015 0.00132825
0.120808 0.519744
0.531254 0.242327
0.947005 0.901527
0.00299632 0.635223
0.765947 0.0322457
0.679687 0.938064
0.0268268 0.958142
0.690624 0.100377
0.99841 0.240186
0.929069 0.154454
0.00200767 0.91216
0.363417 0.505456
0.188412 0.906309
0.956836 0.450497
0.716779 0.640188
0.00663526 0.29083
0.00409916 0.870483
0.307007 0.523141
0.650866 0.930447
0.207064 0.203497
0.484222 0.897661
0.312582 0.647602
0.981951 0.341981
0.981951 0.341981
0.198215 0.0453441
0.0436036 0.791108
0.839554 0.130448
0.841998 0.0919963
0.906507 0.0121557
0.566525 0.711167
0.581638 0.248764
0.314556 0.931618
0.797221 0.832028
0.382623 0.593991
0.519117 0.299373
0.034835 0.522312
0.101801 0.0250849
0.742485 0.50439
0.870357 0.011501
0.137567 0.518374
0.341163 0.257337
0.497187 0.713924
0.98728 0.998881
0.903724 0.977942
0.422876 0.634792
0.239229 0.806754
0.260808 0.453999
0.267291 0.00781915
0.407051 0.342038
0.695159 0.0405987
0.806248 0.00340177
0.103937 0.996259
0.0188517 0.992378
0.201673 0.945885
0.60573 0.522148
0.363157 0.950608
0.081924 0.553465
0.0430395 0.558504
0.375644 0.732966
0.635267 0.971177
0.104369 0.597168
0.63789 0.567205
0.0332118 0.165845
0.836889 0.450535
0.847266 0.354301
0.846928 0.0604273
0.0579758 0.550484
0.0428492 0.37602
0.914549 0.207369
0.256841 0.94866
0.42237 0.21991
0.884431 0.36034
0.872357 0.527577
0.170683 0.0247224
0.0247224 0.37428
0.326855 0.77551
0.339632 0.386387
0.315007 0.689451
0.0331028 0.904614
0.0122151 0.635351
0.0275721 0.932842
0.0436287 0.00185906
0.310697 0.668718
0.296299 0.00165274
0.922412 0.727066
0.892599 0.65148
0.0415717 0.708971
0.880386 0.109615
0.13826 0.936613
0.863612 0.428825
0.0623148 0.99706
0.667217 0.246654
0.746349 0.000453169
0.9054 0.552071
0.635122 0.960174
0.00250543 0.939703
0.939703 0.378528
0.253963 0.0293288
0.704044 0.910289
0.846775 0.308164
0.489349 0.952475
0.0893497 0.00180499
0.351346 0.664287
0.94219 0.447278
0.0995414 0.962364
0.62161 0.735595
0.788502 0.065733
0.207599 0.0144617
0.810923 0.0460051
0.514382 0.720523
0.407051 0.89744
0.59525 0.939239
0.998894 0.968374
0.476563 0.0619311
0.889643 0.933602
0.377429 0.886017
0.29918 0.704956
0.699218 0.966246
0.364792 0.877182
0.443455 0.00828756
0.283933 0.714798
0.164714 0.587595
0.850718 0.988748
0.45257 0.0218421
0.808115 0.451973
0.482397 0.797221
0.569414 0.204135
0.999594 0.379414
0.363712 0.718593
0.668246 0.908237
0.0691897 0.854766
0.354094 0.448198
0.625963 0.877773
0.927097 0.90642
0.150835 0.968291
0.691168 0.626511
0.0475021 0.975376
0.250059 0.592678
0.611433 0.981522
0.490067 0.108952
0.200253 0.397216
0.397216 0.0088982
0.123036 0.0482782
0.88514 0.720412
0.905821 0.878779
0.37475 0.077128
0.755899 0.0139071
0.512359 0.771545
0.952475 0.341981
0.197947 0.0861621
0.130285 0.00456663
0.349515 0.420068
0.74285 0.76006
0.751042 0.354846
0.451597 0.0379883
0.573113 0.743436
0.909489 0.924691
0.148392 0.0336184
0.0919963 0.135684
0.441347 0.240084
0.728072 0.763606
0.642393 0.92788
0.218209 0.368542
0.188871 0.749337
0.136201 0.535584
0.624789 0.654279
0.239643 0.346781
0.103896 0.183484
0.492725 0.341985
0.938064 0.634675
0.37475 0.077128
0.00732821 0.740157
0.146981 0.928282
0.10191 0.294677
0.906309 0.0468315
0.642305 0.712323
0.540642 0.308001
0.124166 0.633518
0.991135 0.0954219
0.990517 0.00781915
0.939367 0.197291
0.351346 0.664287
0.240235 0.400725
0.103937 0.996259
0.0433273 0.45061
0.832028 0.423207
0.0948034 0.53097
0.165421 0.0436462
0.842829 0.812603
0.0446372 0.683134
0.683134 0.5751
0.452907 0.292339
0.442446 0.328923
0.511593 0.0910829
0.0694185 0.0265197
0.261683 0.693278
0.117403 0.173866
0.669654 0.0619311
0.997268 0.110104
0.12231 0.02653
0.226097 0.934645
0.0687362 0.963032
0.915838 0.397794
0.952943 0.530996
0.809395 0.295065
0.568461 0.19207
0.0619709 0.396609
0.0984292 0.276489
0.175426 0.00801847
0.882707 0.165206
0.239643 0.346781
0.343787 0.953414
0.947885 0.229961
0.169846 0.346124
0.990517 0.199728
0.700672 0.122537
0.973667 0.879687
0.872164 0.360848
0.661996 0.133071
0.073107 0.95011
0.919856 0.788502
0.951294 0.937052
0.843168 0.551858
0.797221 0.832028
0.84441 0.500589
0.282447 0.986805
0.306114 0.88452
0.32784 0.166959
0.827109 0.378274
0.745793 0.557207
0.126507 0.62527
0.776656 0.976896
0.305098 0.365649
0.157556 0.386002
0.453251 0.76006
0.352498 0.438182
0.437605 0.508678
0.173131 0.208518
0.956156 0.592003
0.57388 0.770778
0.98516 0.653287
0.168375 0.518583
0.98475 0.855373
0.94015 0.997784
0.0240798 0.355493
0.810629 0.875487
0.383978 0.744978
0.981474 0.718485
0.718485 0.000401652
0.391813 0.26972
0.963332 0.617661
0.60976 0.716967
0.0948034 0.53097
0.808118 0.649146
0.215599 0.440398
0.401255 0.972692
0.829725 0.669681
0.996802 0.64961
0.383978 0.360522
0.899353 0.665418
0.395297 0.0948034
0.0852337 0.316676
0.0537245 0.337021
0.337021 0.340754
0.561047 0.302823
0.451973 0.629677
0.322912 0.2755
0.220484 0.475942
0.220707 0.770743
0.605567 0.327946
0.330531 0.0470357
0.0694185 0.0265197
0.635949 0.88654
0.88654 0.192269
0.00156174 0.386817
0.00340177 0.793617
0.999314 0.887708
0.0490177 0.134832
0.948825 0.731702
0.595769 0.00781915
0.0991785 0.445668
0.911084 0.912139
0.290537 0.503832
0.0559198 0.306688
0.281854 0.125993
0.287905 0.0904579
0.284054 0.548946
0.825696 0.153872
0.521556 0.838829
0.475642 0.521556
0.1966 0.164714
0.858415 0.528935
0.0664082 0.589851
0.0295736 0.548293
0.874187 0.869552
0.869552 0.155219
0.164714 0.587595
0.218209 0.908636
0.652972 0.178459
0.588198 0.88648
0.871042 0.287362
0.188412 0.906309
0.230977 0.143266
0.610039 0.366646
0.653892 0.0225773
0.00981258 0.66316
0.71045 0.947885
0.119995 0.812753
0.293503 0.661063
0.332104 0.978583
0.23371 0.195912
0.74285 0.649261
0.727161 0.250427
0.230977 0.143266
0.453251 0.447921
0.436417 0.77923
0.242392 0.74285
0.735805 0.0212642
0.453251 0.447921
0.348784 0.131979
0.668497 0.00660357
0.838089 0.3704
0.54996 0.0265197
0.85477 0.579452
0.913722 0.349726
0.934755 0.575498
0.575498 0.876481
0.885625 0.0237313
0.00781915 0.521556
0.751042 0.952475
0.932443 0.967084
0.215599 0.440398
0.431771 0.417387
0.977942 0.681846
0.562542 0.454053
0.250427 0.380561
0.363312 0.414901
0.255547 0.453251
0.890461 0.420233
0.784017 0.479247
0.484686 0.292788
0.292788 0.168131
0.729857 0.906092
0.447249 0.178875
0.0381458 0.338144
0.349637 0.3397
0.838478 0.172384
0.17503 0.129939
0.842829 0.812603
0.0367967 0.215809
0.334752 0.832161
0.305307 0.305299
0.308291 0.805942
0.844872 0.617661
0.609994 0.0370354
0.832407 0.136883
0.940148 0.871436
0.745793 0.557207
0.74059 0.00747922
0.391813 0.26972
0.650473 0.991527
0.998894 0.968374
0.476563 0.0619311
0.439862 0.60297
0.250427 0.380561
0.380561 0.0385068
0.597168 0.808374
0.699873 0.588251
0.870866 0.608041
0.704382 0.207939
0.955793 0.290706
0.322588 0.668012
0.843769 0.569997
0.569997 0.328304
0.553297 0.21946
0.1966 0.554806
0.709366 0.975787
0.536276 0.591827
0.501527 0.213975
0.165746 0.691168
0.71045 0.34486
0.355456 0.223157
0.366077 0.903181
0.932713 0.99624
0.434077 0.348669
0.348669 0.584537
0.280684 0.910986
0.717679 0.484235
0.322342 0.758707
0.540243 0.99769
0.506721 0.0104069
0.92636 0.306696
0.580296 0.457192
0.256775 0.156251
0.247244 0.705148
0.192731 0.302551
0.975173 0.808374
0.862438 0.763342
0.763342 0.295819
0.483153 0.278744
0.260981 0.265156
0.873072 0.0745016
0.508678 0.388638
0.913722 0.349726
0.613362 0.828963
0.788502 0.065733
0.0587843 0.491671
0.344347 0.977714
0.977714 0.258379
0.23371 0.195912
0.194632 0.0624314
0.687255 0.463991
0.298932 0.75582
0.75582 0.197333
0.0272396 0.882809
0.0900804 0.218209
0.206942 0.336534
0.534974 0.728615
0.920282 0.944996
0.88514 0.831029
0.830023 0.025491
0.288977 0.22909
0.712568 0.389992
0.383978 0.360522
0.342038 0.919856
0.906309 0.0468315
0.304788 0.419664
0.615797 0.119716
0.778563 0.00206045
0.751042 0.354846
0.756284 0.585875
0.144292 0.242327
0.049234 0.576575
0.59525 0.939239
0.930486 0.496005
0.220484 0.475942
0.0769543 0.660907
0.659967 0.66348
0.177012 0.413759
0.407051 0.342038
0.328978 0.0920204
0.917354 0.570916
0.570916 0.691051
0.700349 0.538898
0.1966 0.554806
0.745157 0.451812
0.629651 0.863038
0.863038 0.689007
0.690104 0.999063
0.999063 0.794533
0.913722 0.380561
0.122218 0.573606
0.57075 0.531254
0.531254 0.242327
0.00340177 0.336534
0.929069 0.154454
0.144292 0.242327
0.744978 0.61906
0.623476 0.434225
0.168672 0.984168
0.975173 0.771545
0.0358008 0.139483
0.143297 0.996259
0.990517 0.0694822
0.0487981 0.535091
0.38494 0.454428
0.688532 0.115147
0.283528 0.201881
0.201881 0.00303017
0.322015 0.000190388
0.222152 0.511911
0.46444 0.99104
0.99104 0.470542
0.786027 0.331062
0.200688 0.416963
0.137963 0.717679
0.74285 0.649261
0.690987 0.751042
0.851078 0.390716
0.349726 0.01971
0.34153 0.199728
0.898025 0.57001
0.983643 0.405359
0.099903 0.416864
0.107572 0.627616
0.631086 0.131382
0.256737 0.964852
0.37475 0.979965
0.811269 0.788066
0.494196 0.323103
0.323103 0.529194
0.709366 0.424241
0.436417 0.0992551
0.147878 0.204198
0.199728 0.842829
0.331965 0.2907
0.2907 0.367535
0.297693 0.918453
0.918453 0.651123
0.64357 0.391813
0.784017 0.1966
0.1966 0.809686
0.660146 0.890671
0.572775 0.417217
0.476216 0.209279
0.17503 0.129939
0.881685 0.76006
0.752608 0.0900804
0.108078 0.0132315
0.679687 0.938064
0.394323 0.391177
0.387875 0.53097
0.693728 0.950976
0.474564 0.695378
0.569017 0.0016614
0.188871 0.749337
0.737761 0.857621
0.920744 0.231936
0.797221 0.76138
0.250427 0.836199
0.480853 0.24028
0.473241 0.659396
0.0543875 0.341151
0.503645 0.570374
0.567683 0.277546
0.77551 0.77923
0.671965 0.440321
0.453251 0.76006
0.71045 0.947885
0.551191 0.56214
0.0843061 0.558844
0.0260754 0.687407
0.687407 0.830865
0.66375 0.855982
0.0940595 0.345111
0.667027 0.0712501
0.422048 0.702492
0.498694 0.455784
0.611288 0.490767
0.213103 0.693865
0.0852893 0.999845
0.501536 0.657487
0.762968 0.243227
0.805062 0.975173
0.476504 0.307911
0.307911 0.19305
0.188347 0.713422
0.084577 0.763765
0.762365 0.674686
0.273678 0.582458
0.690257 0.403206
0.40284 0.143266
0.558259 0.730635
0.490067 0.108952
0.117699 0.431149
0.323045 0.705943
0.919856 0.841432
0.539101 0.922847
0.88514 0.720412
0.725707 0.593448
0.77923 0.395297
0.417596 0.766018
0.76138 0.423207
0.952475 0.706373
0.202965 0.304152
0.304152 0.731123
0.0104069 0.0759466
0.119995 0.812753
0.409048 0.611144
0.59237 0.306387
0.312503 0.598901
0.285258 0.695298
0.695298 0.719108
0.720412 0.0737117
0.747652 0.920377
0.920377 0.516131
0.654169 0.104045
0.0898024 0.849707
0.116767 0.442212
0.139499 0.393555
0.690987 0.751042
0.764225 0.929226
0.571424 0.225313
0.0832555 0.827055
0.779878 0.737761
0.703628 0.281854
0.409292 0.937934
0.776902 0.860688
0.846775 0.308164
0.280412 0.40284
0.417387 0.168375
0.476216 0.00165274
0.00248548 0.976388
0.976388 0.227887
0.570374 0.979965
0.246235 0.239643
0.0573461 0.642168
0.699859 0.881815
0.489349 0.952475
0.938064 0.634675
0.634675 0.623476
0.502211 0.24229
0.32231 0.216473
0.387885 0.574055
0.822436 0.215599
0.205634 0.659396
0.2159 0.72512
0.441028 0.842248
0.169829 0.654279
0.637408 0.303328
0.303328 0.940928
0.940928 0.517708
0.275789 0.621642
0.752608 0.0900804
0.0619311 0.210749
0.790247 0.0293101
0.00781915 0.842829
0.685188 0.710957
0.710957 0.595474
0.144916 0.820599
0.311553 0.242327
0.23656 0.00305546
0.00165274 0.49072
0.570374 0.979965
0.999595 0.44786
0.451973 0.629677
0.26972 0.533018
0.521583 0.316066
0.583053 0.491671
0.01971 0.106467
0.139058 0.488252
0.37475 0.642168
0.661996 0.133071
0.406841 0.205634
0.226298 0.627738
0.627738 0.546604
0.546604 0.121023
0.121023 0.924915
0.910315 0.613636
0.165746 0.691168
0.645227 0.77923
0.788915 0.913722
0.0999682 0.566742
0.566742 0.192089
0.387875 0.178142
0.720838 0.691168
0.65144 0.811611
0.828963 0.846775
0.844803 0.906309
0.805062 0.975173
0.982319 0.513354
0.195384 0.998894
0.996259 0.173614
0.165032 0.289376
0.295692 0.345732
0.345732 0.848765
0.545605 0.495089
0.508678 0.991379
0.65083 0.225023
0.225023 0.0905446
0.0905446 0.676525
0.659396 0.5388
0.588394 0.341959
0.659967 0.66348
0.312503 0.598901
0.217709 0.0429331
0.40284 0.77923
0.963332 0.13596
0.881685 0.76006
0.143297 0.871042
0.545605 0.654279
0.0759251 0.164714
0.123732 0.106467
0.129689 0.220108
0.354846 0.103937
0.126915 0.317133
0.997281 0.730225
0.01971 0.106467
0.0741501 0.298979
0.296299 0.00165274
0.506526 0.498771
0.368542 0.311553
0.304097 0.0548547
0.863134 0.331442
0.670797 0.0334464
0.437605 0.508678
0.540243 0.99769
0.997073 0.698929
0.250811 0.880069
0.446127 0.984482
0.984482 0.908869
0.903724 0.977942
0.0672854 0.935922
0.935922 0.889584
0.889584 0.0964823
0.305307 0.305299
0.318579 0.145548
0.145548 0.757536
0.757536 0.0420368
0.141224 0.0688736
0.0587843 0.427694
0.437605 0.558844
0.996319 0.305824
0.305824 0.445727
0.445727 0.68841
0.68841 0.228064
0.859936 0.947785
0.947785 0.551508
0.617661 0.763765
0.752608 0.490067
0.213536 0.587736
0.570374 0.582458
0.437605 0.981107
0.980929 0.43944
0.43944 0.223978
0.205634 0.659396
0.645227 0.77923
0.748275 0.9959
0.9959 0.10315
0.151151 0.196508
0.605238 0.577417
0.570031 0.954043
0.582458 0.622625
0.608041 0.250819
0.938064 0.0725412
0.0479504 0.612008
0.506721 0.0104069
0.00165274 0.608367
0.626511 0.177012
0.642168 0.261022
0.246235 0.239643
0.213606 0.968395
0.261022 0.423207
0.40284 0.00165274
0.375971 0.500856
0.623476 0.0686274
0.0428522 0.270461
0.947518 0.666436
0.652972 0.475642
0.957893 0.463206
0.41255 0.494696
0.360702 0.466777
0.512359 0.771545
0.747399 0.712205
0.704679 0.850055
0.841998 0.743533
0.409048 0.828916
0.346124 0.612369
0.623476 0.0686274
0.0803905 0.608367
0.60204 0.0941527
0.828963 0.326855
0.345998 0.689735
0.23371 0.306114
0.0458811 0.726781
0.342464 0.0816617
0.890857 0.542775
0.296307 0.0369954
0.809686 0.587595
0.123925 0.976146
0.681814 0.490067
0.711786 0.614517
0.998894 0.613362
0.0143076 0.642249
0.995999 0.859616
0.0159086 0.923573
0.667019 0.695307
0.482397 0.797221
0.274492 0.997797
0.975462 0.547887
0.679145 0.00866719
0.444303 0.955197
0.955197 0.324813
0.437949 0.243423
0.777802 0.125993
0.451973 0.915012
0.908636 0.469463
0.87481 0.936534
0.936534 0.429907
0.417387 0.0725412
0.0803905 0.093273
0.704679 0.78579
0.808115 0.5388
0.525772 0.169829
0.608041 0.250819
0.229961 0.545605
0.525772 0.557207
0.421135 0.0468315
0.0459907 0.0154801
0.0177872 0.250819
0.23886 0.988854
0.981107 0.935511
0.964273 0.392161
0.531374 0.872164
0.86812 0.0426016
0.0587843 0.427694
0.165032 0.289376
0.281365 0.76004
0.870811 0.902246
0.902246 0.310652
0.310652 0.461093
0.476713 0.417387
0.273678 0.582458
0.349726 0.254715
0.267291 0.0694822
0.103935 0.0648652
0.0803905 0.093273
0.108738 0.877886
0.881685 0.447921
0.872164 0.473329
0.169395 0.877141
0.538897 0.415595
0.418595 0.999038
0.981107 0.583053
0.744978 0.812603
0.47596 0.60573
0.608041 0.144916
0.477421 0.828963
0.0471322 0.11778
0.143266 0.360848
0.351346 0.768225
0.77923 0.395297
0.375943 0.148269
0.26286 0.884083
0.889006 0.236205
0.250427 0.836199
0.831919 0.548177
0.518583 0.0468315
0.0543468 0.37359
0.37359 0.566539
0.558844 0.388638
0.476994 0.13596
0.407051 0.89744
0.706585 0.564901
0.564901 0.338201
0.308291 0.805942
0.805062 0.104369
0.0976645 0.361559
0.341981 0.804795
0.816311 0.166795
0.169846 0.346124
0.0798672 0.271276
0.73076 0.164714
0.199728 0.109037
0.0995572 0.726209
0.737761 0.857621
0.822436 0.215599
0.545605 0.654279
0.654169 0.346124
0.336363 0.557784
0.5388 0.805942
0.788502 0.246235
0.227175 0.946656
0.946656 0.0331846
0.0331846 0.853471
0.885319 0.213199
0.333065 0.394869
0.395297 0.681814
0 0
